Australia, Life tables (period 1x10), Total	Last modified: 22 Mar 2022;  Methods Protocol: v6 (2017)

  Year          Age         mx       qx    ax      lx      dx      Lx       Tx     ex
1921-1929        0      0.05800  0.05556  0.24  100000    5556   95787  6254737  62.55
1921-1929        1      0.01051  0.01045  0.50   94444     987   93951  6158951  65.21
1921-1929        2      0.00444  0.00443  0.50   93457     414   93250  6065000  64.90
1921-1929        3      0.00312  0.00312  0.50   93043     290   92898  5971750  64.18
1921-1929        4      0.00237  0.00237  0.50   92753     220   92643  5878852  63.38
1921-1929        5      0.00194  0.00193  0.50   92533     179   92443  5786209  62.53
1921-1929        6      0.00179  0.00179  0.50   92354     165   92271  5693766  61.65
1921-1929        7      0.00161  0.00161  0.50   92189     148   92115  5601494  60.76
1921-1929        8      0.00140  0.00140  0.50   92041     129   91976  5509379  59.86
1921-1929        9      0.00124  0.00124  0.50   91912     114   91855  5417403  58.94
1921-1929       10      0.00123  0.00122  0.50   91797     112   91741  5325548  58.01
1921-1929       11      0.00121  0.00121  0.50   91685     111   91630  5233807  57.08
1921-1929       12      0.00119  0.00119  0.50   91574     109   91520  5142178  56.15
1921-1929       13      0.00127  0.00127  0.50   91465     116   91407  5050658  55.22
1921-1929       14      0.00146  0.00146  0.50   91349     134   91282  4959251  54.29
1921-1929       15      0.00153  0.00153  0.50   91215     140   91145  4867968  53.37
1921-1929       16      0.00176  0.00176  0.50   91076     160   90995  4776823  52.45
1921-1929       17      0.00194  0.00193  0.50   90915     176   90827  4685828  51.54
1921-1929       18      0.00213  0.00213  0.50   90740     193   90643  4595000  50.64
1921-1929       19      0.00253  0.00253  0.50   90546     229   90432  4504357  49.75
1921-1929       20      0.00252  0.00252  0.50   90318     228   90204  4413925  48.87
1921-1929       21      0.00276  0.00276  0.50   90090     248   89966  4323722  47.99
1921-1929       22      0.00285  0.00284  0.50   89842     256   89714  4233756  47.12
1921-1929       23      0.00300  0.00300  0.50   89586     269   89452  4144042  46.26
1921-1929       24      0.00318  0.00318  0.50   89318     284   89176  4054590  45.40
1921-1929       25      0.00317  0.00316  0.50   89034     282   88893  3965414  44.54
1921-1929       26      0.00329  0.00328  0.50   88752     291   88607  3876521  43.68
1921-1929       27      0.00323  0.00323  0.50   88461     286   88318  3787915  42.82
1921-1929       28      0.00353  0.00352  0.50   88175     311   88020  3699597  41.96
1921-1929       29      0.00352  0.00352  0.50   87864     309   87710  3611577  41.10
1921-1929       30      0.00371  0.00370  0.50   87555     324   87393  3523867  40.25
1921-1929       31      0.00336  0.00336  0.50   87231     293   87085  3436473  39.39
1921-1929       32      0.00386  0.00385  0.50   86939     335   86771  3349388  38.53
1921-1929       33      0.00393  0.00392  0.50   86604     339   86434  3262617  37.67
1921-1929       34      0.00415  0.00414  0.50   86265     357   86086  3176183  36.82
1921-1929       35      0.00448  0.00447  0.50   85908     384   85715  3090097  35.97
1921-1929       36      0.00454  0.00453  0.50   85523     388   85329  3004381  35.13
1921-1929       37      0.00451  0.00450  0.50   85136     383   84944  2919052  34.29
1921-1929       38      0.00536  0.00534  0.50   84752     453   84526  2834108  33.44
1921-1929       39      0.00523  0.00522  0.50   84299     440   84079  2749582  32.62
1921-1929       40      0.00572  0.00571  0.50   83859     478   83620  2665503  31.79
1921-1929       41      0.00498  0.00497  0.50   83381     414   83174  2581883  30.96
1921-1929       42      0.00644  0.00642  0.50   82966     533   82700  2498709  30.12
1921-1929       43      0.00607  0.00605  0.50   82434     499   82184  2416009  29.31
1921-1929       44      0.00639  0.00637  0.50   81935     522   81674  2333825  28.48
1921-1929       45      0.00781  0.00778  0.50   81413     633   81096  2252151  27.66
1921-1929       46      0.00714  0.00711  0.50   80779     575   80492  2171055  26.88
1921-1929       47      0.00788  0.00785  0.50   80205     629   79890  2090563  26.07
1921-1929       48      0.00882  0.00878  0.50   79576     698   79226  2010673  25.27
1921-1929       49      0.00899  0.00895  0.50   78877     706   78524  1931447  24.49
1921-1929       50      0.01088  0.01082  0.50   78171     846   77748  1852922  23.70
1921-1929       51      0.00871  0.00867  0.50   77325     670   76990  1775174  22.96
1921-1929       52      0.01163  0.01156  0.50   76655     886   76212  1698185  22.15
1921-1929       53      0.01163  0.01156  0.50   75769     876   75331  1621973  21.41
1921-1929       54      0.01285  0.01277  0.50   74893     956   74414  1546643  20.65
1921-1929       55      0.01280  0.01272  0.50   73936     940   73466  1472228  19.91
1921-1929       56      0.01519  0.01507  0.50   72996    1100   72446  1398762  19.16
1921-1929       57      0.01477  0.01466  0.50   71895    1054   71368  1326316  18.45
1921-1929       58      0.01757  0.01742  0.50   70841    1234   70224  1254948  17.71
1921-1929       59      0.01782  0.01766  0.50   69608    1229   68993  1184724  17.02
1921-1929       60      0.02224  0.02199  0.50   68378    1504   67626  1115731  16.32
1921-1929       61      0.01827  0.01811  0.50   66874    1211   66269  1048105  15.67
1921-1929       62      0.02343  0.02316  0.50   65663    1521   64903   981836  14.95
1921-1929       63      0.02691  0.02655  0.50   64142    1703   63291   916933  14.30
1921-1929       64      0.02867  0.02826  0.50   62439    1765   61557   853642  13.67
1921-1929       65      0.03494  0.03434  0.50   60675    2084   59633   792086  13.05
1921-1929       66      0.03092  0.03045  0.50   58591    1784   57699   732453  12.50
1921-1929       67      0.03561  0.03498  0.50   56807    1987   55813   674754  11.88
1921-1929       68      0.04070  0.03988  0.50   54820    2186   53726   618941  11.29
1921-1929       69      0.04114  0.04031  0.50   52633    2122   51572   565214  10.74
1921-1929       70      0.05021  0.04898  0.50   50512    2474   49275   513642  10.17
1921-1929       71      0.04418  0.04322  0.50   48038    2076   46999   464367   9.67
1921-1929       72      0.05802  0.05639  0.50   45961    2592   44665   417368   9.08
1921-1929       73      0.06477  0.06274  0.50   43370    2721   42009   372702   8.59
1921-1929       74      0.07087  0.06844  0.50   40649    2782   39258   330693   8.14
1921-1929       75      0.08137  0.07818  0.50   37867    2961   36386   291435   7.70
1921-1929       76      0.08837  0.08463  0.50   34906    2954   33429   255049   7.31
1921-1929       77      0.08563  0.08211  0.50   31952    2624   30640   221620   6.94
1921-1929       78      0.10784  0.10232  0.50   29328    3001   27828   190980   6.51
1921-1929       79      0.10787  0.10235  0.50   26328    2695   24980   163152   6.20
1921-1929       80      0.12404  0.11679  0.50   23633    2760   22253   138171   5.85
1921-1929       81      0.10866  0.10306  0.50   20873    2151   19797   115918   5.55
1921-1929       82      0.13757  0.12872  0.50   18722    2410   17517    96121   5.13
1921-1929       83      0.14701  0.13694  0.50   16312    2234   15195    78604   4.82
1921-1929       84      0.17637  0.16207  0.50   14078    2282   12937    63409   4.50
1921-1929       85      0.18771  0.17161  0.50   11796    2024   10784    50472   4.28
1921-1929       86      0.20935  0.18952  0.50    9772    1852    8846    39688   4.06
1921-1929       87      0.21893  0.19733  0.50    7920    1563    7139    30842   3.89
1921-1929       88      0.23070  0.20684  0.50    6357    1315    5700    23703   3.73
1921-1929       89      0.23276  0.20850  0.50    5042    1051    4517    18003   3.57
1921-1929       90      0.27525  0.24195  0.50    3991     966    3508    13487   3.38
1921-1929       91      0.23955  0.21393  0.50    3025     647    2702     9979   3.30
1921-1929       92      0.27173  0.23923  0.50    2378     569    2094     7277   3.06
1921-1929       93      0.29660  0.25830  0.50    1809     467    1576     5183   2.86
1921-1929       94      0.31213  0.26999  0.50    1342     362    1161     3608   2.69
1921-1929       95      0.35976  0.30491  0.50     980     299     830     2447   2.50
1921-1929       96      0.38226  0.32092  0.50     681     219     572     1617   2.37
1921-1929       97      0.40528  0.33699  0.50     462     156     384     1045   2.26
1921-1929       98      0.42871  0.35304  0.50     307     108     252      660   2.15
1921-1929       99      0.45247  0.36899  0.50     198      73     162      408   2.06
1921-1929      100      0.47642  0.38477  0.50     125      48     101      246   1.97
1921-1929      101      0.50047  0.40030  0.50      77      31      62      145   1.88
1921-1929      102      0.52449  0.41552  0.50      46      19      37       84   1.81
1921-1929      103      0.54837  0.43037  0.50      27      12      21       47   1.74
1921-1929      104      0.57199  0.44478  0.50      15       7      12       26   1.68
1921-1929      105      0.59525  0.45872  0.50       9       4       7       14   1.62
1921-1929      106      0.61804  0.47214  0.50       5       2       4        7   1.57
1921-1929      107      0.64029  0.48501  0.50       2       1       2        4   1.52
1921-1929      108      0.66189  0.49731  0.50       1       1       1        2   1.48
1921-1929      109      0.68279  0.50902  0.50       1       0       0        1   1.44
1921-1929      110+     0.70293  1.00000  1.42       0       0       0        0   1.42
1930-1939        0      0.04224  0.04083  0.19  100000    4083   96675  6533680  65.34
1930-1939        1      0.00695  0.00692  0.50   95917     664   95585  6437005  67.11
1930-1939        2      0.00356  0.00355  0.50   95253     338   95084  6341421  66.57
1930-1939        3      0.00253  0.00253  0.50   94914     240   94794  6246337  65.81
1930-1939        4      0.00201  0.00201  0.50   94674     190   94579  6151543  64.98
1930-1939        5      0.00171  0.00171  0.50   94484     162   94403  6056964  64.11
1930-1939        6      0.00153  0.00153  0.50   94322     145   94250  5962561  63.21
1930-1939        7      0.00130  0.00130  0.50   94178     122   94117  5868311  62.31
1930-1939        8      0.00117  0.00117  0.50   94055     110   94000  5774194  61.39
1930-1939        9      0.00105  0.00105  0.50   93945      99   93896  5680194  60.46
1930-1939       10      0.00100  0.00100  0.50   93847      93   93800  5586298  59.53
1930-1939       11      0.00097  0.00097  0.50   93753      91   93708  5492498  58.58
1930-1939       12      0.00101  0.00101  0.50   93662      95   93615  5398791  57.64
1930-1939       13      0.00109  0.00109  0.50   93567     102   93517  5305176  56.70
1930-1939       14      0.00118  0.00117  0.50   93466     110   93411  5211659  55.76
1930-1939       15      0.00127  0.00126  0.50   93356     118   93297  5118249  54.83
1930-1939       16      0.00139  0.00139  0.50   93238     129   93173  5024952  53.89
1930-1939       17      0.00151  0.00151  0.50   93108     140   93038  4931779  52.97
1930-1939       18      0.00177  0.00176  0.50   92968     164   92886  4838741  52.05
1930-1939       19      0.00203  0.00202  0.50   92804     188   92710  4745855  51.14
1930-1939       20      0.00205  0.00205  0.50   92616     190   92521  4653145  50.24
1930-1939       21      0.00217  0.00217  0.50   92426     201   92326  4560623  49.34
1930-1939       22      0.00223  0.00223  0.50   92226     206   92123  4468297  48.45
1930-1939       23      0.00230  0.00229  0.50   92020     211   91914  4376174  47.56
1930-1939       24      0.00242  0.00242  0.50   91809     222   91698  4284260  46.67
1930-1939       25      0.00242  0.00241  0.50   91587     221   91476  4192562  45.78
1930-1939       26      0.00255  0.00255  0.50   91366     233   91249  4101086  44.89
1930-1939       27      0.00255  0.00255  0.50   91133     232   91017  4009836  44.00
1930-1939       28      0.00272  0.00272  0.50   90901     247   90777  3918819  43.11
1930-1939       29      0.00272  0.00271  0.50   90654     246   90531  3828042  42.23
1930-1939       30      0.00275  0.00274  0.50   90408     248   90284  3737511  41.34
1930-1939       31      0.00261  0.00260  0.50   90160     235   90042  3647227  40.45
1930-1939       32      0.00307  0.00307  0.50   89925     276   89787  3557185  39.56
1930-1939       33      0.00299  0.00298  0.50   89649     267   89516  3467398  38.68
1930-1939       34      0.00318  0.00318  0.50   89382     284   89240  3377882  37.79
1930-1939       35      0.00347  0.00347  0.50   89098     309   88944  3288642  36.91
1930-1939       36      0.00357  0.00357  0.50   88789     317   88631  3199698  36.04
1930-1939       37      0.00355  0.00354  0.50   88473     313   88316  3111067  35.16
1930-1939       38      0.00420  0.00420  0.50   88159     370   87974  3022751  34.29
1930-1939       39      0.00421  0.00420  0.50   87789     369   87605  2934777  33.43
1930-1939       40      0.00439  0.00438  0.50   87421     383   87229  2847172  32.57
1930-1939       41      0.00407  0.00407  0.50   87037     354   86861  2759943  31.71
1930-1939       42      0.00531  0.00529  0.50   86684     459   86454  2673082  30.84
1930-1939       43      0.00493  0.00492  0.50   86225     424   86013  2586628  30.00
1930-1939       44      0.00529  0.00528  0.50   85801     453   85575  2500615  29.14
1930-1939       45      0.00619  0.00617  0.50   85348     527   85085  2415040  28.30
1930-1939       46      0.00617  0.00615  0.50   84821     522   84561  2329955  27.47
1930-1939       47      0.00666  0.00663  0.50   84300     559   84020  2245395  26.64
1930-1939       48      0.00740  0.00737  0.50   83741     617   83432  2161375  25.81
1930-1939       49      0.00816  0.00813  0.50   83123     676   82785  2077943  25.00
1930-1939       50      0.00894  0.00890  0.50   82447     734   82080  1995158  24.20
1930-1939       51      0.00812  0.00809  0.50   81713     661   81383  1913078  23.41
1930-1939       52      0.01033  0.01028  0.50   81053     833   80636  1831694  22.60
1930-1939       53      0.01097  0.01091  0.50   80219     875   79782  1751058  21.83
1930-1939       54      0.01198  0.01191  0.50   79344     945   78872  1671276  21.06
1930-1939       55      0.01184  0.01177  0.50   78400     923   77938  1592404  20.31
1930-1939       56      0.01384  0.01374  0.50   77477    1065   76944  1514466  19.55
1930-1939       57      0.01428  0.01418  0.50   76412    1083   75870  1437522  18.81
1930-1939       58      0.01652  0.01639  0.50   75329    1235   74711  1361651  18.08
1930-1939       59      0.01692  0.01678  0.50   74094    1243   73473  1286940  17.37
1930-1939       60      0.01959  0.01940  0.50   72851    1413   72145  1213467  16.66
1930-1939       61      0.01761  0.01746  0.50   71438    1247   70814  1141323  15.98
1930-1939       62      0.02262  0.02237  0.50   70191    1570   69406  1070508  15.25
1930-1939       63      0.02496  0.02465  0.50   68621    1692   67775  1001103  14.59
1930-1939       64      0.02709  0.02673  0.50   66929    1789   66035   933328  13.95
1930-1939       65      0.03147  0.03098  0.50   65140    2018   64131   867293  13.31
1930-1939       66      0.02998  0.02954  0.50   63122    1865   62190   803162  12.72
1930-1939       67      0.03460  0.03402  0.50   61257    2084   60216   740972  12.10
1930-1939       68      0.03861  0.03788  0.50   59174    2241   58053   680757  11.50
1930-1939       69      0.04122  0.04039  0.50   56932    2300   55783   622704  10.94
1930-1939       70      0.04681  0.04574  0.50   54633    2499   53383   566921  10.38
1930-1939       71      0.04374  0.04280  0.50   52134    2232   51018   513538   9.85
1930-1939       72      0.05647  0.05492  0.50   49902    2741   48532   462520   9.27
1930-1939       73      0.06124  0.05942  0.50   47162    2802   45760   413988   8.78
1930-1939       74      0.06910  0.06679  0.50   44359    2963   42878   368227   8.30
1930-1939       75      0.07735  0.07447  0.50   41396    3083   39855   325350   7.86
1930-1939       76      0.08314  0.07982  0.50   38314    3058   36785   285495   7.45
1930-1939       77      0.08605  0.08250  0.50   35255    2909   33801   248710   7.05
1930-1939       78      0.10095  0.09610  0.50   32347    3109   30793   214909   6.64
1930-1939       79      0.10740  0.10192  0.50   29238    2980   27748   184116   6.30
1930-1939       80      0.11365  0.10754  0.50   26258    2824   24846   156368   5.96
1930-1939       81      0.10728  0.10182  0.50   23434    2386   22241   131522   5.61
1930-1939       82      0.13609  0.12742  0.50   21048    2682   19707   109280   5.19
1930-1939       83      0.14885  0.13853  0.50   18366    2544   17094    89573   4.88
1930-1939       84      0.17229  0.15862  0.50   15822    2510   14567    72479   4.58
1930-1939       85      0.17720  0.16278  0.50   13312    2167   12229    57912   4.35
1930-1939       86      0.20233  0.18375  0.50   11145    2048   10121    45683   4.10
1930-1939       87      0.21100  0.19086  0.50    9097    1736    8229    35561   3.91
1930-1939       88      0.22269  0.20038  0.50    7361    1475    6624    27332   3.71
1930-1939       89      0.24103  0.21511  0.50    5886    1266    5253    20709   3.52
1930-1939       90      0.26392  0.23315  0.50    4620    1077    4081    15456   3.35
1930-1939       91      0.24541  0.21859  0.50    3543     774    3156    11374   3.21
1930-1939       92      0.28190  0.24707  0.50    2768     684    2426     8219   2.97
1930-1939       93      0.30392  0.26383  0.50    2084     550    1809     5792   2.78
1930-1939       94      0.32489  0.27949  0.50    1534     429    1320     3983   2.60
1930-1939       95      0.37258  0.31407  0.50    1106     347     932     2663   2.41
1930-1939       96      0.39746  0.33157  0.50     758     251     633     1731   2.28
1930-1939       97      0.42290  0.34909  0.50     507     177     418     1098   2.17
1930-1939       98      0.44876  0.36652  0.50     330     121     269      680   2.06
1930-1939       99      0.47489  0.38376  0.50     209      80     169      410   1.96
1930-1939      100      0.50114  0.40073  0.50     129      52     103      241   1.87
1930-1939      101      0.52736  0.41732  0.50      77      32      61      138   1.79
1930-1939      102      0.55340  0.43346  0.50      45      19      35       77   1.72
1930-1939      103      0.57911  0.44908  0.50      25      11      20       42   1.65
1930-1939      104      0.60435  0.46411  0.50      14       7      11       22   1.59
1930-1939      105      0.62899  0.47850  0.50       8       4       6       12   1.54
1930-1939      106      0.65291  0.49222  0.50       4       2       3        6   1.49
1930-1939      107      0.67601  0.50524  0.50       2       1       1        3   1.44
1930-1939      108      0.69822  0.51754  0.50       1       1       1        1   1.40
1930-1939      109      0.71945  0.52912  0.50       0       0       0        1   1.37
1930-1939      110+     0.73967  1.00000  1.35       0       0       0        0   1.35
1940-1949        0      0.03339  0.03247  0.15  100000    3247   97254  6753951  67.54
1940-1949        1      0.00417  0.00416  0.50   96753     403   96551  6656697  68.80
1940-1949        2      0.00221  0.00220  0.50   96350     212   96244  6560145  68.09
1940-1949        3      0.00163  0.00163  0.50   96138     156   96060  6463901  67.24
1940-1949        4      0.00138  0.00138  0.50   95981     133   95915  6367842  66.34
1940-1949        5      0.00124  0.00124  0.50   95849     119   95789  6271927  65.44
1940-1949        6      0.00107  0.00107  0.50   95730     103   95679  6176138  64.52
1940-1949        7      0.00097  0.00097  0.50   95627      93   95581  6080459  63.59
1940-1949        8      0.00080  0.00080  0.50   95534      77   95496  5984878  62.65
1940-1949        9      0.00083  0.00083  0.50   95458      79   95418  5889382  61.70
1940-1949       10      0.00078  0.00078  0.50   95379      75   95341  5793964  60.75
1940-1949       11      0.00078  0.00078  0.50   95304      74   95267  5698622  59.79
1940-1949       12      0.00083  0.00083  0.50   95230      79   95191  5603355  58.84
1940-1949       13      0.00078  0.00078  0.50   95151      74   95114  5508165  57.89
1940-1949       14      0.00088  0.00088  0.50   95077      84   95035  5413050  56.93
1940-1949       15      0.00096  0.00096  0.50   94993      92   94947  5318015  55.98
1940-1949       16      0.00114  0.00114  0.50   94902     108   94848  5223068  55.04
1940-1949       17      0.00114  0.00113  0.50   94794     108   94740  5128221  54.10
1940-1949       18      0.00129  0.00128  0.50   94686     122   94625  5033481  53.16
1940-1949       19      0.00131  0.00131  0.50   94564     124   94502  4938856  52.23
1940-1949       20      0.00136  0.00136  0.50   94441     128   94376  4844353  51.30
1940-1949       21      0.00135  0.00134  0.50   94312     127   94249  4749977  50.36
1940-1949       22      0.00146  0.00146  0.50   94186     137   94117  4655728  49.43
1940-1949       23      0.00153  0.00153  0.50   94048     144   93976  4561611  48.50
1940-1949       24      0.00156  0.00156  0.50   93904     146   93831  4467634  47.58
1940-1949       25      0.00155  0.00155  0.50   93758     145   93685  4373803  46.65
1940-1949       26      0.00162  0.00162  0.50   93613     152   93537  4280118  45.72
1940-1949       27      0.00165  0.00165  0.50   93461     154   93384  4186581  44.79
1940-1949       28      0.00174  0.00174  0.50   93307     162   93226  4093196  43.87
1940-1949       29      0.00185  0.00185  0.50   93145     172   93059  3999970  42.94
1940-1949       30      0.00186  0.00185  0.50   92973     172   92887  3906911  42.02
1940-1949       31      0.00187  0.00187  0.50   92801     173   92714  3814024  41.10
1940-1949       32      0.00205  0.00205  0.50   92627     190   92532  3721310  40.18
1940-1949       33      0.00205  0.00205  0.50   92437     189   92343  3628778  39.26
1940-1949       34      0.00224  0.00224  0.50   92248     207   92145  3536435  38.34
1940-1949       35      0.00236  0.00236  0.50   92041     217   91933  3444291  37.42
1940-1949       36      0.00256  0.00256  0.50   91824     235   91707  3352358  36.51
1940-1949       37      0.00265  0.00264  0.50   91589     242   91468  3260651  35.60
1940-1949       38      0.00303  0.00302  0.50   91347     276   91209  3169183  34.69
1940-1949       39      0.00308  0.00307  0.50   91071     280   90931  3077974  33.80
1940-1949       40      0.00335  0.00334  0.50   90791     303   90639  2987043  32.90
1940-1949       41      0.00344  0.00344  0.50   90488     311   90332  2896404  32.01
1940-1949       42      0.00402  0.00402  0.50   90177     362   89996  2806071  31.12
1940-1949       43      0.00417  0.00416  0.50   89815     374   89628  2716075  30.24
1940-1949       44      0.00459  0.00458  0.50   89441     409   89236  2626448  29.37
1940-1949       45      0.00518  0.00517  0.50   89031     460   88801  2537211  28.50
1940-1949       46      0.00538  0.00537  0.50   88571     475   88334  2448410  27.64
1940-1949       47      0.00597  0.00595  0.50   88096     525   87834  2360076  26.79
1940-1949       48      0.00679  0.00676  0.50   87572     592   87275  2272242  25.95
1940-1949       49      0.00741  0.00738  0.50   86979     642   86658  2184967  25.12
1940-1949       50      0.00785  0.00782  0.50   86337     675   86000  2098309  24.30
1940-1949       51      0.00803  0.00800  0.50   85662     685   85319  2012309  23.49
1940-1949       52      0.00968  0.00963  0.50   84977     818   84568  1926990  22.68
1940-1949       53      0.01044  0.01038  0.50   84158     874   83721  1842422  21.89
1940-1949       54      0.01140  0.01133  0.50   83285     944   82813  1758701  21.12
1940-1949       55      0.01134  0.01128  0.50   82341     929   81876  1675888  20.35
1940-1949       56      0.01321  0.01313  0.50   81412    1069   80878  1594012  19.58
1940-1949       57      0.01375  0.01366  0.50   80343    1097   79795  1513134  18.83
1940-1949       58      0.01609  0.01596  0.50   79246    1265   78614  1433340  18.09
1940-1949       59      0.01699  0.01685  0.50   77981    1314   77324  1354726  17.37
1940-1949       60      0.01900  0.01882  0.50   76667    1443   75946  1277402  16.66
1940-1949       61      0.01839  0.01822  0.50   75224    1371   74539  1201456  15.97
1940-1949       62      0.02272  0.02246  0.50   73854    1659   73024  1126918  15.26
1940-1949       63      0.02519  0.02488  0.50   72195    1796   71296  1053893  14.60
1940-1949       64      0.02716  0.02680  0.50   70398    1887   69455   982597  13.96
1940-1949       65      0.03094  0.03047  0.50   68512    2087   67468   913142  13.33
1940-1949       66      0.03011  0.02966  0.50   66424    1970   65439   845674  12.73
1940-1949       67      0.03420  0.03362  0.50   64454    2167   63370   780235  12.11
1940-1949       68      0.03873  0.03800  0.50   62287    2367   61103   716865  11.51
1940-1949       69      0.04162  0.04077  0.50   59920    2443   58698   655762  10.94
1940-1949       70      0.04766  0.04655  0.50   57477    2675   56139   597063  10.39
1940-1949       71      0.04410  0.04315  0.50   54802    2365   53619   540924   9.87
1940-1949       72      0.05538  0.05389  0.50   52437    2826   51024   487305   9.29
1940-1949       73      0.06228  0.06040  0.50   49611    2996   48113   436281   8.79
1940-1949       74      0.06815  0.06590  0.50   46615    3072   45079   388168   8.33
1940-1949       75      0.07416  0.07151  0.50   43543    3114   41986   343089   7.88
1940-1949       76      0.08267  0.07939  0.50   40429    3210   38824   301104   7.45
1940-1949       77      0.08481  0.08136  0.50   37219    3028   35705   262280   7.05
1940-1949       78      0.09985  0.09510  0.50   34191    3252   32565   226574   6.63
1940-1949       79      0.10655  0.10116  0.50   30939    3130   29375   194009   6.27
1940-1949       80      0.11339  0.10731  0.50   27810    2984   26318   164635   5.92
1940-1949       81      0.10917  0.10352  0.50   24825    2570   23540   138317   5.57
1940-1949       82      0.13381  0.12542  0.50   22256    2791   20860   114777   5.16
1940-1949       83      0.14925  0.13889  0.50   19464    2703   18113    93917   4.83
1940-1949       84      0.17023  0.15688  0.50   16761    2629   15446    75804   4.52
1940-1949       85      0.18192  0.16675  0.50   14131    2356   12953    60358   4.27
1940-1949       86      0.20388  0.18502  0.50   11775    2179   10686    47405   4.03
1940-1949       87      0.21191  0.19160  0.50    9596    1839    8677    36719   3.83
1940-1949       88      0.22597  0.20303  0.50    7758    1575    6970    28042   3.61
1940-1949       89      0.24534  0.21853  0.50    6183    1351    5507    21072   3.41
1940-1949       90      0.26577  0.23460  0.50    4832    1133    4265    15565   3.22
1940-1949       91      0.26204  0.23168  0.50    3698     857    3270    11300   3.06
1940-1949       92      0.29745  0.25894  0.50    2841     736    2473     8030   2.83
1940-1949       93      0.33041  0.28357  0.50    2106     597    1807     5557   2.64
1940-1949       94      0.34434  0.29377  0.50    1509     443    1287     3750   2.49
1940-1949       95      0.38976  0.32619  0.50    1065     348     892     2463   2.31
1940-1949       96      0.41618  0.34449  0.50     718     247     594     1571   2.19
1940-1949       97      0.44312  0.36275  0.50     471     171     385      977   2.08
1940-1949       98      0.47042  0.38084  0.50     300     114     243      592   1.97
1940-1949       99      0.49793  0.39867  0.50     186      74     149      349   1.88
1940-1949      100      0.52547  0.41614  0.50     112      46      88      200   1.79
1940-1949      101      0.55289  0.43315  0.50      65      28      51      112   1.72
1940-1949      102      0.58002  0.44963  0.50      37      17      29       61   1.65
1940-1949      103      0.60670  0.46549  0.50      20       9      16       32   1.58
1940-1949      104      0.63279  0.48070  0.50      11       5       8       17   1.52
1940-1949      105      0.65814  0.49519  0.50       6       3       4        8   1.47
1940-1949      106      0.68264  0.50893  0.50       3       1       2        4   1.42
1940-1949      107      0.70620  0.52191  0.50       1       1       1        2   1.38
1940-1949      108      0.72872  0.53411  0.50       1       0       0        1   1.35
1940-1949      109      0.75014  0.54553  0.50       0       0       0        0   1.32
1940-1949      110+     0.77043  1.00000  1.30       0       0       0        0   1.30
1950-1959        0      0.02316  0.02269  0.12  100000    2269   97999  6984535  69.85
1950-1959        1      0.00249  0.00249  0.50   97731     243   97609  6886536  70.46
1950-1959        2      0.00146  0.00146  0.50   97487     142   97416  6788927  69.64
1950-1959        3      0.00100  0.00100  0.50   97345      97   97296  6691511  68.74
1950-1959        4      0.00082  0.00082  0.50   97248      80   97208  6594215  67.81
1950-1959        5      0.00065  0.00065  0.50   97168      64   97136  6497007  66.86
1950-1959        6      0.00063  0.00063  0.50   97105      61   97074  6399870  65.91
1950-1959        7      0.00056  0.00056  0.50   97044      55   97016  6302796  64.95
1950-1959        8      0.00051  0.00051  0.50   96989      49   96964  6205780  63.98
1950-1959        9      0.00045  0.00045  0.50   96940      44   96918  6108815  63.02
1950-1959       10      0.00048  0.00048  0.50   96896      46   96873  6011898  62.04
1950-1959       11      0.00046  0.00046  0.50   96850      44   96827  5915025  61.07
1950-1959       12      0.00047  0.00047  0.50   96805      45   96783  5818197  60.10
1950-1959       13      0.00050  0.00050  0.50   96760      49   96735  5721415  59.13
1950-1959       14      0.00059  0.00059  0.50   96711      57   96683  5624679  58.16
1950-1959       15      0.00073  0.00073  0.50   96654      71   96619  5527997  57.19
1950-1959       16      0.00081  0.00081  0.50   96584      79   96544  5431378  56.24
1950-1959       17      0.00105  0.00105  0.50   96505     101   96454  5334834  55.28
1950-1959       18      0.00125  0.00125  0.50   96404     120   96344  5238379  54.34
1950-1959       19      0.00130  0.00130  0.50   96284     125   96221  5142036  53.41
1950-1959       20      0.00131  0.00131  0.50   96159     126   96096  5045815  52.47
1950-1959       21      0.00143  0.00143  0.50   96033     137   95964  4949719  51.54
1950-1959       22      0.00133  0.00133  0.50   95896     128   95832  4853754  50.61
1950-1959       23      0.00124  0.00124  0.50   95768     119   95709  4757922  49.68
1950-1959       24      0.00132  0.00132  0.50   95650     126   95587  4662213  48.74
1950-1959       25      0.00126  0.00126  0.50   95524     120   95463  4566627  47.81
1950-1959       26      0.00126  0.00126  0.50   95403     120   95343  4471163  46.87
1950-1959       27      0.00126  0.00126  0.50   95283     120   95223  4375820  45.92
1950-1959       28      0.00132  0.00131  0.50   95163     125   95100  4280598  44.98
1950-1959       29      0.00128  0.00128  0.50   95038     122   94977  4185497  44.04
1950-1959       30      0.00138  0.00138  0.50   94916     131   94850  4090521  43.10
1950-1959       31      0.00137  0.00137  0.50   94785     130   94720  3995671  42.16
1950-1959       32      0.00160  0.00159  0.50   94655     151   94579  3900951  41.21
1950-1959       33      0.00151  0.00151  0.50   94504     143   94433  3806372  40.28
1950-1959       34      0.00171  0.00171  0.50   94361     162   94281  3711939  39.34
1950-1959       35      0.00177  0.00176  0.50   94200     166   94117  3617658  38.40
1950-1959       36      0.00188  0.00188  0.50   94034     177   93945  3523542  37.47
1950-1959       37      0.00204  0.00204  0.50   93857     191   93761  3429597  36.54
1950-1959       38      0.00228  0.00228  0.50   93665     214   93559  3335836  35.61
1950-1959       39      0.00251  0.00251  0.50   93452     234   93335  3242277  34.69
1950-1959       40      0.00264  0.00264  0.50   93218     246   93095  3148942  33.78
1950-1959       41      0.00269  0.00269  0.50   92972     250   92847  3055848  32.87
1950-1959       42      0.00359  0.00358  0.50   92722     332   92556  2963001  31.96
1950-1959       43      0.00337  0.00337  0.50   92390     311   92234  2870445  31.07
1950-1959       44      0.00350  0.00350  0.50   92079     322   91918  2778211  30.17
1950-1959       45      0.00424  0.00423  0.50   91757     388   91562  2686294  29.28
1950-1959       46      0.00460  0.00459  0.50   91368     419   91159  2594731  28.40
1950-1959       47      0.00508  0.00506  0.50   90949     460   90719  2503573  27.53
1950-1959       48      0.00569  0.00567  0.50   90488     513   90232  2412854  26.66
1950-1959       49      0.00652  0.00650  0.50   89975     585   89683  2322622  25.81
1950-1959       50      0.00703  0.00701  0.50   89391     627   89077  2232939  24.98
1950-1959       51      0.00709  0.00706  0.50   88764     627   88451  2143862  24.15
1950-1959       52      0.00852  0.00849  0.50   88137     748   87763  2055411  23.32
1950-1959       53      0.00935  0.00930  0.50   87389     813   86983  1967648  22.52
1950-1959       54      0.01029  0.01024  0.50   86576     886   86133  1880665  21.72
1950-1959       55      0.01030  0.01025  0.50   85690     878   85251  1794532  20.94
1950-1959       56      0.01208  0.01200  0.50   84812    1018   84303  1709282  20.15
1950-1959       57      0.01290  0.01281  0.50   83794    1074   83257  1624979  19.39
1950-1959       58      0.01488  0.01477  0.50   82720    1222   82109  1541722  18.64
1950-1959       59      0.01591  0.01579  0.50   81498    1287   80855  1459613  17.91
1950-1959       60      0.01694  0.01680  0.50   80211    1348   79538  1378759  17.19
1950-1959       61      0.01716  0.01701  0.50   78864    1342   78193  1299221  16.47
1950-1959       62      0.02077  0.02055  0.50   77522    1593   76725  1221028  15.75
1950-1959       63      0.02336  0.02309  0.50   75929    1753   75052  1144303  15.07
1950-1959       64      0.02529  0.02497  0.50   74175    1852   73249  1069251  14.42
1950-1959       65      0.02859  0.02819  0.50   72323    2039   71304   996002  13.77
1950-1959       66      0.02813  0.02774  0.50   70284    1950   69309   924698  13.16
1950-1959       67      0.03224  0.03173  0.50   68334    2168   67250   855389  12.52
1950-1959       68      0.03624  0.03560  0.50   66167    2355   64989   788138  11.91
1950-1959       69      0.03887  0.03813  0.50   63811    2433   62595   723149  11.33
1950-1959       70      0.04270  0.04181  0.50   61378    2566   60095   660555  10.76
1950-1959       71      0.04292  0.04202  0.50   58812    2471   57576   600460  10.21
1950-1959       72      0.05233  0.05100  0.50   56341    2873   54904   542883   9.64
1950-1959       73      0.05842  0.05676  0.50   53468    3035   51950   487979   9.13
1950-1959       74      0.06492  0.06288  0.50   50433    3171   48847   436028   8.65
1950-1959       75      0.06960  0.06726  0.50   47262    3179   45672   387181   8.19
1950-1959       76      0.07742  0.07454  0.50   44083    3286   42440   341509   7.75
1950-1959       77      0.07823  0.07528  0.50   40797    3071   39261   299069   7.33
1950-1959       78      0.09391  0.08969  0.50   37725    3384   36034   259808   6.89
1950-1959       79      0.09981  0.09507  0.50   34342    3265   32709   223774   6.52
1950-1959       80      0.10502  0.09978  0.50   31077    3101   29527   191065   6.15
1950-1959       81      0.10401  0.09887  0.50   27976    2766   26593   161538   5.77
1950-1959       82      0.12499  0.11764  0.50   25210    2966   23727   134945   5.35
1950-1959       83      0.13982  0.13068  0.50   22245    2907   20791   111218   5.00
1950-1959       84      0.16154  0.14947  0.50   19338    2890   17892    90427   4.68
1950-1959       85      0.17050  0.15711  0.50   16447    2584   15155    72534   4.41
1950-1959       86      0.19535  0.17797  0.50   13863    2467   12630    57379   4.14
1950-1959       87      0.20177  0.18328  0.50   11396    2089   10352    44749   3.93
1950-1959       88      0.21778  0.19639  0.50    9307    1828    8393    34398   3.70
1950-1959       89      0.23990  0.21421  0.50    7479    1602    6678    26004   3.48
1950-1959       90      0.25844  0.22887  0.50    5877    1345    5205    19326   3.29
1950-1959       91      0.25185  0.22368  0.50    4532    1014    4025    14121   3.12
1950-1959       92      0.29101  0.25404  0.50    3518     894    3071    10096   2.87
1950-1959       93      0.32321  0.27824  0.50    2625     730    2259     7025   2.68
1950-1959       94      0.34301  0.29279  0.50    1894     555    1617     4765   2.52
1950-1959       95      0.38107  0.32009  0.50    1340     429    1125     3148   2.35
1950-1959       96      0.40798  0.33886  0.50     911     309     757     2023   2.22
1950-1959       97      0.43549  0.35762  0.50     602     215     495     1266   2.10
1950-1959       98      0.46343  0.37625  0.50     387     146     314      772   2.00
1950-1959       99      0.49163  0.39463  0.50     241      95     194      458   1.90
1950-1959      100      0.51992  0.41265  0.50     146      60     116      264   1.81
1950-1959      101      0.54811  0.43021  0.50      86      37      67      148   1.73
1950-1959      102      0.57603  0.44722  0.50      49      22      38       81   1.65
1950-1959      103      0.60350  0.46361  0.50      27      13      21       43   1.59
1950-1959      104      0.63036  0.47929  0.50      14       7      11       22   1.53
1950-1959      105      0.65646  0.49424  0.50       8       4       6       11   1.47
1950-1959      106      0.68168  0.50840  0.50       4       2       3        5   1.43
1950-1959      107      0.70590  0.52175  0.50       2       1       1        3   1.38
1950-1959      108      0.72903  0.53428  0.50       1       0       1        1   1.35
1950-1959      109      0.75101  0.54599  0.50       0       0       0        1   1.32
1950-1959      110+     0.77178  1.00000  1.30       0       0       0        0   1.30
1960-1969        0      0.01929  0.01897  0.11  100000    1897   98311  7086143  70.86
1960-1969        1      0.00164  0.00164  0.50   98103     161   98023  6987832  71.23
1960-1969        2      0.00095  0.00095  0.50   97943      93   97896  6889809  70.35
1960-1969        3      0.00073  0.00073  0.50   97849      71   97814  6791913  69.41
1960-1969        4      0.00060  0.00060  0.50   97778      59   97749  6694099  68.46
1960-1969        5      0.00051  0.00051  0.50   97720      50   97695  6596350  67.50
1960-1969        6      0.00047  0.00047  0.50   97670      46   97647  6498655  66.54
1960-1969        7      0.00041  0.00041  0.50   97624      40   97604  6401008  65.57
1960-1969        8      0.00037  0.00037  0.50   97584      36   97566  6303404  64.59
1960-1969        9      0.00037  0.00037  0.50   97548      36   97530  6205839  63.62
1960-1969       10      0.00032  0.00032  0.50   97512      32   97497  6108309  62.64
1960-1969       11      0.00034  0.00034  0.50   97481      33   97464  6010812  61.66
1960-1969       12      0.00039  0.00039  0.50   97448      38   97429  5913348  60.68
1960-1969       13      0.00041  0.00041  0.50   97410      40   97390  5815919  59.71
1960-1969       14      0.00046  0.00046  0.50   97370      45   97347  5718529  58.73
1960-1969       15      0.00054  0.00054  0.50   97325      52   97298  5621182  57.76
1960-1969       16      0.00071  0.00071  0.50   97272      69   97238  5523884  56.79
1960-1969       17      0.00098  0.00098  0.50   97203      95   97155  5426646  55.83
1960-1969       18      0.00116  0.00116  0.50   97107     113   97051  5329491  54.88
1960-1969       19      0.00127  0.00127  0.50   96994     123   96933  5232440  53.95
1960-1969       20      0.00123  0.00123  0.50   96871     120   96811  5135508  53.01
1960-1969       21      0.00124  0.00124  0.50   96752     120   96692  5038696  52.08
1960-1969       22      0.00115  0.00115  0.50   96632     111   96576  4942004  51.14
1960-1969       23      0.00111  0.00111  0.50   96521     107   96467  4845428  50.20
1960-1969       24      0.00106  0.00106  0.50   96413     102   96362  4748961  49.26
1960-1969       25      0.00104  0.00104  0.50   96311     100   96261  4652599  48.31
1960-1969       26      0.00105  0.00105  0.50   96211     101   96161  4556338  47.36
1960-1969       27      0.00108  0.00108  0.50   96110     104   96058  4460177  46.41
1960-1969       28      0.00113  0.00113  0.50   96007     108   95952  4364119  45.46
1960-1969       29      0.00117  0.00117  0.50   95898     112   95842  4268166  44.51
1960-1969       30      0.00117  0.00117  0.50   95786     112   95730  4172324  43.56
1960-1969       31      0.00119  0.00119  0.50   95674     114   95618  4076594  42.61
1960-1969       32      0.00129  0.00129  0.50   95561     123   95499  3980976  41.66
1960-1969       33      0.00143  0.00143  0.50   95438     136   95369  3885477  40.71
1960-1969       34      0.00154  0.00154  0.50   95301     146   95228  3790108  39.77
1960-1969       35      0.00164  0.00164  0.50   95155     156   95077  3694880  38.83
1960-1969       36      0.00176  0.00176  0.50   94999     167   94915  3599803  37.89
1960-1969       37      0.00188  0.00188  0.50   94832     178   94743  3504887  36.96
1960-1969       38      0.00206  0.00206  0.50   94654     195   94556  3410145  36.03
1960-1969       39      0.00236  0.00236  0.50   94459     223   94347  3315589  35.10
1960-1969       40      0.00251  0.00251  0.50   94236     236   94118  3221241  34.18
1960-1969       41      0.00263  0.00262  0.50   94000     247   93876  3127123  33.27
1960-1969       42      0.00325  0.00325  0.50   93753     304   93601  3033247  32.35
1960-1969       43      0.00339  0.00338  0.50   93448     316   93290  2939647  31.46
1960-1969       44      0.00351  0.00350  0.50   93132     326   92969  2846356  30.56
1960-1969       45      0.00398  0.00397  0.50   92806     368   92622  2753387  29.67
1960-1969       46      0.00436  0.00435  0.50   92438     402   92237  2660765  28.78
1960-1969       47      0.00492  0.00491  0.50   92036     452   91810  2568528  27.91
1960-1969       48      0.00558  0.00557  0.50   91584     510   91329  2476718  27.04
1960-1969       49      0.00611  0.00609  0.50   91074     555   90797  2385389  26.19
1960-1969       50      0.00659  0.00656  0.50   90520     594   90223  2294592  25.35
1960-1969       51      0.00682  0.00680  0.50   89926     611   89620  2204369  24.51
1960-1969       52      0.00809  0.00806  0.50   89314     720   88955  2114749  23.68
1960-1969       53      0.00890  0.00886  0.50   88595     785   88202  2025794  22.87
1960-1969       54      0.01012  0.01006  0.50   87809     884   87368  1937592  22.07
1960-1969       55      0.01008  0.01002  0.50   86926     871   86490  1850225  21.29
1960-1969       56      0.01177  0.01170  0.50   86054    1007   85551  1763735  20.50
1960-1969       57      0.01256  0.01248  0.50   85048    1061   84517  1678184  19.73
1960-1969       58      0.01429  0.01419  0.50   83986    1192   83390  1593667  18.98
1960-1969       59      0.01574  0.01562  0.50   82794    1293   82148  1510277  18.24
1960-1969       60      0.01700  0.01686  0.50   81502    1374   80815  1428128  17.52
1960-1969       61      0.01769  0.01754  0.50   80128    1405   79425  1347314  16.81
1960-1969       62      0.02082  0.02060  0.50   78722    1622   77912  1267889  16.11
1960-1969       63      0.02261  0.02236  0.50   77101    1724   76239  1189977  15.43
1960-1969       64      0.02464  0.02434  0.50   75377    1834   74460  1113739  14.78
1960-1969       65      0.02735  0.02698  0.50   73542    1984   72550  1039279  14.13
1960-1969       66      0.02731  0.02694  0.50   71558    1928   70594   966729  13.51
1960-1969       67      0.03149  0.03100  0.50   69630    2159   68551   896135  12.87
1960-1969       68      0.03472  0.03412  0.50   67471    2302   66320   827584  12.27
1960-1969       69      0.03758  0.03688  0.50   65169    2404   63967   761264  11.68
1960-1969       70      0.04085  0.04003  0.50   62765    2513   61509   697297  11.11
1960-1969       71      0.04126  0.04043  0.50   60253    2436   59035   635789  10.55
1960-1969       72      0.04991  0.04869  0.50   57817    2815   56409   576754   9.98
1960-1969       73      0.05598  0.05445  0.50   55001    2995   53504   520345   9.46
1960-1969       74      0.06133  0.05950  0.50   52006    3094   50459   466841   8.98
1960-1969       75      0.06633  0.06420  0.50   48912    3140   47342   416382   8.51
1960-1969       76      0.07294  0.07037  0.50   45772    3221   44161   369040   8.06
1960-1969       77      0.07462  0.07194  0.50   42551    3061   41020   324879   7.64
1960-1969       78      0.08770  0.08401  0.50   39490    3318   37831   283858   7.19
1960-1969       79      0.09515  0.09083  0.50   36172    3285   34529   246027   6.80
1960-1969       80      0.09902  0.09435  0.50   32887    3103   31335   211498   6.43
1960-1969       81      0.10089  0.09605  0.50   29784    2861   28354   180163   6.05
1960-1969       82      0.11797  0.11140  0.50   26923    2999   25424   151809   5.64
1960-1969       83      0.13106  0.12300  0.50   23924    2943   22453   126385   5.28
1960-1969       84      0.14947  0.13908  0.50   20981    2918   19522   103933   4.95
1960-1969       85      0.15750  0.14600  0.50   18063    2637   16745    84411   4.67
1960-1969       86      0.17618  0.16192  0.50   15426    2498   14177    67666   4.39
1960-1969       87      0.18959  0.17317  0.50   12928    2239   11809    53489   4.14
1960-1969       88      0.20167  0.18320  0.50   10689    1958    9710    41680   3.90
1960-1969       89      0.21759  0.19624  0.50    8731    1713    7874    31970   3.66
1960-1969       90      0.24015  0.21440  0.50    7018    1505    6265    24096   3.43
1960-1969       91      0.24649  0.21944  0.50    5513    1210    4908    17830   3.23
1960-1969       92      0.27647  0.24289  0.50    4303    1045    3781    12922   3.00
1960-1969       93      0.30642  0.26571  0.50    3258     866    2825     9141   2.81
1960-1969       94      0.33280  0.28532  0.50    2392     683    2051     6316   2.64
1960-1969       95      0.35511  0.30157  0.50    1710     516    1452     4265   2.49
1960-1969       96      0.38073  0.31984  0.50    1194     382    1003     2813   2.36
1960-1969       97      0.40708  0.33823  0.50     812     275     675     1810   2.23
1960-1969       98      0.43402  0.35663  0.50     537     192     442     1135   2.11
1960-1969       99      0.46142  0.37492  0.50     346     130     281      693   2.00
1960-1969      100      0.48909  0.39299  0.50     216      85     174      412   1.91
1960-1969      101      0.51688  0.41073  0.50     131      54     104      239   1.82
1960-1969      102      0.54461  0.42805  0.50      77      33      61      134   1.74
1960-1969      103      0.57211  0.44486  0.50      44      20      34       74   1.67
1960-1969      104      0.59921  0.46107  0.50      25      11      19       39   1.60
1960-1969      105      0.62576  0.47663  0.50      13       6      10       20   1.54
1960-1969      106      0.65160  0.49148  0.50       7       3       5       10   1.49
1960-1969      107      0.67662  0.50558  0.50       4       2       3        5   1.44
1960-1969      108      0.70069  0.51890  0.50       2       1       1        2   1.40
1960-1969      109      0.72373  0.53142  0.50       1       0       1        1   1.36
1960-1969      110+     0.74566  1.00000  1.34       0       0       1        1   1.34
1970-1979        0      0.01508  0.01488  0.12  100000    1488   98688  7249458  72.49
1970-1979        1      0.00120  0.00120  0.50   98512     118   98453  7150770  72.59
1970-1979        2      0.00077  0.00077  0.50   98394      76   98356  7052316  71.67
1970-1979        3      0.00060  0.00060  0.50   98318      59   98288  6953961  70.73
1970-1979        4      0.00048  0.00048  0.50   98259      47   98236  6855672  69.77
1970-1979        5      0.00039  0.00039  0.50   98212      39   98193  6757437  68.80
1970-1979        6      0.00039  0.00039  0.50   98173      38   98154  6659244  67.83
1970-1979        7      0.00034  0.00034  0.50   98135      33   98118  6561090  66.86
1970-1979        8      0.00029  0.00029  0.50   98102      28   98088  6462971  65.88
1970-1979        9      0.00028  0.00028  0.50   98073      28   98059  6364884  64.90
1970-1979       10      0.00026  0.00026  0.50   98046      26   98033  6266824  63.92
1970-1979       11      0.00029  0.00029  0.50   98020      28   98006  6168792  62.93
1970-1979       12      0.00030  0.00030  0.50   97991      29   97977  6070786  61.95
1970-1979       13      0.00033  0.00033  0.50   97962      32   97946  5972809  60.97
1970-1979       14      0.00041  0.00041  0.50   97930      40   97910  5874863  59.99
1970-1979       15      0.00053  0.00053  0.50   97890      52   97864  5776953  59.01
1970-1979       16      0.00077  0.00077  0.50   97838      75   97800  5679089  58.05
1970-1979       17      0.00107  0.00107  0.50   97763     105   97710  5581289  57.09
1970-1979       18      0.00137  0.00137  0.50   97658     134   97591  5483578  56.15
1970-1979       19      0.00139  0.00139  0.50   97524     135   97456  5385987  55.23
1970-1979       20      0.00131  0.00131  0.50   97389     127   97325  5288531  54.30
1970-1979       21      0.00125  0.00125  0.50   97262     121   97201  5191206  53.37
1970-1979       22      0.00114  0.00114  0.50   97140     111   97085  5094005  52.44
1970-1979       23      0.00107  0.00107  0.50   97029     104   96978  4996920  51.50
1970-1979       24      0.00105  0.00105  0.50   96926     102   96875  4899943  50.55
1970-1979       25      0.00098  0.00098  0.50   96824      95   96777  4803068  49.61
1970-1979       26      0.00095  0.00095  0.50   96729      92   96683  4706291  48.65
1970-1979       27      0.00095  0.00095  0.50   96637      92   96591  4609608  47.70
1970-1979       28      0.00092  0.00091  0.50   96545      88   96501  4513017  46.75
1970-1979       29      0.00100  0.00100  0.50   96457      96   96409  4416515  45.79
1970-1979       30      0.00098  0.00098  0.50   96361      94   96314  4320106  44.83
1970-1979       31      0.00104  0.00104  0.50   96267     100   96217  4223792  43.88
1970-1979       32      0.00114  0.00114  0.50   96167     110   96112  4127576  42.92
1970-1979       33      0.00111  0.00111  0.50   96057     107   96004  4031464  41.97
1970-1979       34      0.00125  0.00125  0.50   95950     120   95890  3935460  41.02
1970-1979       35      0.00136  0.00136  0.50   95831     130   95765  3839570  40.07
1970-1979       36      0.00146  0.00146  0.50   95700     140   95630  3743804  39.12
1970-1979       37      0.00160  0.00160  0.50   95561     153   95484  3648174  38.18
1970-1979       38      0.00181  0.00181  0.50   95408     173   95321  3552690  37.24
1970-1979       39      0.00200  0.00200  0.50   95235     191   95140  3457368  36.30
1970-1979       40      0.00201  0.00201  0.50   95044     191   94949  3362229  35.38
1970-1979       41      0.00225  0.00224  0.50   94853     213   94747  3267280  34.45
1970-1979       42      0.00273  0.00272  0.50   94640     258   94511  3172534  33.52
1970-1979       43      0.00299  0.00299  0.50   94383     282   94242  3078022  32.61
1970-1979       44      0.00324  0.00324  0.50   94101     305   93948  2983781  31.71
1970-1979       45      0.00357  0.00357  0.50   93796     335   93629  2889832  30.81
1970-1979       46      0.00405  0.00404  0.50   93461     378   93272  2796204  29.92
1970-1979       47      0.00451  0.00450  0.50   93083     419   92874  2702931  29.04
1970-1979       48      0.00490  0.00489  0.50   92665     453   92438  2610057  28.17
1970-1979       49      0.00561  0.00559  0.50   92212     516   91954  2517619  27.30
1970-1979       50      0.00593  0.00592  0.50   91696     543   91425  2425665  26.45
1970-1979       51      0.00624  0.00623  0.50   91154     567   90870  2334240  25.61
1970-1979       52      0.00740  0.00737  0.50   90586     668   90252  2243370  24.77
1970-1979       53      0.00781  0.00778  0.50   89918     700   89568  2153118  23.95
1970-1979       54      0.00872  0.00868  0.50   89219     774   88831  2063550  23.13
1970-1979       55      0.00918  0.00914  0.50   88444     808   88040  1974718  22.33
1970-1979       56      0.01033  0.01027  0.50   87636     900   87186  1886678  21.53
1970-1979       57      0.01128  0.01122  0.50   86736     973   86249  1799492  20.75
1970-1979       58      0.01251  0.01243  0.50   85763    1066   85229  1713243  19.98
1970-1979       59      0.01392  0.01383  0.50   84696    1171   84111  1628014  19.22
1970-1979       60      0.01497  0.01486  0.50   83525    1241   82905  1543903  18.48
1970-1979       61      0.01557  0.01545  0.50   82284    1272   81648  1460999  17.76
1970-1979       62      0.01817  0.01801  0.50   81012    1459   80283  1379350  17.03
1970-1979       63      0.02001  0.01982  0.50   79553    1576   78765  1299067  16.33
1970-1979       64      0.02151  0.02128  0.50   77977    1659   77147  1220302  15.65
1970-1979       65      0.02381  0.02353  0.50   76318    1796   75420  1143155  14.98
1970-1979       66      0.02429  0.02400  0.50   74522    1789   73628  1067735  14.33
1970-1979       67      0.02810  0.02772  0.50   72733    2016   71726   994107  13.67
1970-1979       68      0.03033  0.02987  0.50   70718    2113   69661   922381  13.04
1970-1979       69      0.03404  0.03347  0.50   68605    2296   67457   852720  12.43
1970-1979       70      0.03625  0.03560  0.50   66309    2361   65129   785263  11.84
1970-1979       71      0.03811  0.03740  0.50   63948    2391   62753   720134  11.26
1970-1979       72      0.04435  0.04338  0.50   61557    2671   60222   657382  10.68
1970-1979       73      0.04844  0.04729  0.50   58886    2785   57494   597160  10.14
1970-1979       74      0.05339  0.05200  0.50   56101    2917   54643   539667   9.62
1970-1979       75      0.05867  0.05700  0.50   53184    3032   51668   485024   9.12
1970-1979       76      0.06411  0.06212  0.50   50153    3115   48595   433355   8.64
1970-1979       77      0.06682  0.06466  0.50   47037    3041   45517   384761   8.18
1970-1979       78      0.07686  0.07401  0.50   43996    3256   42368   339244   7.71
1970-1979       79      0.08374  0.08037  0.50   40740    3274   39103   296876   7.29
1970-1979       80      0.08892  0.08513  0.50   37465    3190   35871   257774   6.88
1970-1979       81      0.09330  0.08914  0.50   34276    3055   32748   221903   6.47
1970-1979       82      0.10774  0.10223  0.50   31220    3192   29625   189155   6.06
1970-1979       83      0.11908  0.11239  0.50   28029    3150   26454   159530   5.69
1970-1979       84      0.13302  0.12473  0.50   24879    3103   23327   133077   5.35
1970-1979       85      0.14261  0.13312  0.50   21775    2899   20326   109750   5.04
1970-1979       86      0.16133  0.14929  0.50   18877    2818   17468    89424   4.74
1970-1979       87      0.16837  0.15530  0.50   16059    2494   14812    71956   4.48
1970-1979       88      0.17996  0.16510  0.50   13565    2240   12445    57144   4.21
1970-1979       89      0.20401  0.18512  0.50   11325    2097   10277    44699   3.95
1970-1979       90      0.21379  0.19314  0.50    9229    1782    8337    34422   3.73
1970-1979       91      0.22577  0.20287  0.50    7446    1511    6691    26085   3.50
1970-1979       92      0.25075  0.22281  0.50    5936    1323    5274    19394   3.27
1970-1979       93      0.27409  0.24106  0.50    4613    1112    4057    14120   3.06
1970-1979       94      0.29729  0.25882  0.50    3501     906    3048    10063   2.87
1970-1979       95      0.32228  0.27756  0.50    2595     720    2235     7015   2.70
1970-1979       96      0.34631  0.29520  0.50    1875     553    1598     4780   2.55
1970-1979       97      0.37123  0.31311  0.50    1321     414    1114     3182   2.41
1970-1979       98      0.39694  0.33120  0.50     908     301     757     2067   2.28
1970-1979       99      0.42331  0.34936  0.50     607     212     501     1310   2.16
1970-1979      100      0.45020  0.36748  0.50     395     145     322      809   2.05
1970-1979      101      0.47747  0.38545  0.50     250      96     202      487   1.95
1970-1979      102      0.50494  0.40316  0.50     154      62     123      285   1.86
1970-1979      103      0.53246  0.42051  0.50      92      39      72      163   1.77
1970-1979      104      0.55986  0.43741  0.50      53      23      41       90   1.70
1970-1979      105      0.58696  0.45378  0.50      30      14      23       49   1.63
1970-1979      106      0.61360  0.46955  0.50      16       8      12       26   1.57
1970-1979      107      0.63964  0.48464  0.50       9       4       7       13   1.51
1970-1979      108      0.66493  0.49903  0.50       4       2       3        7   1.47
1970-1979      109      0.68936  0.51266  0.50       2       1       2        3   1.43
1970-1979      110+     0.71282  1.00000  1.40       1       1       2        2   1.40
1980-1989        0      0.00951  0.00943  0.13  100000     943   99179  7553703  75.54
1980-1989        1      0.00076  0.00076  0.50   99057      75   99019  7454524  75.26
1980-1989        2      0.00051  0.00051  0.50   98982      51   98956  7355505  74.31
1980-1989        3      0.00040  0.00040  0.50   98931      39   98911  7256549  73.35
1980-1989        4      0.00031  0.00031  0.50   98892      31   98876  7157637  72.38
1980-1989        5      0.00026  0.00026  0.50   98861      26   98848  7058761  71.40
1980-1989        6      0.00025  0.00025  0.50   98835      25   98823  6959913  70.42
1980-1989        7      0.00023  0.00023  0.50   98810      23   98799  6861090  69.44
1980-1989        8      0.00021  0.00021  0.50   98788      21   98777  6762291  68.45
1980-1989        9      0.00019  0.00019  0.50   98767      19   98757  6663514  67.47
1980-1989       10      0.00022  0.00022  0.50   98748      21   98737  6564757  66.48
1980-1989       11      0.00020  0.00020  0.50   98726      20   98716  6466020  65.49
1980-1989       12      0.00022  0.00022  0.50   98707      21   98696  6367304  64.51
1980-1989       13      0.00026  0.00026  0.50   98685      26   98672  6268608  63.52
1980-1989       14      0.00030  0.00030  0.50   98659      29   98644  6169936  62.54
1980-1989       15      0.00039  0.00039  0.50   98630      38   98611  6071291  61.56
1980-1989       16      0.00055  0.00055  0.50   98592      55   98564  5972680  60.58
1980-1989       17      0.00082  0.00082  0.50   98537      80   98497  5874116  59.61
1980-1989       18      0.00103  0.00103  0.50   98457     101   98406  5775619  58.66
1980-1989       19      0.00107  0.00107  0.50   98355     105   98303  5677213  57.72
1980-1989       20      0.00108  0.00108  0.50   98251     106   98198  5578910  56.78
1980-1989       21      0.00103  0.00103  0.50   98145     101   98094  5480712  55.84
1980-1989       22      0.00102  0.00102  0.50   98043     100   97993  5382618  54.90
1980-1989       23      0.00096  0.00096  0.50   97943      94   97896  5284625  53.96
1980-1989       24      0.00099  0.00099  0.50   97849      97   97800  5186729  53.01
1980-1989       25      0.00094  0.00094  0.50   97752      92   97706  5088929  52.06
1980-1989       26      0.00093  0.00093  0.50   97660      91   97615  4991223  51.11
1980-1989       27      0.00092  0.00092  0.50   97569      90   97524  4893608  50.16
1980-1989       28      0.00092  0.00092  0.50   97479      90   97434  4796084  49.20
1980-1989       29      0.00092  0.00092  0.50   97390      90   97345  4698649  48.25
1980-1989       30      0.00087  0.00087  0.50   97300      85   97257  4601305  47.29
1980-1989       31      0.00092  0.00092  0.50   97215      89   97170  4504047  46.33
1980-1989       32      0.00092  0.00092  0.50   97126      89   97081  4406877  45.37
1980-1989       33      0.00098  0.00098  0.50   97036      95   96989  4309796  44.41
1980-1989       34      0.00100  0.00100  0.50   96941      97   96893  4212807  43.46
1980-1989       35      0.00105  0.00105  0.50   96844     102   96793  4115915  42.50
1980-1989       36      0.00105  0.00105  0.50   96742     102   96691  4019121  41.54
1980-1989       37      0.00116  0.00116  0.50   96640     112   96584  3922430  40.59
1980-1989       38      0.00124  0.00124  0.50   96528     119   96469  3825845  39.63
1980-1989       39      0.00143  0.00143  0.50   96409     138   96340  3729376  38.68
1980-1989       40      0.00149  0.00149  0.50   96272     144   96200  3633036  37.74
1980-1989       41      0.00158  0.00158  0.50   96128     152   96052  3536836  36.79
1980-1989       42      0.00186  0.00186  0.50   95976     178   95887  3440784  35.85
1980-1989       43      0.00211  0.00211  0.50   95798     202   95697  3344898  34.92
1980-1989       44      0.00223  0.00223  0.50   95596     213   95489  3249201  33.99
1980-1989       45      0.00246  0.00246  0.50   95383     235   95265  3153711  33.06
1980-1989       46      0.00287  0.00287  0.50   95148     273   95012  3058446  32.14
1980-1989       47      0.00306  0.00305  0.50   94875     290   94730  2963434  31.24
1980-1989       48      0.00335  0.00335  0.50   94585     316   94427  2868704  30.33
1980-1989       49      0.00378  0.00378  0.50   94269     356   94091  2774277  29.43
1980-1989       50      0.00436  0.00435  0.50   93913     409   93709  2680186  28.54
1980-1989       51      0.00455  0.00454  0.50   93504     424   93292  2586478  27.66
1980-1989       52      0.00531  0.00530  0.50   93080     493   92833  2493186  26.79
1980-1989       53      0.00592  0.00591  0.50   92586     547   92313  2400353  25.93
1980-1989       54      0.00642  0.00640  0.50   92040     589   91745  2308040  25.08
1980-1989       55      0.00698  0.00696  0.50   91450     636   91132  2216295  24.23
1980-1989       56      0.00776  0.00773  0.50   90814     702   90463  2125162  23.40
1980-1989       57      0.00865  0.00861  0.50   90112     776   89724  2034699  22.58
1980-1989       58      0.00962  0.00957  0.50   89336     855   88908  1944976  21.77
1980-1989       59      0.01066  0.01061  0.50   88481     939   88012  1856067  20.98
1980-1989       60      0.01134  0.01128  0.50   87542     987   87049  1768056  20.20
1980-1989       61      0.01204  0.01197  0.50   86555    1036   86037  1681007  19.42
1980-1989       62      0.01402  0.01392  0.50   85519    1190   84923  1594970  18.65
1980-1989       63      0.01516  0.01505  0.50   84328    1269   83694  1510047  17.91
1980-1989       64      0.01663  0.01650  0.50   83059    1370   82374  1426353  17.17
1980-1989       65      0.01829  0.01812  0.50   81689    1480   80949  1343979  16.45
1980-1989       66      0.01944  0.01926  0.50   80209    1544   79436  1263030  15.75
1980-1989       67      0.02210  0.02186  0.50   78664    1719   77805  1183594  15.05
1980-1989       68      0.02355  0.02328  0.50   76945    1791   76049  1105789  14.37
1980-1989       69      0.02696  0.02661  0.50   75154    2000   74154  1029740  13.70
1980-1989       70      0.02876  0.02836  0.50   73154    2074   72117   955586  13.06
1980-1989       71      0.03154  0.03105  0.50   71080    2207   69976   883469  12.43
1980-1989       72      0.03597  0.03534  0.50   68873    2434   67656   813493  11.81
1980-1989       73      0.03852  0.03779  0.50   66439    2511   65184   745837  11.23
1980-1989       74      0.04257  0.04168  0.50   63928    2665   62596   680653  10.65
1980-1989       75      0.04679  0.04572  0.50   61264    2801   59863   618058  10.09
1980-1989       76      0.05138  0.05010  0.50   58462    2929   56998   558195   9.55
1980-1989       77      0.05522  0.05374  0.50   55534    2984   54041   501197   9.03
1980-1989       78      0.06262  0.06072  0.50   52549    3191   50954   447155   8.51
1980-1989       79      0.06963  0.06729  0.50   49358    3321   47698   396202   8.03
1980-1989       80      0.07556  0.07281  0.50   46037    3352   44361   348504   7.57
1980-1989       81      0.08040  0.07729  0.50   42685    3299   41035   304143   7.13
1980-1989       82      0.09179  0.08777  0.50   39386    3457   37658   263107   6.68
1980-1989       83      0.10219  0.09722  0.50   35929    3493   34183   225450   6.27
1980-1989       84      0.11262  0.10662  0.50   32436    3458   30707   191267   5.90
1980-1989       85      0.12223  0.11519  0.50   28978    3338   27309   160560   5.54
1980-1989       86      0.13490  0.12638  0.50   25640    3240   24020   133252   5.20
1980-1989       87      0.14776  0.13759  0.50   22400    3082   20859   109232   4.88
1980-1989       88      0.15691  0.14549  0.50   19318    2811   17912    88373   4.57
1980-1989       89      0.17656  0.16224  0.50   16507    2678   15168    70461   4.27
1980-1989       90      0.18998  0.17350  0.50   13829    2399   12629    55293   4.00
1980-1989       91      0.20713  0.18769  0.50   11430    2145   10357    42664   3.73
1980-1989       92      0.23132  0.20734  0.50    9284    1925    8322    32307   3.48
1980-1989       93      0.25446  0.22574  0.50    7359    1661    6529    23985   3.26
1980-1989       94      0.27504  0.24179  0.50    5698    1378    5009    17456   3.06
1980-1989       95      0.29516  0.25720  0.50    4320    1111    3765    12447   2.88
1980-1989       96      0.31944  0.27544  0.50    3209     884    2767     8682   2.71
1980-1989       97      0.34484  0.29413  0.50    2325     684    1983     5915   2.54
1980-1989       98      0.37126  0.31313  0.50    1641     514    1384     3931   2.40
1980-1989       99      0.39857  0.33234  0.50    1127     375     940     2547   2.26
1980-1989      100      0.42662  0.35162  0.50     753     265     620     1607   2.14
1980-1989      101      0.45523  0.37083  0.50     488     181     398      987   2.02
1980-1989      102      0.48422  0.38984  0.50     307     120     247      589   1.92
1980-1989      103      0.51338  0.40852  0.50     187      77     149      342   1.83
1980-1989      104      0.54252  0.42676  0.50     111      47      87      193   1.74
1980-1989      105      0.57143  0.44445  0.50      64      28      49      106   1.66
1980-1989      106      0.59991  0.46148  0.50      35      16      27       56   1.60
1980-1989      107      0.62777  0.47780  0.50      19       9      14       29   1.54
1980-1989      108      0.65485  0.49332  0.50      10       5       7       15   1.48
1980-1989      109      0.68099  0.50801  0.50       5       3       4        7   1.44
1980-1989      110+     0.70607  1.00000  1.42       2       2       4        4   1.42
1990-1999        0      0.00616  0.00613  0.14  100000     613   99471  7816305  78.16
1990-1999        1      0.00057  0.00057  0.50   99387      57   99359  7716834  77.64
1990-1999        2      0.00036  0.00036  0.50   99330      36   99312  7617476  76.69
1990-1999        3      0.00028  0.00028  0.50   99295      27   99281  7518163  75.72
1990-1999        4      0.00022  0.00022  0.50   99267      22   99256  7418882  74.74
1990-1999        5      0.00017  0.00017  0.50   99245      17   99237  7319626  73.75
1990-1999        6      0.00016  0.00016  0.50   99228      16   99220  7220389  72.77
1990-1999        7      0.00015  0.00015  0.50   99213      15   99205  7121169  71.78
1990-1999        8      0.00015  0.00015  0.50   99197      15   99190  7021964  70.79
1990-1999        9      0.00014  0.00014  0.50   99182      14   99176  6922774  69.80
1990-1999       10      0.00015  0.00015  0.50   99169      14   99161  6823598  68.81
1990-1999       11      0.00014  0.00014  0.50   99154      14   99147  6724437  67.82
1990-1999       12      0.00015  0.00015  0.50   99140      15   99133  6625290  66.83
1990-1999       13      0.00019  0.00019  0.50   99125      18   99116  6526157  65.84
1990-1999       14      0.00026  0.00026  0.50   99107      26   99094  6427041  64.85
1990-1999       15      0.00032  0.00032  0.50   99081      32   99065  6327947  63.87
1990-1999       16      0.00044  0.00044  0.50   99049      43   99028  6228882  62.89
1990-1999       17      0.00059  0.00059  0.50   99006      58   98977  6129855  61.91
1990-1999       18      0.00078  0.00078  0.50   98948      77   98910  6030878  60.95
1990-1999       19      0.00079  0.00079  0.50   98871      78   98832  5931968  60.00
1990-1999       20      0.00082  0.00082  0.50   98793      81   98752  5833136  59.04
1990-1999       21      0.00082  0.00082  0.50   98712      81   98671  5734384  58.09
1990-1999       22      0.00083  0.00083  0.50   98631      82   98590  5635713  57.14
1990-1999       23      0.00086  0.00086  0.50   98549      84   98507  5537122  56.19
1990-1999       24      0.00081  0.00081  0.50   98465      79   98425  5438615  55.23
1990-1999       25      0.00082  0.00082  0.50   98386      81   98345  5340190  54.28
1990-1999       26      0.00090  0.00090  0.50   98305      88   98261  5241845  53.32
1990-1999       27      0.00085  0.00085  0.50   98217      83   98175  5143584  52.37
1990-1999       28      0.00084  0.00084  0.50   98134      82   98092  5045408  51.41
1990-1999       29      0.00088  0.00088  0.50   98051      87   98008  4947316  50.46
1990-1999       30      0.00093  0.00093  0.50   97965      91   97919  4849308  49.50
1990-1999       31      0.00094  0.00094  0.50   97874      92   97828  4751389  48.55
1990-1999       32      0.00098  0.00098  0.50   97782      96   97734  4653561  47.59
1990-1999       33      0.00095  0.00095  0.50   97686      93   97640  4555827  46.64
1990-1999       34      0.00101  0.00101  0.50   97593      99   97544  4458187  45.68
1990-1999       35      0.00105  0.00105  0.50   97495     103   97443  4360643  44.73
1990-1999       36      0.00110  0.00110  0.50   97392     107   97338  4263200  43.77
1990-1999       37      0.00111  0.00111  0.50   97285     108   97231  4165862  42.82
1990-1999       38      0.00117  0.00117  0.50   97176     114   97119  4068631  41.87
1990-1999       39      0.00124  0.00124  0.50   97062     120   97002  3971512  40.92
1990-1999       40      0.00130  0.00130  0.50   96942     126   96879  3874509  39.97
1990-1999       41      0.00144  0.00144  0.50   96816     139   96747  3777630  39.02
1990-1999       42      0.00150  0.00150  0.50   96677     145   96605  3680883  38.07
1990-1999       43      0.00163  0.00163  0.50   96532     157   96454  3584278  37.13
1990-1999       44      0.00175  0.00175  0.50   96375     168   96291  3487825  36.19
1990-1999       45      0.00188  0.00188  0.50   96207     181   96116  3391534  35.25
1990-1999       46      0.00208  0.00208  0.50   96026     200   95926  3295417  34.32
1990-1999       47      0.00224  0.00224  0.50   95826     214   95719  3199491  33.39
1990-1999       48      0.00245  0.00245  0.50   95612     234   95495  3103772  32.46
1990-1999       49      0.00271  0.00271  0.50   95377     259   95248  3008277  31.54
1990-1999       50      0.00308  0.00308  0.50   95119     293   94973  2913029  30.63
1990-1999       51      0.00333  0.00332  0.50   94826     315   94669  2818056  29.72
1990-1999       52      0.00369  0.00368  0.50   94511     348   94337  2723388  28.82
1990-1999       53      0.00410  0.00409  0.50   94163     385   93971  2629050  27.92
1990-1999       54      0.00444  0.00443  0.50   93778     415   93570  2535080  27.03
1990-1999       55      0.00494  0.00492  0.50   93363     460   93133  2441509  26.15
1990-1999       56      0.00542  0.00540  0.50   92903     502   92652  2348376  25.28
1990-1999       57      0.00617  0.00615  0.50   92401     569   92117  2255724  24.41
1990-1999       58      0.00678  0.00675  0.50   91832     620   91522  2163608  23.56
1990-1999       59      0.00761  0.00758  0.50   91212     691   90866  2072085  22.72
1990-1999       60      0.00835  0.00831  0.50   90521     753   90144  1981219  21.89
1990-1999       61      0.00931  0.00927  0.50   89768     832   89352  1891074  21.07
1990-1999       62      0.01034  0.01029  0.50   88936     915   88479  1801722  20.26
1990-1999       63      0.01160  0.01153  0.50   88021    1015   87514  1713244  19.46
1990-1999       64      0.01249  0.01241  0.50   87006    1080   86467  1625730  18.69
1990-1999       65      0.01388  0.01379  0.50   85927    1185   85334  1539263  17.91
1990-1999       66      0.01545  0.01533  0.50   84742    1299   84092  1453929  17.16
1990-1999       67      0.01708  0.01693  0.50   83443    1413   82737  1369836  16.42
1990-1999       68      0.01889  0.01872  0.50   82030    1535   81262  1287100  15.69
1990-1999       69      0.02062  0.02041  0.50   80495    1643   79673  1205838  14.98
1990-1999       70      0.02290  0.02264  0.50   78852    1785   77959  1126164  14.28
1990-1999       71      0.02497  0.02466  0.50   77066    1900   76116  1048206  13.60
1990-1999       72      0.02775  0.02737  0.50   75166    2057   74137   972090  12.93
1990-1999       73      0.03053  0.03007  0.50   73108    2199   72009   897953  12.28
1990-1999       74      0.03371  0.03315  0.50   70910    2351   69734   825944  11.65
1990-1999       75      0.03688  0.03621  0.50   68559    2483   67318   756210  11.03
1990-1999       76      0.04109  0.04027  0.50   66076    2661   64746   688892  10.43
1990-1999       77      0.04605  0.04502  0.50   63416    2855   61988   624146   9.84
1990-1999       78      0.05070  0.04945  0.50   60561    2995   59064   562158   9.28
1990-1999       79      0.05686  0.05529  0.50   57566    3183   55975   503094   8.74
1990-1999       80      0.06325  0.06131  0.50   54383    3334   52716   447119   8.22
1990-1999       81      0.06927  0.06695  0.50   51049    3418   49340   394403   7.73
1990-1999       82      0.07752  0.07463  0.50   47631    3555   45854   345063   7.24
1990-1999       83      0.08571  0.08219  0.50   44077    3623   42265   299209   6.79
1990-1999       84      0.09610  0.09169  0.50   40454    3709   38600   256944   6.35
1990-1999       85      0.10610  0.10075  0.50   36745    3702   34894   218344   5.94
1990-1999       86      0.11787  0.11131  0.50   33043    3678   31204   183451   5.55
1990-1999       87      0.13104  0.12298  0.50   29365    3611   27559   152247   5.18
1990-1999       88      0.14233  0.13288  0.50   25753    3422   24042   124688   4.84
1990-1999       89      0.15973  0.14791  0.50   22331    3303   20680   100646   4.51
1990-1999       90      0.17562  0.16144  0.50   19028    3072   17492    79966   4.20
1990-1999       91      0.19348  0.17642  0.50   15956    2815   14549    62474   3.92
1990-1999       92      0.21668  0.19550  0.50   13141    2569   11857    47925   3.65
1990-1999       93      0.23537  0.21059  0.50   10572    2226    9459    36068   3.41
1990-1999       94      0.25494  0.22611  0.50    8346    1887    7402    26609   3.19
1990-1999       95      0.28028  0.24583  0.50    6459    1588    5665    19207   2.97
1990-1999       96      0.30550  0.26502  0.50    4871    1291    4226    13542   2.78
1990-1999       97      0.33209  0.28480  0.50    3580    1020    3070     9317   2.60
1990-1999       98      0.35995  0.30505  0.50    2560     781    2170     6246   2.44
1990-1999       99      0.38892  0.32561  0.50    1779     579    1490     4076   2.29
1990-1999      100      0.41885  0.34632  0.50    1200     416     992     2587   2.16
1990-1999      101      0.44953  0.36703  0.50     784     288     640     1595   2.03
1990-1999      102      0.48073  0.38757  0.50     497     192     400      954   1.92
1990-1999      103      0.51220  0.40777  0.50     304     124     242      554   1.82
1990-1999      104      0.54369  0.42748  0.50     180      77     142      312   1.73
1990-1999      105      0.57494  0.44656  0.50     103      46      80      170   1.65
1990-1999      106      0.60569  0.46490  0.50      57      27      44       90   1.58
1990-1999      107      0.63571  0.48238  0.50      31      15      23       46   1.51
1990-1999      108      0.66478  0.49894  0.50      16       8      12       23   1.46
1990-1999      109      0.69271  0.51451  0.50       8       4       6       11   1.42
1990-1999      110+     0.71935  1.00000  1.39       4       4       5        5   1.39
2000-2009        0      0.00472  0.00470  0.14  100000     470   99595  8080559  80.81
2000-2009        1      0.00038  0.00038  0.50   99530      38   99511  7980964  80.19
2000-2009        2      0.00024  0.00024  0.50   99492      24   99480  7881453  79.22
2000-2009        3      0.00018  0.00018  0.50   99468      18   99459  7781973  78.24
2000-2009        4      0.00014  0.00014  0.50   99450      14   99443  7682515  77.25
2000-2009        5      0.00013  0.00013  0.50   99435      13   99429  7583072  76.26
2000-2009        6      0.00011  0.00011  0.50   99422      11   99416  7483643  75.27
2000-2009        7      0.00011  0.00011  0.50   99411      11   99405  7384227  74.28
2000-2009        8      0.00009  0.00009  0.50   99400       9   99396  7284821  73.29
2000-2009        9      0.00011  0.00011  0.50   99391      11   99386  7185426  72.29
2000-2009       10      0.00010  0.00010  0.50   99380       9   99376  7086040  71.30
2000-2009       11      0.00009  0.00009  0.50   99371       9   99366  6986665  70.31
2000-2009       12      0.00012  0.00012  0.50   99362      12   99356  6887298  69.32
2000-2009       13      0.00013  0.00013  0.50   99350      13   99344  6787942  68.32
2000-2009       14      0.00015  0.00015  0.50   99337      15   99329  6688599  67.33
2000-2009       15      0.00023  0.00023  0.50   99322      23   99310  6589269  66.34
2000-2009       16      0.00030  0.00030  0.50   99299      30   99284  6489959  65.36
2000-2009       17      0.00045  0.00045  0.50   99269      44   99247  6390676  64.38
2000-2009       18      0.00054  0.00054  0.50   99224      54   99198  6291429  63.41
2000-2009       19      0.00056  0.00056  0.50   99171      55   99143  6192231  62.44
2000-2009       20      0.00059  0.00059  0.50   99115      58   99086  6093088  61.47
2000-2009       21      0.00058  0.00058  0.50   99057      57   99029  5994002  60.51
2000-2009       22      0.00053  0.00053  0.50   99000      53   98974  5894973  59.55
2000-2009       23      0.00060  0.00060  0.50   98947      59   98918  5796000  58.58
2000-2009       24      0.00061  0.00061  0.50   98888      61   98858  5697082  57.61
2000-2009       25      0.00064  0.00064  0.50   98827      63   98796  5598225  56.65
2000-2009       26      0.00063  0.00063  0.50   98764      62   98733  5499429  55.68
2000-2009       27      0.00066  0.00066  0.50   98701      65   98669  5400696  54.72
2000-2009       28      0.00066  0.00066  0.50   98636      65   98604  5302028  53.75
2000-2009       29      0.00072  0.00072  0.50   98571      71   98536  5203424  52.79
2000-2009       30      0.00073  0.00072  0.50   98500      71   98464  5104889  51.83
2000-2009       31      0.00075  0.00075  0.50   98429      74   98392  5006424  50.86
2000-2009       32      0.00079  0.00079  0.50   98355      77   98316  4908032  49.90
2000-2009       33      0.00080  0.00080  0.50   98278      79   98238  4809716  48.94
2000-2009       34      0.00081  0.00081  0.50   98199      80   98159  4711477  47.98
2000-2009       35      0.00086  0.00086  0.50   98119      84   98077  4613318  47.02
2000-2009       36      0.00093  0.00093  0.50   98035      91   97990  4515241  46.06
2000-2009       37      0.00095  0.00094  0.50   97945      93   97898  4417251  45.10
2000-2009       38      0.00103  0.00103  0.50   97852     101   97802  4319353  44.14
2000-2009       39      0.00109  0.00109  0.50   97751     106   97698  4221551  43.19
2000-2009       40      0.00117  0.00117  0.50   97645     114   97588  4123853  42.23
2000-2009       41      0.00125  0.00124  0.50   97530     121   97470  4026266  41.28
2000-2009       42      0.00128  0.00128  0.50   97409     125   97347  3928796  40.33
2000-2009       43      0.00145  0.00145  0.50   97284     141   97214  3831449  39.38
2000-2009       44      0.00155  0.00155  0.50   97143     150   97068  3734236  38.44
2000-2009       45      0.00170  0.00170  0.50   96993     165   96910  3637168  37.50
2000-2009       46      0.00183  0.00182  0.50   96828     177   96740  3540258  36.56
2000-2009       47      0.00198  0.00198  0.50   96651     191   96556  3443518  35.63
2000-2009       48      0.00216  0.00216  0.50   96460     208   96356  3346962  34.70
2000-2009       49      0.00228  0.00228  0.50   96252     219   96142  3250606  33.77
2000-2009       50      0.00248  0.00248  0.50   96033     238   95914  3154464  32.85
2000-2009       51      0.00268  0.00267  0.50   95795     256   95667  3058550  31.93
2000-2009       52      0.00286  0.00286  0.50   95538     273   95402  2962883  31.01
2000-2009       53      0.00322  0.00321  0.50   95265     306   95112  2867482  30.10
2000-2009       54      0.00344  0.00344  0.50   94959     326   94796  2772369  29.20
2000-2009       55      0.00379  0.00378  0.50   94633     358   94454  2677573  28.29
2000-2009       56      0.00407  0.00406  0.50   94275     383   94084  2583119  27.40
2000-2009       57      0.00454  0.00453  0.50   93892     425   93680  2489035  26.51
2000-2009       58      0.00502  0.00501  0.50   93467     468   93233  2395356  25.63
2000-2009       59      0.00551  0.00550  0.50   92999     511   92744  2302122  24.75
2000-2009       60      0.00612  0.00610  0.50   92488     564   92206  2209379  23.89
2000-2009       61      0.00664  0.00662  0.50   91924     609   91619  2117173  23.03
2000-2009       62      0.00733  0.00730  0.50   91315     667   90981  2025554  22.18
2000-2009       63      0.00803  0.00800  0.50   90648     725   90285  1934572  21.34
2000-2009       64      0.00889  0.00885  0.50   89923     796   89525  1844287  20.51
2000-2009       65      0.00979  0.00974  0.50   89127     868   88693  1754762  19.69
2000-2009       66      0.01091  0.01085  0.50   88259     958   87780  1666069  18.88
2000-2009       67      0.01211  0.01204  0.50   87301    1051   86776  1578289  18.08
2000-2009       68      0.01319  0.01311  0.50   86250    1131   85685  1491514  17.29
2000-2009       69      0.01464  0.01454  0.50   85120    1237   84501  1405829  16.52
2000-2009       70      0.01635  0.01622  0.50   83882    1361   83202  1321328  15.75
2000-2009       71      0.01796  0.01780  0.50   82522    1469   81787  1238126  15.00
2000-2009       72      0.02008  0.01988  0.50   81053    1612   80247  1156338  14.27
2000-2009       73      0.02247  0.02222  0.50   79441    1765   78558  1076092  13.55
2000-2009       74      0.02520  0.02489  0.50   77676    1933   76709   997533  12.84
2000-2009       75      0.02784  0.02746  0.50   75743    2080   74703   920824  12.16
2000-2009       76      0.03115  0.03067  0.50   73663    2259   72533   846122  11.49
2000-2009       77      0.03492  0.03432  0.50   71404    2451   70178   773588  10.83
2000-2009       78      0.03906  0.03831  0.50   68953    2641   67632   703410  10.20
2000-2009       79      0.04377  0.04283  0.50   66311    2840   64891   635778   9.59
2000-2009       80      0.04898  0.04781  0.50   63471    3034   61954   570886   8.99
2000-2009       81      0.05521  0.05372  0.50   60437    3247   58814   508932   8.42
2000-2009       82      0.06217  0.06029  0.50   57190    3448   55466   450118   7.87
2000-2009       83      0.07016  0.06779  0.50   53742    3643   51921   394652   7.34
2000-2009       84      0.07909  0.07609  0.50   50099    3812   48193   342731   6.84
2000-2009       85      0.08947  0.08564  0.50   46287    3964   44305   294538   6.36
2000-2009       86      0.10087  0.09603  0.50   42323    4064   40291   250233   5.91
2000-2009       87      0.11347  0.10738  0.50   38259    4108   36205   209942   5.49
2000-2009       88      0.12861  0.12084  0.50   34151    4127   32087   173737   5.09
2000-2009       89      0.14234  0.13288  0.50   30024    3990   28029   141650   4.72
2000-2009       90      0.16128  0.14924  0.50   26035    3885   24092   113620   4.36
2000-2009       91      0.17954  0.16475  0.50   22149    3649   20325    89529   4.04
2000-2009       92      0.20239  0.18379  0.50   18500    3400   16800    69204   3.74
2000-2009       93      0.22294  0.20058  0.50   15100    3029   13585    52404   3.47
2000-2009       94      0.24918  0.22158  0.50   12071    2675   10734    38819   3.22
2000-2009       95      0.27292  0.24015  0.50    9396    2257    8268    28085   2.99
2000-2009       96      0.30082  0.26149  0.50    7140    1867    6206    19817   2.78
2000-2009       97      0.33040  0.28356  0.50    5273    1495    4525    13610   2.58
2000-2009       98      0.36152  0.30617  0.50    3778    1157    3199     9085   2.40
2000-2009       99      0.39397  0.32913  0.50    2621     863    2190     5886   2.25
2000-2009      100      0.42751  0.35222  0.50    1758     619    1449     3696   2.10
2000-2009      101      0.46186  0.37521  0.50    1139     427     925     2247   1.97
2000-2009      102      0.49670  0.39788  0.50     712     283     570     1322   1.86
2000-2009      103      0.53168  0.42002  0.50     429     180     339      752   1.75
2000-2009      104      0.56647  0.44144  0.50     249     110     194      413   1.66
2000-2009      105      0.60070  0.46195  0.50     139      64     107      220   1.58
2000-2009      106      0.63407  0.48144  0.50      75      36      57      113   1.51
2000-2009      107      0.66627  0.49978  0.50      39      19      29       56   1.45
2000-2009      108      0.69706  0.51690  0.50      19      10      14       27   1.40
2000-2009      109      0.72623  0.53277  0.50       9       5       7       13   1.35
2000-2009      110+     0.75363  1.00000  1.33       4       4       6        6   1.33
2010-2019        0      0.00342  0.00341  0.14  100000     341   99708  8268348  82.68
2010-2019        1      0.00026  0.00026  0.50   99659      26   99646  8168640  81.97
2010-2019        2      0.00016  0.00016  0.50   99634      16   99625  8068994  80.99
2010-2019        3      0.00012  0.00012  0.50   99617      12   99611  7969368  80.00
2010-2019        4      0.00010  0.00010  0.50   99606       9   99601  7869757  79.01
2010-2019        5      0.00009  0.00009  0.50   99596       9   99592  7770156  78.02
2010-2019        6      0.00008  0.00008  0.50   99587       8   99583  7670564  77.02
2010-2019        7      0.00008  0.00008  0.50   99579       8   99575  7570981  76.03
2010-2019        8      0.00008  0.00008  0.50   99571       8   99567  7471407  75.04
2010-2019        9      0.00008  0.00008  0.50   99563       8   99559  7371840  74.04
2010-2019       10      0.00007  0.00007  0.50   99555       7   99552  7272280  73.05
2010-2019       11      0.00006  0.00006  0.50   99548       6   99545  7172729  72.05
2010-2019       12      0.00008  0.00008  0.50   99542       8   99538  7073184  71.06
2010-2019       13      0.00012  0.00012  0.50   99534      12   99528  6973646  70.06
2010-2019       14      0.00013  0.00013  0.50   99522      13   99515  6874118  69.07
2010-2019       15      0.00019  0.00019  0.50   99509      19   99499  6774602  68.08
2010-2019       16      0.00024  0.00024  0.50   99490      24   99478  6675103  67.09
2010-2019       17      0.00032  0.00032  0.50   99467      32   99450  6575625  66.11
2010-2019       18      0.00039  0.00039  0.50   99434      38   99415  6476174  65.13
2010-2019       19      0.00042  0.00042  0.50   99396      41   99375  6376759  64.16
2010-2019       20      0.00044  0.00044  0.50   99354      43   99333  6277384  63.18
2010-2019       21      0.00041  0.00041  0.50   99311      41   99291  6178051  62.21
2010-2019       22      0.00041  0.00041  0.50   99270      41   99250  6078760  61.23
2010-2019       23      0.00044  0.00044  0.50   99229      43   99208  5979510  60.26
2010-2019       24      0.00043  0.00043  0.50   99186      43   99165  5880302  59.29
2010-2019       25      0.00045  0.00045  0.50   99143      45   99121  5781138  58.31
2010-2019       26      0.00048  0.00048  0.50   99099      47   99075  5682017  57.34
2010-2019       27      0.00047  0.00047  0.50   99051      47   99028  5582942  56.36
2010-2019       28      0.00047  0.00047  0.50   99004      47   98981  5483914  55.39
2010-2019       29      0.00052  0.00052  0.50   98957      52   98932  5384933  54.42
2010-2019       30      0.00055  0.00055  0.50   98906      54   98879  5286001  53.44
2010-2019       31      0.00056  0.00056  0.50   98852      56   98824  5187123  52.47
2010-2019       32      0.00064  0.00064  0.50   98796      63   98764  5088299  51.50
2010-2019       33      0.00065  0.00065  0.50   98733      64   98701  4989534  50.54
2010-2019       34      0.00070  0.00070  0.50   98669      69   98635  4890833  49.57
2010-2019       35      0.00076  0.00076  0.50   98600      75   98563  4792198  48.60
2010-2019       36      0.00081  0.00081  0.50   98525      79   98486  4693635  47.64
2010-2019       37      0.00084  0.00084  0.50   98446      83   98405  4595150  46.68
2010-2019       38      0.00091  0.00091  0.50   98363      90   98318  4496745  45.72
2010-2019       39      0.00099  0.00099  0.50   98273      97   98225  4398427  44.76
2010-2019       40      0.00106  0.00106  0.50   98176     104   98124  4300202  43.80
2010-2019       41      0.00113  0.00113  0.50   98072     111   98017  4202078  42.85
2010-2019       42      0.00121  0.00121  0.50   97961     119   97902  4104061  41.89
2010-2019       43      0.00131  0.00131  0.50   97843     128   97778  4006159  40.94
2010-2019       44      0.00141  0.00141  0.50   97714     138   97645  3908381  40.00
2010-2019       45      0.00152  0.00152  0.50   97576     148   97502  3810736  39.05
2010-2019       46      0.00164  0.00164  0.50   97428     160   97349  3713233  38.11
2010-2019       47      0.00180  0.00180  0.50   97269     175   97181  3615885  37.17
2010-2019       48      0.00199  0.00198  0.50   97093     193   96997  3518704  36.24
2010-2019       49      0.00214  0.00214  0.50   96901     207   96797  3421707  35.31
2010-2019       50      0.00227  0.00227  0.50   96693     220   96584  3324910  34.39
2010-2019       51      0.00247  0.00247  0.50   96474     238   96355  3228326  33.46
2010-2019       52      0.00268  0.00267  0.50   96236     257   96107  3131972  32.54
2010-2019       53      0.00288  0.00288  0.50   95979     276   95840  3035864  31.63
2010-2019       54      0.00319  0.00319  0.50   95702     305   95550  2940024  30.72
2010-2019       55      0.00349  0.00348  0.50   95397     332   95231  2844474  29.82
2010-2019       56      0.00374  0.00374  0.50   95065     355   94887  2749243  28.92
2010-2019       57      0.00400  0.00399  0.50   94710     378   94520  2654356  28.03
2010-2019       58      0.00438  0.00437  0.50   94331     412   94125  2559836  27.14
2010-2019       59      0.00472  0.00471  0.50   93919     442   93698  2465711  26.25
2010-2019       60      0.00522  0.00521  0.50   93477     487   93233  2372013  25.38
2010-2019       61      0.00563  0.00561  0.50   92990     522   92729  2278779  24.51
2010-2019       62      0.00616  0.00614  0.50   92468     568   92184  2186050  23.64
2010-2019       63      0.00664  0.00662  0.50   91900     609   91596  2093866  22.78
2010-2019       64      0.00724  0.00721  0.50   91291     658   90962  2002271  21.93
2010-2019       65      0.00788  0.00785  0.50   90633     711   90277  1911309  21.09
2010-2019       66      0.00868  0.00864  0.50   89921     777   89533  1821032  20.25
2010-2019       67      0.00944  0.00939  0.50   89144     837   88726  1731499  19.42
2010-2019       68      0.01049  0.01044  0.50   88307     922   87846  1642773  18.60
2010-2019       69      0.01150  0.01143  0.50   87385     999   86886  1554927  17.79
2010-2019       70      0.01272  0.01264  0.50   86386    1092   85840  1468041  16.99
2010-2019       71      0.01426  0.01415  0.50   85294    1207   84691  1382201  16.21
2010-2019       72      0.01568  0.01556  0.50   84087    1308   83433  1297510  15.43
2010-2019       73      0.01763  0.01748  0.50   82779    1447   82055  1214077  14.67
2010-2019       74      0.01961  0.01942  0.50   81332    1579   80542  1132022  13.92
2010-2019       75      0.02189  0.02166  0.50   79753    1727   78889  1051480  13.18
2010-2019       76      0.02441  0.02411  0.50   78025    1881   77085   972591  12.47
2010-2019       77      0.02735  0.02698  0.50   76144    2054   75117   895506  11.76
2010-2019       78      0.03101  0.03053  0.50   74090    2262   72959   820389  11.07
2010-2019       79      0.03469  0.03410  0.50   71828    2449   70603   747430  10.41
2010-2019       80      0.03982  0.03904  0.50   69378    2709   68024   676828   9.76
2010-2019       81      0.04486  0.04387  0.50   66670    2925   65207   608804   9.13
2010-2019       82      0.05151  0.05022  0.50   63745    3201   62144   543597   8.53
2010-2019       83      0.05794  0.05631  0.50   60543    3409   58839   481453   7.95
2010-2019       84      0.06662  0.06448  0.50   57134    3684   55292   422614   7.40
2010-2019       85      0.07582  0.07305  0.50   53450    3905   51498   367322   6.87
2010-2019       86      0.08613  0.08257  0.50   49546    4091   47500   315823   6.37
2010-2019       87      0.09780  0.09324  0.50   45455    4238   43336   268323   5.90
2010-2019       88      0.11022  0.10446  0.50   41217    4305   39064   224988   5.46
2010-2019       89      0.12579  0.11835  0.50   36911    4368   34727   185924   5.04
2010-2019       90      0.14331  0.13373  0.50   32543    4352   30367   151197   4.65
2010-2019       91      0.16189  0.14977  0.50   28191    4222   26080   120830   4.29
2010-2019       92      0.18295  0.16761  0.50   23969    4018   21960    94750   3.95
2010-2019       93      0.20444  0.18548  0.50   19951    3701   18101    72790   3.65
2010-2019       94      0.23082  0.20694  0.50   16251    3363   14569    54689   3.37
2010-2019       95      0.25534  0.22643  0.50   12888    2918   11429    40120   3.11
2010-2019       96      0.28380  0.24853  0.50    9970    2478    8731    28691   2.88
2010-2019       97      0.31421  0.27155  0.50    7492    2034    6475    19960   2.66
2010-2019       98      0.34642  0.29528  0.50    5457    1611    4652    13486   2.47
2010-2019       99      0.38025  0.31950  0.50    3846    1229    3232     8834   2.30
2010-2019      100      0.41541  0.34397  0.50    2617     900    2167     5602   2.14
2010-2019      101      0.45160  0.36841  0.50    1717     633    1401     3435   2.00
2010-2019      102      0.48845  0.39257  0.50    1084     426     872     2035   1.88
2010-2019      103      0.52555  0.41619  0.50     659     274     522     1163   1.77
2010-2019      104      0.56250  0.43902  0.50     385     169     300      641   1.67
2010-2019      105      0.59888  0.46087  0.50     216      99     166      341   1.58
2010-2019      106      0.63430  0.48157  0.50     116      56      88      175   1.51
2010-2019      107      0.66842  0.50098  0.50      60      30      45       87   1.44
2010-2019      108      0.70093  0.51903  0.50      30      16      22       42   1.39
2010-2019      109      0.73159  0.53565  0.50      14       8      11       19   1.34
2010-2019      110+     0.76024  1.00000  1.32       7       7       9        9   1.32
