Austria, Life tables (period 1x10), Total	Last modified: 30 Mar 2021;  Methods Protocol: v6 (2017)

  Year          Age         mx       qx    ax      lx      dx      Lx       Tx     ex
1947-1949        0      0.08358  0.07900  0.31  100000    7900   94514  6271885  62.72
1947-1949        1      0.00675  0.00672  0.50   92100     619   91791  6177371  67.07
1947-1949        2      0.00372  0.00372  0.50   91481     340   91311  6085580  66.52
1947-1949        3      0.00279  0.00278  0.50   91141     254   91014  5994269  65.77
1947-1949        4      0.00211  0.00211  0.50   90887     191   90791  5903255  64.95
1947-1949        5      0.00164  0.00164  0.50   90696     149   90621  5812464  64.09
1947-1949        6      0.00140  0.00140  0.50   90547     127   90483  5721842  63.19
1947-1949        7      0.00120  0.00119  0.50   90420     108   90366  5631359  62.28
1947-1949        8      0.00109  0.00109  0.50   90312      98   90263  5540993  61.35
1947-1949        9      0.00079  0.00079  0.50   90214      71   90178  5450730  60.42
1947-1949       10      0.00093  0.00093  0.50   90142      84   90100  5360552  59.47
1947-1949       11      0.00103  0.00103  0.50   90058      92   90012  5270452  58.52
1947-1949       12      0.00092  0.00092  0.50   89966      83   89924  5180440  57.58
1947-1949       13      0.00095  0.00095  0.50   89883      85   89840  5090515  56.63
1947-1949       14      0.00102  0.00102  0.50   89798      91   89752  5000675  55.69
1947-1949       15      0.00133  0.00132  0.50   89707     119   89647  4910922  54.74
1947-1949       16      0.00142  0.00142  0.50   89588     127   89524  4821275  53.82
1947-1949       17      0.00174  0.00174  0.50   89461     155   89383  4731751  52.89
1947-1949       18      0.00187  0.00186  0.50   89305     167   89222  4642368  51.98
1947-1949       19      0.00226  0.00226  0.50   89139     201   89038  4553146  51.08
1947-1949       20      0.00236  0.00236  0.50   88938     210   88833  4464108  50.19
1947-1949       21      0.00240  0.00240  0.50   88728     213   88621  4375275  49.31
1947-1949       22      0.00257  0.00257  0.50   88515     227   88401  4286654  48.43
1947-1949       23      0.00243  0.00243  0.50   88287     214   88180  4198253  47.55
1947-1949       24      0.00263  0.00262  0.50   88073     231   87958  4110073  46.67
1947-1949       25      0.00262  0.00261  0.50   87842     229   87727  4022115  45.79
1947-1949       26      0.00258  0.00258  0.50   87613     226   87500  3934388  44.91
1947-1949       27      0.00250  0.00249  0.50   87387     218   87278  3846888  44.02
1947-1949       28      0.00242  0.00241  0.50   87169     210   87064  3759610  43.13
1947-1949       29      0.00247  0.00246  0.50   86959     214   86852  3672546  42.23
1947-1949       30      0.00294  0.00294  0.50   86744     255   86617  3585695  41.34
1947-1949       31      0.00292  0.00292  0.50   86490     252   86363  3499078  40.46
1947-1949       32      0.00287  0.00286  0.50   86237     247   86114  3412714  39.57
1947-1949       33      0.00282  0.00282  0.50   85990     243   85869  3326601  38.69
1947-1949       34      0.00315  0.00315  0.50   85748     270   85613  3240731  37.79
1947-1949       35      0.00316  0.00315  0.50   85478     269   85343  3155118  36.91
1947-1949       36      0.00330  0.00329  0.50   85209     280   85069  3069775  36.03
1947-1949       37      0.00343  0.00343  0.50   84928     291   84783  2984706  35.14
1947-1949       38      0.00378  0.00377  0.50   84637     319   84478  2899923  34.26
1947-1949       39      0.00375  0.00374  0.50   84318     316   84161  2815446  33.39
1947-1949       40      0.00401  0.00400  0.50   84003     336   83835  2731285  32.51
1947-1949       41      0.00415  0.00414  0.50   83667     347   83493  2647450  31.64
1947-1949       42      0.00452  0.00451  0.50   83320     376   83132  2563957  30.77
1947-1949       43      0.00466  0.00465  0.50   82944     385   82751  2480825  29.91
1947-1949       44      0.00514  0.00513  0.50   82559     423   82347  2398074  29.05
1947-1949       45      0.00540  0.00539  0.50   82135     443   81914  2315727  28.19
1947-1949       46      0.00618  0.00616  0.50   81692     503   81441  2233813  27.34
1947-1949       47      0.00667  0.00665  0.50   81190     540   80920  2152372  26.51
1947-1949       48      0.00739  0.00736  0.50   80650     594   80353  2071453  25.68
1947-1949       49      0.00785  0.00782  0.50   80056     626   79743  1991100  24.87
1947-1949       50      0.00824  0.00821  0.50   79430     652   79104  1911357  24.06
1947-1949       51      0.00863  0.00859  0.50   78778     677   78440  1832253  23.26
1947-1949       52      0.00980  0.00975  0.50   78101     762   77720  1753813  22.46
1947-1949       53      0.01019  0.01014  0.50   77340     784   76948  1676093  21.67
1947-1949       54      0.01073  0.01067  0.50   76555     817   76147  1599145  20.89
1947-1949       55      0.01208  0.01201  0.50   75739     909   75284  1522998  20.11
1947-1949       56      0.01331  0.01322  0.50   74829     989   74335  1447714  19.35
1947-1949       57      0.01402  0.01393  0.50   73840    1028   73326  1373380  18.60
1947-1949       58      0.01487  0.01476  0.50   72812    1075   72274  1300054  17.85
1947-1949       59      0.01662  0.01648  0.50   71737    1182   71146  1227779  17.12
1947-1949       60      0.01796  0.01780  0.50   70555    1256   69927  1156634  16.39
1947-1949       61      0.01999  0.01979  0.50   69299    1372   68613  1086707  15.68
1947-1949       62      0.02176  0.02152  0.50   67927    1462   67196  1018094  14.99
1947-1949       63      0.02378  0.02350  0.50   66465    1562   65684   950898  14.31
1947-1949       64      0.02640  0.02605  0.50   64903    1691   64057   885215  13.64
1947-1949       65      0.02889  0.02848  0.50   63212    1800   62312   821157  12.99
1947-1949       66      0.03140  0.03092  0.50   61412    1899   60463   758845  12.36
1947-1949       67      0.03372  0.03316  0.50   59513    1974   58526   698383  11.73
1947-1949       68      0.03723  0.03655  0.50   57539    2103   56488   639857  11.12
1947-1949       69      0.04246  0.04158  0.50   55436    2305   54284   583369  10.52
1947-1949       70      0.04641  0.04536  0.50   53131    2410   51926   529085   9.96
1947-1949       71      0.05079  0.04953  0.50   50721    2512   49465   477159   9.41
1947-1949       72      0.05682  0.05525  0.50   48209    2664   46877   427694   8.87
1947-1949       73      0.06337  0.06143  0.50   45545    2798   44147   380816   8.36
1947-1949       74      0.06782  0.06559  0.50   42748    2804   41346   336670   7.88
1947-1949       75      0.07688  0.07403  0.50   39944    2957   38465   295324   7.39
1947-1949       76      0.08409  0.08070  0.50   36987    2985   35494   256859   6.94
1947-1949       77      0.09194  0.08790  0.50   34002    2989   32507   221365   6.51
1947-1949       78      0.10316  0.09810  0.50   31013    3042   29492   188857   6.09
1947-1949       79      0.11613  0.10975  0.50   27971    3070   26436   159366   5.70
1947-1949       80      0.12998  0.12205  0.50   24901    3039   23381   132930   5.34
1947-1949       81      0.14066  0.13142  0.50   21862    2873   20425   109549   5.01
1947-1949       82      0.15609  0.14479  0.50   18989    2749   17614    89124   4.69
1947-1949       83      0.16937  0.15614  0.50   16239    2536   14971    71510   4.40
1947-1949       84      0.18565  0.16988  0.50   13704    2328   12540    56539   4.13
1947-1949       85      0.20275  0.18409  0.50   11376    2094   10328    43999   3.87
1947-1949       86      0.22001  0.19821  0.50    9281    1840    8362    33671   3.63
1947-1949       87      0.23333  0.20896  0.50    7442    1555    6664    25309   3.40
1947-1949       88      0.26839  0.23663  0.50    5887    1393    5190    18645   3.17
1947-1949       89      0.28068  0.24614  0.50    4494    1106    3941    13454   2.99
1947-1949       90      0.31902  0.27513  0.50    3388     932    2922     9514   2.81
1947-1949       91      0.33458  0.28663  0.50    2456     704    2104     6592   2.68
1947-1949       92      0.32363  0.27856  0.50    1752     488    1508     4488   2.56
1947-1949       93      0.39751  0.33160  0.50    1264     419    1054     2981   2.36
1947-1949       94      0.39794  0.33190  0.50     845     280     705     1926   2.28
1947-1949       95      0.42338  0.34941  0.50     564     197     466     1222   2.17
1947-1949       96      0.44917  0.36679  0.50     367     135     300      756   2.06
1947-1949       97      0.47519  0.38396  0.50     232      89     188      456   1.96
1947-1949       98      0.50129  0.40083  0.50     143      57     115      268   1.87
1947-1949       99      0.52734  0.41731  0.50      86      36      68      154   1.79
1947-1949      100      0.55319  0.43333  0.50      50      22      39       86   1.72
1947-1949      101      0.57872  0.44884  0.50      28      13      22       47   1.65
1947-1949      102      0.60380  0.46378  0.50      16       7      12       25   1.59
1947-1949      103      0.62831  0.47811  0.50       8       4       6       13   1.54
1947-1949      104      0.65215  0.49179  0.50       4       2       3        6   1.49
1947-1949      105      0.67523  0.50480  0.50       2       1       2        3   1.44
1947-1949      106      0.69748  0.51713  0.50       1       1       1        2   1.40
1947-1949      107      0.71882  0.52878  0.50       1       0       0        1   1.36
1947-1949      108      0.73922  0.53973  0.50       0       0       0        0   1.33
1947-1949      109      0.75863  0.55001  0.50       0       0       0        0   1.30
1947-1949      110+     0.77703  1.00000  1.29       0       0       0        0   1.29
1950-1959        0      0.05088  0.04893  0.22  100000    4893   96166  6709889  67.10
1950-1959        1      0.00345  0.00345  0.50   95107     328   94943  6613724  69.54
1950-1959        2      0.00197  0.00197  0.50   94779     186   94686  6518781  68.78
1950-1959        3      0.00133  0.00133  0.50   94592     126   94530  6424095  67.91
1950-1959        4      0.00114  0.00114  0.50   94467     107   94413  6329566  67.00
1950-1959        5      0.00086  0.00086  0.50   94360      81   94319  6235153  66.08
1950-1959        6      0.00078  0.00078  0.50   94279      73   94242  6140833  65.13
1950-1959        7      0.00068  0.00068  0.50   94205      64   94174  6046591  64.19
1950-1959        8      0.00062  0.00062  0.50   94142      58   94112  5952418  63.23
1950-1959        9      0.00052  0.00052  0.50   94083      49   94059  5858305  62.27
1950-1959       10      0.00053  0.00053  0.50   94034      50   94009  5764246  61.30
1950-1959       11      0.00051  0.00051  0.50   93984      48   93961  5670237  60.33
1950-1959       12      0.00050  0.00050  0.50   93937      47   93913  5576277  59.36
1950-1959       13      0.00057  0.00057  0.50   93890      53   93863  5482363  58.39
1950-1959       14      0.00063  0.00063  0.50   93837      59   93807  5388500  57.42
1950-1959       15      0.00073  0.00073  0.50   93777      69   93743  5294693  56.46
1950-1959       16      0.00091  0.00091  0.50   93709      85   93666  5200950  55.50
1950-1959       17      0.00110  0.00110  0.50   93623     103   93572  5107284  54.55
1950-1959       18      0.00133  0.00133  0.50   93520     124   93458  5013712  53.61
1950-1959       19      0.00146  0.00146  0.50   93396     136   93328  4920254  52.68
1950-1959       20      0.00159  0.00159  0.50   93260     148   93186  4826926  51.76
1950-1959       21      0.00169  0.00169  0.50   93112     157   93033  4733741  50.84
1950-1959       22      0.00166  0.00166  0.50   92954     155   92877  4640708  49.92
1950-1959       23      0.00168  0.00168  0.50   92800     156   92722  4547831  49.01
1950-1959       24      0.00163  0.00163  0.50   92644     151   92568  4455109  48.09
1950-1959       25      0.00169  0.00169  0.50   92492     156   92414  4362541  47.17
1950-1959       26      0.00162  0.00162  0.50   92336     150   92261  4270127  46.25
1950-1959       27      0.00169  0.00169  0.50   92186     156   92109  4177866  45.32
1950-1959       28      0.00160  0.00160  0.50   92031     147   91957  4085757  44.40
1950-1959       29      0.00167  0.00167  0.50   91883     154   91806  3993801  43.47
1950-1959       30      0.00175  0.00175  0.50   91730     161   91649  3901994  42.54
1950-1959       31      0.00175  0.00175  0.50   91569     161   91489  3810345  41.61
1950-1959       32      0.00171  0.00170  0.50   91408     156   91330  3718856  40.68
1950-1959       33      0.00190  0.00189  0.50   91253     173   91166  3627526  39.75
1950-1959       34      0.00196  0.00196  0.50   91080     178   90991  3536359  38.83
1950-1959       35      0.00203  0.00203  0.50   90902     184   90810  3445369  37.90
1950-1959       36      0.00228  0.00228  0.50   90718     207   90614  3354559  36.98
1950-1959       37      0.00227  0.00227  0.50   90511     205   90408  3263945  36.06
1950-1959       38      0.00253  0.00253  0.50   90306     228   90192  3173537  35.14
1950-1959       39      0.00268  0.00267  0.50   90078     241   89957  3083345  34.23
1950-1959       40      0.00291  0.00291  0.50   89837     261   89706  2993388  33.32
1950-1959       41      0.00303  0.00302  0.50   89576     271   89440  2903681  32.42
1950-1959       42      0.00340  0.00340  0.50   89305     303   89153  2814241  31.51
1950-1959       43      0.00351  0.00350  0.50   89001     312   88845  2725088  30.62
1950-1959       44      0.00391  0.00390  0.50   88690     346   88516  2636243  29.72
1950-1959       45      0.00425  0.00424  0.50   88343     375   88156  2547726  28.84
1950-1959       46      0.00471  0.00470  0.50   87969     414   87762  2459570  27.96
1950-1959       47      0.00536  0.00535  0.50   87555     468   87321  2371808  27.09
1950-1959       48      0.00583  0.00581  0.50   87087     506   86834  2284487  26.23
1950-1959       49      0.00627  0.00625  0.50   86581     541   86310  2197654  25.38
1950-1959       50      0.00701  0.00699  0.50   86039     601   85739  2111344  24.54
1950-1959       51      0.00774  0.00771  0.50   85438     659   85109  2025605  23.71
1950-1959       52      0.00846  0.00843  0.50   84780     714   84423  1940496  22.89
1950-1959       53      0.00944  0.00939  0.50   84065     790   83670  1856073  22.08
1950-1959       54      0.01014  0.01008  0.50   83276     840   82856  1772403  21.28
1950-1959       55      0.01102  0.01096  0.50   82436     904   81984  1689547  20.50
1950-1959       56      0.01225  0.01217  0.50   81532     992   81036  1607563  19.72
1950-1959       57      0.01311  0.01303  0.50   80540    1049   80015  1526527  18.95
1950-1959       58      0.01432  0.01422  0.50   79490    1130   78925  1446512  18.20
1950-1959       59      0.01547  0.01535  0.50   78360    1203   77759  1367587  17.45
1950-1959       60      0.01699  0.01685  0.50   77158    1300   76508  1289828  16.72
1950-1959       61      0.01876  0.01859  0.50   75858    1410   75153  1213320  15.99
1950-1959       62      0.02068  0.02047  0.50   74448    1524   73686  1138168  15.29
1950-1959       63      0.02242  0.02217  0.50   72924    1617   72115  1064482  14.60
1950-1959       64      0.02424  0.02395  0.50   71307    1707   70453   992367  13.92
1950-1959       65      0.02671  0.02636  0.50   69599    1835   68682   921913  13.25
1950-1959       66      0.02987  0.02943  0.50   67765    1994   66768   853231  12.59
1950-1959       67      0.03268  0.03215  0.50   65771    2115   64713   786463  11.96
1950-1959       68      0.03614  0.03550  0.50   63656    2260   62526   721750  11.34
1950-1959       69      0.04043  0.03963  0.50   61396    2433   60180   659224  10.74
1950-1959       70      0.04428  0.04332  0.50   58963    2554   57686   599044  10.16
1950-1959       71      0.04857  0.04741  0.50   56409    2675   55072   541358   9.60
1950-1959       72      0.05398  0.05256  0.50   53734    2824   52322   486287   9.05
1950-1959       73      0.06025  0.05849  0.50   50910    2978   49421   433964   8.52
1950-1959       74      0.06619  0.06407  0.50   47932    3071   46397   384543   8.02
1950-1959       75      0.07399  0.07135  0.50   44861    3201   43261   338146   7.54
1950-1959       76      0.08115  0.07798  0.50   41661    3249   40036   294885   7.08
1950-1959       77      0.09065  0.08672  0.50   38412    3331   36746   254849   6.63
1950-1959       78      0.09979  0.09505  0.50   35081    3334   33414   218103   6.22
1950-1959       79      0.11174  0.10583  0.50   31746    3360   30066   184689   5.82
1950-1959       80      0.12260  0.11552  0.50   28387    3279   26747   154623   5.45
1950-1959       81      0.13456  0.12607  0.50   25107    3165   23525   127876   5.09
1950-1959       82      0.15126  0.14063  0.50   21942    3086   20399   104351   4.76
1950-1959       83      0.16349  0.15113  0.50   18856    2850   17431    83952   4.45
1950-1959       84      0.18287  0.16755  0.50   16007    2682   14666    66521   4.16
1950-1959       85      0.19791  0.18009  0.50   13325    2400   12125    51855   3.89
1950-1959       86      0.22366  0.20116  0.50   10925    2198    9826    39730   3.64
1950-1959       87      0.23617  0.21123  0.50    8727    1843    7806    29904   3.43
1950-1959       88      0.25709  0.22780  0.50    6884    1568    6100    22099   3.21
1950-1959       89      0.27921  0.24501  0.50    5316    1302    4664    15999   3.01
1950-1959       90      0.30156  0.26205  0.50    4013    1052    3487    11334   2.82
1950-1959       91      0.32711  0.28113  0.50    2962     833    2545     7847   2.65
1950-1959       92      0.36183  0.30640  0.50    2129     652    1803     5302   2.49
1950-1959       93      0.38070  0.31983  0.50    1477     472    1241     3499   2.37
1950-1959       94      0.39085  0.32696  0.50    1004     328     840     2258   2.25
1950-1959       95      0.43647  0.35828  0.50     676     242     555     1418   2.10
1950-1959       96      0.46466  0.37706  0.50     434     164     352      863   1.99
1950-1959       97      0.49308  0.39556  0.50     270     107     217      511   1.89
1950-1959       98      0.52157  0.41369  0.50     163      68     130      294   1.80
1950-1959       99      0.54993  0.43133  0.50      96      41      75      165   1.72
1950-1959      100      0.57799  0.44841  0.50      54      24      42       90   1.65
1950-1959      101      0.60558  0.46483  0.50      30      14      23       48   1.58
1950-1959      102      0.63253  0.48055  0.50      16       8      12       24   1.52
1950-1959      103      0.65870  0.49550  0.50       8       4       6       12   1.47
1950-1959      104      0.68396  0.50966  0.50       4       2       3        6   1.42
1950-1959      105      0.70820  0.52300  0.50       2       1       2        3   1.38
1950-1959      106      0.73133  0.53551  0.50       1       1       1        1   1.34
1950-1959      107      0.75328  0.54719  0.50       0       0       0        1   1.30
1950-1959      108      0.77402  0.55805  0.50       0       0       0        0   1.27
1950-1959      109      0.79351  0.56811  0.50       0       0       0        0   1.25
1950-1959      110+     0.81175  1.00000  1.23       0       0       0        0   1.23
1960-1969        0      0.03039  0.02962  0.14  100000    2962   97464  6982308  69.82
1960-1969        1      0.00207  0.00207  0.50   97038     201   96938  6884844  70.95
1960-1969        2      0.00114  0.00114  0.50   96837     110   96782  6787906  70.10
1960-1969        3      0.00087  0.00087  0.50   96727      85   96685  6691124  69.18
1960-1969        4      0.00068  0.00068  0.50   96642      65   96610  6594440  68.24
1960-1969        5      0.00062  0.00062  0.50   96577      60   96547  6497830  67.28
1960-1969        6      0.00055  0.00055  0.50   96517      53   96491  6401283  66.32
1960-1969        7      0.00048  0.00048  0.50   96464      46   96441  6304792  65.36
1960-1969        8      0.00043  0.00043  0.50   96418      42   96397  6208351  64.39
1960-1969        9      0.00043  0.00043  0.50   96377      41   96356  6111953  63.42
1960-1969       10      0.00041  0.00041  0.50   96335      40   96315  6015598  62.44
1960-1969       11      0.00037  0.00037  0.50   96295      35   96278  5919282  61.47
1960-1969       12      0.00038  0.00038  0.50   96260      37   96242  5823004  60.49
1960-1969       13      0.00036  0.00036  0.50   96223      35   96206  5726763  59.52
1960-1969       14      0.00048  0.00048  0.50   96189      46   96166  5630556  58.54
1960-1969       15      0.00060  0.00060  0.50   96143      57   96114  5534390  57.56
1960-1969       16      0.00081  0.00081  0.50   96086      77   96047  5438276  56.60
1960-1969       17      0.00089  0.00089  0.50   96008      86   95965  5342229  55.64
1960-1969       18      0.00114  0.00114  0.50   95923     109   95868  5246264  54.69
1960-1969       19      0.00120  0.00120  0.50   95813     115   95756  5150396  53.75
1960-1969       20      0.00120  0.00120  0.50   95698     115   95641  5054640  52.82
1960-1969       21      0.00126  0.00126  0.50   95583     120   95523  4959000  51.88
1960-1969       22      0.00118  0.00118  0.50   95463     113   95407  4863477  50.95
1960-1969       23      0.00120  0.00120  0.50   95350     114   95293  4768070  50.01
1960-1969       24      0.00113  0.00113  0.50   95236     107   95182  4672777  49.07
1960-1969       25      0.00118  0.00118  0.50   95128     112   95072  4577595  48.12
1960-1969       26      0.00122  0.00122  0.50   95016     116   94959  4482523  47.18
1960-1969       27      0.00121  0.00121  0.50   94901     115   94843  4387564  46.23
1960-1969       28      0.00129  0.00129  0.50   94786     122   94725  4292721  45.29
1960-1969       29      0.00133  0.00133  0.50   94664     126   94600  4197996  44.35
1960-1969       30      0.00135  0.00135  0.50   94537     128   94474  4103396  43.40
1960-1969       31      0.00150  0.00150  0.50   94410     141   94339  4008922  42.46
1960-1969       32      0.00160  0.00159  0.50   94268     150   94193  3914583  41.53
1960-1969       33      0.00171  0.00171  0.50   94118     161   94038  3820390  40.59
1960-1969       34      0.00170  0.00170  0.50   93957     160   93877  3726352  39.66
1960-1969       35      0.00185  0.00185  0.50   93797     174   93710  3632475  38.73
1960-1969       36      0.00192  0.00191  0.50   93623     179   93534  3538765  37.80
1960-1969       37      0.00222  0.00222  0.50   93444     207   93341  3445231  36.87
1960-1969       38      0.00211  0.00211  0.50   93237     197   93139  3351891  35.95
1960-1969       39      0.00244  0.00244  0.50   93040     227   92927  3258752  35.03
1960-1969       40      0.00254  0.00253  0.50   92814     235   92696  3165825  34.11
1960-1969       41      0.00274  0.00274  0.50   92579     254   92452  3073129  33.19
1960-1969       42      0.00288  0.00288  0.50   92325     265   92192  2980677  32.28
1960-1969       43      0.00307  0.00307  0.50   92060     282   91918  2888485  31.38
1960-1969       44      0.00345  0.00344  0.50   91777     316   91619  2796567  30.47
1960-1969       45      0.00385  0.00384  0.50   91461     351   91286  2704947  29.57
1960-1969       46      0.00411  0.00410  0.50   91110     374   90923  2613662  28.69
1960-1969       47      0.00443  0.00442  0.50   90736     401   90536  2522739  27.80
1960-1969       48      0.00493  0.00491  0.50   90335     444   90113  2432203  26.92
1960-1969       49      0.00535  0.00534  0.50   89892     480   89652  2342089  26.05
1960-1969       50      0.00593  0.00591  0.50   89412     529   89147  2252438  25.19
1960-1969       51      0.00654  0.00652  0.50   88883     579   88593  2163290  24.34
1960-1969       52      0.00713  0.00710  0.50   88304     627   87990  2074697  23.50
1960-1969       53      0.00774  0.00771  0.50   87677     676   87339  1986707  22.66
1960-1969       54      0.00857  0.00853  0.50   87001     742   86630  1899368  21.83
1960-1969       55      0.00952  0.00947  0.50   86259     817   85850  1812738  21.02
1960-1969       56      0.01054  0.01049  0.50   85442     896   84994  1726888  20.21
1960-1969       57      0.01171  0.01164  0.50   84546     984   84054  1641894  19.42
1960-1969       58      0.01315  0.01307  0.50   83562    1092   83016  1557840  18.64
1960-1969       59      0.01445  0.01435  0.50   82470    1183   81878  1474825  17.88
1960-1969       60      0.01613  0.01600  0.50   81287    1301   80636  1392946  17.14
1960-1969       61      0.01791  0.01775  0.50   79986    1420   79276  1312310  16.41
1960-1969       62      0.01997  0.01977  0.50   78566    1553   77789  1233034  15.69
1960-1969       63      0.02166  0.02143  0.50   77013    1650   76187  1155245  15.00
1960-1969       64      0.02396  0.02367  0.50   75362    1784   74470  1079058  14.32
1960-1969       65      0.02645  0.02611  0.50   73578    1921   72618  1004588  13.65
1960-1969       66      0.02896  0.02855  0.50   71657    2046   70634   931970  13.01
1960-1969       67      0.03176  0.03127  0.50   69611    2176   68523   861336  12.37
1960-1969       68      0.03476  0.03416  0.50   67435    2304   66283   792813  11.76
1960-1969       69      0.03808  0.03737  0.50   65131    2434   63914   726530  11.15
1960-1969       70      0.04212  0.04125  0.50   62697    2586   61404   662616  10.57
1960-1969       71      0.04646  0.04540  0.50   60111    2729   58746   601212  10.00
1960-1969       72      0.05138  0.05009  0.50   57382    2874   55945   542466   9.45
1960-1969       73      0.05592  0.05440  0.50   54507    2965   53025   486521   8.93
1960-1969       74      0.06168  0.05984  0.50   51542    3084   50000   433496   8.41
1960-1969       75      0.06797  0.06573  0.50   48458    3185   46866   383496   7.91
1960-1969       76      0.07484  0.07214  0.50   45273    3266   43640   336630   7.44
1960-1969       77      0.08304  0.07973  0.50   42007    3349   40332   292990   6.97
1960-1969       78      0.09262  0.08852  0.50   38658    3422   36947   252658   6.54
1960-1969       79      0.10210  0.09714  0.50   35236    3423   33524   215711   6.12
1960-1969       80      0.11415  0.10799  0.50   31813    3435   30095   182187   5.73
1960-1969       81      0.12608  0.11860  0.50   28378    3366   26695   152092   5.36
1960-1969       82      0.13819  0.12926  0.50   25012    3233   23395   125397   5.01
1960-1969       83      0.15457  0.14348  0.50   21779    3125   20216   102002   4.68
1960-1969       84      0.17033  0.15696  0.50   18654    2928   17190    81785   4.38
1960-1969       85      0.18460  0.16900  0.50   15726    2658   14397    64595   4.11
1960-1969       86      0.20056  0.18228  0.50   13068    2382   11877    50198   3.84
1960-1969       87      0.22063  0.19871  0.50   10686    2123    9625    38321   3.59
1960-1969       88      0.24414  0.21758  0.50    8563    1863    7631    28696   3.35
1960-1969       89      0.26091  0.23080  0.50    6700    1546    5927    21065   3.14
1960-1969       90      0.28494  0.24941  0.50    5153    1285    4511    15138   2.94
1960-1969       91      0.31607  0.27294  0.50    3868    1056    3340    10627   2.75
1960-1969       92      0.33772  0.28893  0.50    2812     813    2406     7287   2.59
1960-1969       93      0.36123  0.30597  0.50    2000     612    1694     4881   2.44
1960-1969       94      0.39757  0.33165  0.50    1388     460    1158     3187   2.30
1960-1969       95      0.41495  0.34365  0.50     928     319     768     2029   2.19
1960-1969       96      0.44294  0.36263  0.50     609     221     498     1261   2.07
1960-1969       97      0.47133  0.38144  0.50     388     148     314      763   1.97
1960-1969       98      0.49993  0.39996  0.50     240      96     192      449   1.87
1960-1969       99      0.52857  0.41808  0.50     144      60     114      257   1.78
1960-1969      100      0.55706  0.43570  0.50      84      37      66      143   1.70
1960-1969      101      0.58521  0.45274  0.50      47      21      37       77   1.63
1960-1969      102      0.61286  0.46911  0.50      26      12      20       41   1.57
1960-1969      103      0.63982  0.48475  0.50      14       7      10       21   1.51
1960-1969      104      0.66597  0.49961  0.50       7       4       5       10   1.45
1960-1969      105      0.69117  0.51366  0.50       4       2       3        5   1.41
1960-1969      106      0.71531  0.52687  0.50       2       1       1        2   1.36
1960-1969      107      0.73831  0.53924  0.50       1       0       1        1   1.33
1960-1969      108      0.76010  0.55077  0.50       0       0       0        0   1.29
1960-1969      109      0.78064  0.56148  0.50       0       0       0        0   1.27
1960-1969      110+     0.79990  1.00000  1.25       0       0       0        0   1.25
1970-1979        0      0.02136  0.02097  0.11  100000    2097   98138  7129713  71.30
1970-1979        1      0.00138  0.00138  0.50   97903     135   97836  7031575  71.82
1970-1979        2      0.00082  0.00082  0.50   97768      81   97728  6933739  70.92
1970-1979        3      0.00061  0.00061  0.50   97688      60   97658  6836011  69.98
1970-1979        4      0.00051  0.00051  0.50   97628      49   97603  6738354  69.02
1970-1979        5      0.00045  0.00045  0.50   97578      44   97556  6640750  68.06
1970-1979        6      0.00044  0.00044  0.50   97534      43   97513  6543194  67.09
1970-1979        7      0.00039  0.00039  0.50   97492      38   97473  6445681  66.12
1970-1979        8      0.00036  0.00036  0.50   97454      35   97437  6348208  65.14
1970-1979        9      0.00033  0.00033  0.50   97419      32   97403  6250771  64.16
1970-1979       10      0.00031  0.00031  0.50   97387      31   97372  6153368  63.18
1970-1979       11      0.00031  0.00031  0.50   97357      30   97342  6055996  62.20
1970-1979       12      0.00032  0.00032  0.50   97327      31   97311  5958654  61.22
1970-1979       13      0.00037  0.00037  0.50   97296      36   97278  5861343  60.24
1970-1979       14      0.00042  0.00042  0.50   97260      41   97239  5764065  59.26
1970-1979       15      0.00057  0.00057  0.50   97219      55   97191  5666826  58.29
1970-1979       16      0.00100  0.00100  0.50   97163      97   97115  5569635  57.32
1970-1979       17      0.00111  0.00111  0.50   97067     108   97013  5472520  56.38
1970-1979       18      0.00141  0.00141  0.50   96959     137   96890  5375507  55.44
1970-1979       19      0.00147  0.00147  0.50   96822     142   96751  5278617  54.52
1970-1979       20      0.00131  0.00130  0.50   96680     126   96617  5181866  53.60
1970-1979       21      0.00134  0.00134  0.50   96554     129   96489  5085249  52.67
1970-1979       22      0.00122  0.00122  0.50   96424     117   96366  4988760  51.74
1970-1979       23      0.00113  0.00113  0.50   96307     109   96253  4892394  50.80
1970-1979       24      0.00112  0.00112  0.50   96198     108   96144  4796141  49.86
1970-1979       25      0.00112  0.00111  0.50   96090     107   96036  4699997  48.91
1970-1979       26      0.00106  0.00106  0.50   95983     102   95932  4603961  47.97
1970-1979       27      0.00116  0.00116  0.50   95881     111   95826  4508029  47.02
1970-1979       28      0.00117  0.00117  0.50   95770     112   95714  4412203  46.07
1970-1979       29      0.00117  0.00117  0.50   95658     112   95602  4316488  45.12
1970-1979       30      0.00124  0.00124  0.50   95546     119   95487  4220886  44.18
1970-1979       31      0.00129  0.00129  0.50   95427     123   95366  4125399  43.23
1970-1979       32      0.00136  0.00136  0.50   95304     129   95240  4030034  42.29
1970-1979       33      0.00150  0.00150  0.50   95175     143   95103  3934794  41.34
1970-1979       34      0.00158  0.00158  0.50   95032     150   94957  3839691  40.40
1970-1979       35      0.00162  0.00162  0.50   94881     154   94805  3744734  39.47
1970-1979       36      0.00174  0.00174  0.50   94728     165   94645  3649929  38.53
1970-1979       37      0.00188  0.00188  0.50   94563     178   94474  3555284  37.60
1970-1979       38      0.00216  0.00215  0.50   94385     203   94284  3460810  36.67
1970-1979       39      0.00234  0.00234  0.50   94182     220   94072  3366526  35.74
1970-1979       40      0.00254  0.00253  0.50   93962     238   93843  3272454  34.83
1970-1979       41      0.00282  0.00281  0.50   93723     264   93592  3178612  33.91
1970-1979       42      0.00306  0.00306  0.50   93460     286   93317  3085020  33.01
1970-1979       43      0.00339  0.00339  0.50   93174     316   93016  2991703  32.11
1970-1979       44      0.00361  0.00360  0.50   92858     335   92691  2898687  31.22
1970-1979       45      0.00381  0.00380  0.50   92524     352   92348  2805996  30.33
1970-1979       46      0.00429  0.00428  0.50   92172     395   91974  2713648  29.44
1970-1979       47      0.00463  0.00461  0.50   91777     424   91565  2621674  28.57
1970-1979       48      0.00501  0.00500  0.50   91353     456   91125  2530109  27.70
1970-1979       49      0.00554  0.00553  0.50   90897     502   90646  2438984  26.83
1970-1979       50      0.00589  0.00587  0.50   90395     531   90129  2348338  25.98
1970-1979       51      0.00625  0.00623  0.50   89864     560   89584  2258209  25.13
1970-1979       52      0.00689  0.00687  0.50   89304     614   88997  2168625  24.28
1970-1979       53      0.00730  0.00727  0.50   88690     645   88368  2079628  23.45
1970-1979       54      0.00799  0.00796  0.50   88045     701   87695  1991260  22.62
1970-1979       55      0.00876  0.00872  0.50   87345     762   86964  1903566  21.79
1970-1979       56      0.00948  0.00944  0.50   86583     817   86174  1816602  20.98
1970-1979       57      0.01033  0.01027  0.50   85766     881   85325  1730428  20.18
1970-1979       58      0.01156  0.01150  0.50   84884     976   84396  1645103  19.38
1970-1979       59      0.01242  0.01234  0.50   83909    1035   83391  1560706  18.60
1970-1979       60      0.01391  0.01382  0.50   82873    1145   82301  1477315  17.83
1970-1979       61      0.01555  0.01543  0.50   81728    1261   81098  1395015  17.07
1970-1979       62      0.01666  0.01652  0.50   80467    1329   79802  1313917  16.33
1970-1979       63      0.01858  0.01841  0.50   79138    1457   78409  1234115  15.59
1970-1979       64      0.02049  0.02028  0.50   77681    1575   76893  1155705  14.88
1970-1979       65      0.02276  0.02251  0.50   76106    1713   75249  1078812  14.18
1970-1979       66      0.02554  0.02521  0.50   74393    1876   73455  1003563  13.49
1970-1979       67      0.02841  0.02801  0.50   72517    2031   71501   930108  12.83
1970-1979       68      0.03112  0.03065  0.50   70486    2160   69406   858606  12.18
1970-1979       69      0.03505  0.03444  0.50   68325    2353   67149   789201  11.55
1970-1979       70      0.03823  0.03751  0.50   65972    2475   64735   722052  10.94
1970-1979       71      0.04330  0.04239  0.50   63498    2691   62152   657317  10.35
1970-1979       72      0.04731  0.04622  0.50   60806    2810   59401   595165   9.79
1970-1979       73      0.05265  0.05130  0.50   57996    2975   56508   535764   9.24
1970-1979       74      0.05815  0.05651  0.50   55021    3109   53466   479256   8.71
1970-1979       75      0.06417  0.06218  0.50   51912    3228   50298   425789   8.20
1970-1979       76      0.07142  0.06896  0.50   48684    3357   47005   375492   7.71
1970-1979       77      0.07854  0.07557  0.50   45327    3425   43614   328486   7.25
1970-1979       78      0.08610  0.08255  0.50   41901    3459   40172   284873   6.80
1970-1979       79      0.09584  0.09145  0.50   38442    3516   36685   244701   6.37
1970-1979       80      0.10783  0.10232  0.50   34927    3574   33140   208016   5.96
1970-1979       81      0.11761  0.11108  0.50   31353    3483   29612   174876   5.58
1970-1979       82      0.13109  0.12302  0.50   27870    3429   26156   145265   5.21
1970-1979       83      0.14307  0.13352  0.50   24442    3263   22810   119109   4.87
1970-1979       84      0.15908  0.14736  0.50   21178    3121   19618    96299   4.55
1970-1979       85      0.17428  0.16031  0.50   18057    2895   16610    76681   4.25
1970-1979       86      0.19359  0.17650  0.50   15163    2676   13824    60071   3.96
1970-1979       87      0.21054  0.19048  0.50   12486    2378   11297    46246   3.70
1970-1979       88      0.23129  0.20732  0.50   10108    2096    9060    34949   3.46
1970-1979       89      0.25090  0.22293  0.50    8012    1786    7119    25889   3.23
1970-1979       90      0.27500  0.24176  0.50    6226    1505    5474    18770   3.01
1970-1979       91      0.30854  0.26730  0.50    4721    1262    4090    13296   2.82
1970-1979       92      0.32754  0.28145  0.50    3459     974    2972     9206   2.66
1970-1979       93      0.35032  0.29810  0.50    2485     741    2115     6234   2.51
1970-1979       94      0.37589  0.31642  0.50    1745     552    1469     4119   2.36
1970-1979       95      0.40594  0.33745  0.50    1193     402     991     2651   2.22
1970-1979       96      0.43465  0.35705  0.50     790     282     649     1659   2.10
1970-1979       97      0.46384  0.37652  0.50     508     191     412     1010   1.99
1970-1979       98      0.49330  0.39570  0.50     317     125     254      598   1.89
1970-1979       99      0.52283  0.41448  0.50     191      79     152      344   1.80
1970-1979      100      0.55222  0.43273  0.50     112      48      88      192   1.71
1970-1979      101      0.58125  0.45036  0.50      64      29      49      104   1.64
1970-1979      102      0.60974  0.46728  0.50      35      16      27       55   1.57
1970-1979      103      0.63750  0.48341  0.50      19       9      14       28   1.51
1970-1979      104      0.66437  0.49871  0.50      10       5       7       14   1.46
1970-1979      105      0.69021  0.51313  0.50       5       2       4        7   1.41
1970-1979      106      0.71490  0.52665  0.50       2       1       2        3   1.36
1970-1979      107      0.73836  0.53927  0.50       1       1       1        1   1.33
1970-1979      108      0.76052  0.55100  0.50       1       0       0        1   1.29
1970-1979      109      0.78134  0.56185  0.50       0       0       0        0   1.27
1970-1979      110+     0.80081  1.00000  1.25       0       0       0        0   1.25
1980-1989        0      0.01116  0.01105  0.13  100000    1105   99034  7397762  73.98
1980-1989        1      0.00080  0.00080  0.50   98895      79   98855  7298728  73.80
1980-1989        2      0.00052  0.00052  0.50   98816      52   98790  7199872  72.86
1980-1989        3      0.00038  0.00038  0.50   98764      37   98746  7101082  71.90
1980-1989        4      0.00030  0.00030  0.50   98727      30   98712  7002336  70.93
1980-1989        5      0.00028  0.00028  0.50   98697      28   98683  6903624  69.95
1980-1989        6      0.00026  0.00026  0.50   98669      26   98656  6804941  68.97
1980-1989        7      0.00025  0.00025  0.50   98643      25   98631  6706285  67.99
1980-1989        8      0.00024  0.00024  0.50   98619      23   98607  6607654  67.00
1980-1989        9      0.00020  0.00020  0.50   98595      20   98586  6509047  66.02
1980-1989       10      0.00023  0.00023  0.50   98576      23   98564  6410461  65.03
1980-1989       11      0.00018  0.00018  0.50   98553      18   98544  6311897  64.05
1980-1989       12      0.00022  0.00022  0.50   98535      22   98524  6213353  63.06
1980-1989       13      0.00026  0.00026  0.50   98513      25   98501  6114828  62.07
1980-1989       14      0.00030  0.00030  0.50   98488      29   98473  6016327  61.09
1980-1989       15      0.00041  0.00041  0.50   98459      40   98439  5917854  60.10
1980-1989       16      0.00075  0.00075  0.50   98419      74   98382  5819415  59.13
1980-1989       17      0.00083  0.00083  0.50   98345      82   98304  5721034  58.17
1980-1989       18      0.00115  0.00115  0.50   98263     113   98206  5622730  57.22
1980-1989       19      0.00118  0.00118  0.50   98150     116   98092  5524524  56.29
1980-1989       20      0.00107  0.00107  0.50   98034     105   97982  5426432  55.35
1980-1989       21      0.00103  0.00103  0.50   97929     101   97878  5328450  54.41
1980-1989       22      0.00104  0.00104  0.50   97828     102   97777  5230572  53.47
1980-1989       23      0.00102  0.00102  0.50   97726     100   97676  5132795  52.52
1980-1989       24      0.00095  0.00095  0.50   97626      92   97580  5035119  51.58
1980-1989       25      0.00089  0.00089  0.50   97534      86   97491  4937539  50.62
1980-1989       26      0.00094  0.00094  0.50   97447      91   97402  4840048  49.67
1980-1989       27      0.00098  0.00098  0.50   97356      95   97308  4742646  48.71
1980-1989       28      0.00099  0.00099  0.50   97261      96   97213  4645338  47.76
1980-1989       29      0.00100  0.00100  0.50   97165      97   97116  4548125  46.81
1980-1989       30      0.00103  0.00103  0.50   97068     100   97018  4451009  45.85
1980-1989       31      0.00111  0.00110  0.50   96968     107   96915  4353991  44.90
1980-1989       32      0.00112  0.00112  0.50   96861     109   96807  4257076  43.95
1980-1989       33      0.00124  0.00124  0.50   96752     120   96692  4160270  43.00
1980-1989       34      0.00128  0.00128  0.50   96632     124   96570  4063577  42.05
1980-1989       35      0.00142  0.00142  0.50   96508     137   96440  3967007  41.11
1980-1989       36      0.00153  0.00153  0.50   96372     147   96298  3870567  40.16
1980-1989       37      0.00170  0.00170  0.50   96224     163   96143  3774269  39.22
1980-1989       38      0.00187  0.00186  0.50   96061     179   95971  3678127  38.29
1980-1989       39      0.00197  0.00197  0.50   95882     189   95788  3582155  37.36
1980-1989       40      0.00218  0.00218  0.50   95693     208   95589  3486368  36.43
1980-1989       41      0.00244  0.00244  0.50   95485     233   95368  3390779  35.51
1980-1989       42      0.00254  0.00254  0.50   95252     242   95131  3295410  34.60
1980-1989       43      0.00286  0.00286  0.50   95010     272   94875  3200279  33.68
1980-1989       44      0.00317  0.00316  0.50   94739     300   94589  3105404  32.78
1980-1989       45      0.00335  0.00335  0.50   94439     316   94281  3010816  31.88
1980-1989       46      0.00366  0.00366  0.50   94123     344   93951  2916534  30.99
1980-1989       47      0.00392  0.00392  0.50   93779     367   93595  2822584  30.10
1980-1989       48      0.00425  0.00424  0.50   93412     396   93214  2728988  29.21
1980-1989       49      0.00486  0.00485  0.50   93016     451   92790  2635774  28.34
1980-1989       50      0.00524  0.00523  0.50   92565     484   92323  2542984  27.47
1980-1989       51      0.00585  0.00583  0.50   92081     537   91813  2450661  26.61
1980-1989       52      0.00630  0.00628  0.50   91544     575   91257  2358848  25.77
1980-1989       53      0.00693  0.00690  0.50   90969     628   90655  2267591  24.93
1980-1989       54      0.00773  0.00770  0.50   90341     696   89993  2176936  24.10
1980-1989       55      0.00813  0.00810  0.50   89645     726   89282  2086943  23.28
1980-1989       56      0.00886  0.00882  0.50   88919     784   88527  1997660  22.47
1980-1989       57      0.00968  0.00963  0.50   88135     849   87711  1909133  21.66
1980-1989       58      0.01024  0.01019  0.50   87286     889   86841  1821423  20.87
1980-1989       59      0.01109  0.01103  0.50   86397     953   85920  1734581  20.08
1980-1989       60      0.01220  0.01212  0.50   85444    1036   84926  1648661  19.30
1980-1989       61      0.01323  0.01314  0.50   84408    1109   83854  1563735  18.53
1980-1989       62      0.01381  0.01371  0.50   83299    1142   82728  1479881  17.77
1980-1989       63      0.01533  0.01521  0.50   82157    1250   81532  1397153  17.01
1980-1989       64      0.01669  0.01656  0.50   80907    1339   80237  1315621  16.26
1980-1989       65      0.01789  0.01773  0.50   79568    1411   78862  1235384  15.53
1980-1989       66      0.01968  0.01949  0.50   78157    1523   77396  1156521  14.80
1980-1989       67      0.02225  0.02200  0.50   76634    1686   75791  1079126  14.08
1980-1989       68      0.02470  0.02440  0.50   74948    1829   74034  1003335  13.39
1980-1989       69      0.02719  0.02683  0.50   73119    1962   72139   929301  12.71
1980-1989       70      0.03003  0.02958  0.50   71158    2105   70105   857163  12.05
1980-1989       71      0.03403  0.03346  0.50   69053    2310   67898   787057  11.40
1980-1989       72      0.03815  0.03744  0.50   66742    2499   65493   719160  10.78
1980-1989       73      0.04147  0.04063  0.50   64244    2610   62939   653667  10.17
1980-1989       74      0.04635  0.04530  0.50   61634    2792   60238   590728   9.58
1980-1989       75      0.05171  0.05040  0.50   58842    2966   57359   530491   9.02
1980-1989       76      0.05798  0.05635  0.50   55876    3148   54302   473132   8.47
1980-1989       77      0.06522  0.06316  0.50   52728    3330   51062   418830   7.94
1980-1989       78      0.07238  0.06986  0.50   49397    3451   47672   367768   7.45
1980-1989       79      0.08117  0.07801  0.50   45946    3584   44154   320096   6.97
1980-1989       80      0.09157  0.08756  0.50   42362    3709   40508   275941   6.51
1980-1989       81      0.10223  0.09726  0.50   38653    3759   36773   235434   6.09
1980-1989       82      0.11239  0.10641  0.50   34894    3713   33037   198660   5.69
1980-1989       83      0.12623  0.11873  0.50   31181    3702   29330   165623   5.31
1980-1989       84      0.13911  0.13007  0.50   27478    3574   25691   136294   4.96
1980-1989       85      0.15401  0.14300  0.50   23904    3418   22195   110602   4.63
1980-1989       86      0.17191  0.15831  0.50   20486    3243   18865    88407   4.32
1980-1989       87      0.18895  0.17264  0.50   17243    2977   15755    69542   4.03
1980-1989       88      0.20685  0.18746  0.50   14266    2674   12929    53788   3.77
1980-1989       89      0.22477  0.20206  0.50   11592    2342   10421    40859   3.52
1980-1989       90      0.24652  0.21947  0.50    9250    2030    8235    30438   3.29
1980-1989       91      0.26772  0.23611  0.50    7220    1705    6367    22204   3.08
1980-1989       92      0.29249  0.25517  0.50    5515    1407    4811    15836   2.87
1980-1989       93      0.31290  0.27057  0.50    4108    1111    3552    11025   2.68
1980-1989       94      0.35361  0.30048  0.50    2996     900    2546     7473   2.49
1980-1989       95      0.37734  0.31744  0.50    2096     665    1763     4927   2.35
1980-1989       96      0.40664  0.33793  0.50    1431     483    1189     3164   2.21
1980-1989       97      0.43668  0.35843  0.50     947     339     777     1975   2.08
1980-1989       98      0.46726  0.37877  0.50     608     230     493     1197   1.97
1980-1989       99      0.49812  0.39880  0.50     378     151     302      705   1.87
1980-1989      100      0.52904  0.41837  0.50     227      95     179      402   1.77
1980-1989      101      0.55976  0.43736  0.50     132      58     103      223   1.69
1980-1989      102      0.59006  0.45563  0.50      74      34      57      120   1.61
1980-1989      103      0.61969  0.47310  0.50      40      19      31       63   1.55
1980-1989      104      0.64847  0.48969  0.50      21      10      16       32   1.49
1980-1989      105      0.67621  0.50535  0.50      11       5       8       16   1.43
1980-1989      106      0.70275  0.52003  0.50       5       3       4        7   1.38
1980-1989      107      0.72799  0.53372  0.50       3       1       2        3   1.34
1980-1989      108      0.75182  0.54642  0.50       1       1       1        2   1.31
1980-1989      109      0.77419  0.55814  0.50       1       0       0        1   1.28
1980-1989      110+     0.79508  1.00000  1.26       0       0       0        0   1.26
1990-1999        0      0.00605  0.00602  0.14  100000     602   99481  7672279  76.72
1990-1999        1      0.00052  0.00052  0.50   99398      52   99372  7572798  76.19
1990-1999        2      0.00033  0.00033  0.50   99346      32   99330  7473426  75.23
1990-1999        3      0.00027  0.00027  0.50   99314      27   99300  7374096  74.25
1990-1999        4      0.00021  0.00021  0.50   99287      21   99276  7274795  73.27
1990-1999        5      0.00018  0.00018  0.50   99266      18   99257  7175519  72.29
1990-1999        6      0.00015  0.00015  0.50   99248      15   99240  7076263  71.30
1990-1999        7      0.00014  0.00014  0.50   99232      14   99225  6977023  70.31
1990-1999        8      0.00014  0.00014  0.50   99218      14   99212  6877797  69.32
1990-1999        9      0.00013  0.00013  0.50   99205      13   99198  6778586  68.33
1990-1999       10      0.00013  0.00013  0.50   99191      13   99185  6679388  67.34
1990-1999       11      0.00013  0.00013  0.50   99179      12   99173  6580203  66.35
1990-1999       12      0.00016  0.00016  0.50   99166      16   99158  6481030  65.36
1990-1999       13      0.00018  0.00018  0.50   99150      18   99141  6381872  64.37
1990-1999       14      0.00021  0.00021  0.50   99132      20   99122  6282730  63.38
1990-1999       15      0.00027  0.00027  0.50   99112      27   99099  6183608  62.39
1990-1999       16      0.00050  0.00050  0.50   99085      49   99061  6084510  61.41
1990-1999       17      0.00060  0.00060  0.50   99036      59   99006  5985449  60.44
1990-1999       18      0.00088  0.00088  0.50   98977      87   98933  5886443  59.47
1990-1999       19      0.00097  0.00097  0.50   98889      96   98841  5787510  58.53
1990-1999       20      0.00090  0.00090  0.50   98794      88   98749  5688668  57.58
1990-1999       21      0.00087  0.00087  0.50   98705      86   98662  5589919  56.63
1990-1999       22      0.00079  0.00079  0.50   98619      78   98580  5491257  55.68
1990-1999       23      0.00078  0.00078  0.50   98542      77   98503  5392677  54.72
1990-1999       24      0.00081  0.00081  0.50   98464      79   98425  5294174  53.77
1990-1999       25      0.00071  0.00071  0.50   98385      70   98350  5195749  52.81
1990-1999       26      0.00074  0.00074  0.50   98315      72   98279  5097399  51.85
1990-1999       27      0.00071  0.00071  0.50   98242      70   98208  4999120  50.89
1990-1999       28      0.00077  0.00077  0.50   98173      75   98135  4900913  49.92
1990-1999       29      0.00076  0.00076  0.50   98097      75   98060  4802778  48.96
1990-1999       30      0.00078  0.00078  0.50   98022      77   97984  4704718  48.00
1990-1999       31      0.00083  0.00083  0.50   97946      82   97905  4606734  47.03
1990-1999       32      0.00090  0.00090  0.50   97864      88   97820  4508829  46.07
1990-1999       33      0.00095  0.00095  0.50   97776      93   97730  4411009  45.11
1990-1999       34      0.00096  0.00096  0.50   97683      94   97636  4313279  44.16
1990-1999       35      0.00107  0.00106  0.50   97589     104   97537  4215643  43.20
1990-1999       36      0.00119  0.00119  0.50   97485     116   97427  4118106  42.24
1990-1999       37      0.00126  0.00126  0.50   97369     123   97307  4020680  41.29
1990-1999       38      0.00138  0.00138  0.50   97246     134   97179  3923372  40.34
1990-1999       39      0.00152  0.00152  0.50   97112     148   97038  3826194  39.40
1990-1999       40      0.00165  0.00165  0.50   96964     160   96884  3729156  38.46
1990-1999       41      0.00181  0.00181  0.50   96804     175   96716  3632272  37.52
1990-1999       42      0.00214  0.00214  0.50   96629     207   96525  3535556  36.59
1990-1999       43      0.00227  0.00227  0.50   96422     219   96312  3439031  35.67
1990-1999       44      0.00248  0.00247  0.50   96203     238   96084  3342718  34.75
1990-1999       45      0.00288  0.00287  0.50   95965     276   95827  3246634  33.83
1990-1999       46      0.00296  0.00296  0.50   95689     283   95548  3150807  32.93
1990-1999       47      0.00335  0.00335  0.50   95406     319   95247  3055260  32.02
1990-1999       48      0.00370  0.00369  0.50   95087     351   94911  2960013  31.13
1990-1999       49      0.00390  0.00390  0.50   94736     369   94551  2865101  30.24
1990-1999       50      0.00441  0.00440  0.50   94367     415   94159  2770550  29.36
1990-1999       51      0.00462  0.00460  0.50   93952     433   93735  2676391  28.49
1990-1999       52      0.00506  0.00505  0.50   93519     472   93283  2582655  27.62
1990-1999       53      0.00552  0.00551  0.50   93047     513   92791  2489372  26.75
1990-1999       54      0.00589  0.00588  0.50   92534     544   92262  2396582  25.90
1990-1999       55      0.00653  0.00650  0.50   91991     598   91691  2304319  25.05
1990-1999       56      0.00679  0.00677  0.50   91392     618   91083  2212628  24.21
1990-1999       57      0.00756  0.00753  0.50   90774     683   90432  2121545  23.37
1990-1999       58      0.00828  0.00824  0.50   90090     743   89719  2031113  22.55
1990-1999       59      0.00875  0.00871  0.50   89348     778   88959  1941394  21.73
1990-1999       60      0.01014  0.01009  0.50   88569     893   88123  1852435  20.92
1990-1999       61      0.01112  0.01106  0.50   87676     969   87191  1764312  20.12
1990-1999       62      0.01236  0.01228  0.50   86707    1065   86174  1677121  19.34
1990-1999       63      0.01313  0.01304  0.50   85642    1117   85083  1590947  18.58
1990-1999       64      0.01455  0.01444  0.50   84525    1221   83914  1505863  17.82
1990-1999       65      0.01590  0.01577  0.50   83304    1314   82647  1421949  17.07
1990-1999       66      0.01751  0.01736  0.50   81990    1423   81279  1339302  16.33
1990-1999       67      0.01857  0.01840  0.50   80567    1482   79826  1258024  15.61
1990-1999       68      0.02051  0.02030  0.50   79085    1605   78282  1178198  14.90
1990-1999       69      0.02240  0.02215  0.50   77480    1716   76621  1099916  14.20
1990-1999       70      0.02427  0.02398  0.50   75763    1817   74855  1023294  13.51
1990-1999       71      0.02682  0.02646  0.50   73946    1957   72968   948440  12.83
1990-1999       72      0.02873  0.02832  0.50   71989    2039   70970   875472  12.16
1990-1999       73      0.03172  0.03122  0.50   69951    2184   68859   804502  11.50
1990-1999       74      0.03520  0.03459  0.50   67767    2344   66595   735643  10.86
1990-1999       75      0.03961  0.03884  0.50   65422    2541   64152   669049  10.23
1990-1999       76      0.04404  0.04309  0.50   62882    2710   61527   604897   9.62
1990-1999       77      0.04939  0.04820  0.50   60172    2900   58722   543370   9.03
1990-1999       78      0.05584  0.05432  0.50   57272    3111   55716   484648   8.46
1990-1999       79      0.06220  0.06033  0.50   54161    3267   52527   428932   7.92
1990-1999       80      0.07198  0.06948  0.50   50893    3536   49125   376405   7.40
1990-1999       81      0.08004  0.07696  0.50   47357    3645   45535   327280   6.91
1990-1999       82      0.08997  0.08610  0.50   43713    3764   41831   281745   6.45
1990-1999       83      0.10027  0.09548  0.50   39949    3814   38042   239914   6.01
1990-1999       84      0.11248  0.10649  0.50   36135    3848   34211   201872   5.59
1990-1999       85      0.12541  0.11801  0.50   32287    3810   30382   167661   5.19
1990-1999       86      0.14118  0.13187  0.50   28477    3755   26599   137279   4.82
1990-1999       87      0.15735  0.14587  0.50   24721    3606   22918   110680   4.48
1990-1999       88      0.17707  0.16267  0.50   21115    3435   19398    87762   4.16
1990-1999       89      0.19530  0.17792  0.50   17680    3146   16108    68364   3.87
1990-1999       90      0.21836  0.19686  0.50   14535    2861   13104    52256   3.60
1990-1999       91      0.23665  0.21161  0.50   11673    2470   10438    39152   3.35
1990-1999       92      0.26258  0.23210  0.50    9203    2136    8135    28714   3.12
1990-1999       93      0.28614  0.25032  0.50    7067    1769    6183    20579   2.91
1990-1999       94      0.30686  0.26604  0.50    5298    1409    4593    14397   2.72
1990-1999       95      0.34307  0.29284  0.50    3888    1139    3319     9803   2.52
1990-1999       96      0.37307  0.31442  0.50    2750     865    2318     6484   2.36
1990-1999       97      0.40419  0.33624  0.50    1885     634    1568     4167   2.21
1990-1999       98      0.43619  0.35809  0.50    1251     448    1027     2598   2.08
1990-1999       99      0.46882  0.37979  0.50     803     305     651     1571   1.96
1990-1999      100      0.50181  0.40116  0.50     498     200     398      920   1.85
1990-1999      101      0.53487  0.42201  0.50     298     126     235      522   1.75
1990-1999      102      0.56770  0.44219  0.50     172      76     134      287   1.66
1990-1999      103      0.60003  0.46156  0.50      96      44      74      153   1.59
1990-1999      104      0.63157  0.48000  0.50      52      25      39       79   1.52
1990-1999      105      0.66209  0.49742  0.50      27      13      20       39   1.46
1990-1999      106      0.69137  0.51377  0.50      14       7      10       19   1.40
1990-1999      107      0.71923  0.52899  0.50       7       3       5        9   1.35
1990-1999      108      0.74554  0.54309  0.50       3       2       2        4   1.31
1990-1999      109      0.77021  0.55607  0.50       1       1       1        2   1.28
1990-1999      110+     0.79318  1.00000  1.26       1       1       1        1   1.26
2000-2009        0      0.00418  0.00416  0.14  100000     416   99642  7943824  79.44
2000-2009        1      0.00036  0.00036  0.50   99584      36   99566  7844182  78.77
2000-2009        2      0.00020  0.00020  0.50   99547      20   99538  7744616  77.80
2000-2009        3      0.00016  0.00016  0.50   99528      16   99520  7645079  76.81
2000-2009        4      0.00012  0.00012  0.50   99512      12   99506  7545559  75.83
2000-2009        5      0.00011  0.00011  0.50   99500      11   99495  7446053  74.83
2000-2009        6      0.00011  0.00011  0.50   99489      11   99484  7346558  73.84
2000-2009        7      0.00010  0.00010  0.50   99479      10   99473  7247074  72.85
2000-2009        8      0.00009  0.00009  0.50   99468       9   99464  7147601  71.86
2000-2009        9      0.00010  0.00010  0.50   99459      10   99454  7048137  70.86
2000-2009       10      0.00011  0.00011  0.50   99449      11   99444  6948683  69.87
2000-2009       11      0.00009  0.00009  0.50   99438       9   99434  6849240  68.88
2000-2009       12      0.00010  0.00010  0.50   99429      10   99424  6749806  67.89
2000-2009       13      0.00014  0.00014  0.50   99419      14   99413  6650382  66.89
2000-2009       14      0.00017  0.00017  0.50   99406      17   99398  6550969  65.90
2000-2009       15      0.00027  0.00027  0.50   99389      27   99376  6451572  64.91
2000-2009       16      0.00038  0.00038  0.50   99362      38   99343  6352196  63.93
2000-2009       17      0.00049  0.00049  0.50   99325      49   99300  6252852  62.95
2000-2009       18      0.00069  0.00069  0.50   99276      69   99241  6153552  61.98
2000-2009       19      0.00066  0.00066  0.50   99207      65   99174  6054311  61.03
2000-2009       20      0.00062  0.00062  0.50   99142      61   99111  5955137  60.07
2000-2009       21      0.00065  0.00065  0.50   99081      64   99049  5856026  59.10
2000-2009       22      0.00061  0.00061  0.50   99017      60   98987  5756977  58.14
2000-2009       23      0.00058  0.00058  0.50   98956      58   98928  5657990  57.18
2000-2009       24      0.00057  0.00057  0.50   98899      57   98870  5559063  56.21
2000-2009       25      0.00056  0.00056  0.50   98842      55   98814  5460193  55.24
2000-2009       26      0.00057  0.00057  0.50   98787      57   98759  5361378  54.27
2000-2009       27      0.00055  0.00055  0.50   98730      54   98703  5262619  53.30
2000-2009       28      0.00054  0.00054  0.50   98676      53   98649  5163916  52.33
2000-2009       29      0.00054  0.00054  0.50   98623      53   98596  5065267  51.36
2000-2009       30      0.00056  0.00056  0.50   98569      55   98542  4966671  50.39
2000-2009       31      0.00057  0.00057  0.50   98514      56   98486  4868130  49.42
2000-2009       32      0.00061  0.00061  0.50   98458      60   98428  4769644  48.44
2000-2009       33      0.00067  0.00066  0.50   98398      65   98365  4671215  47.47
2000-2009       34      0.00072  0.00072  0.50   98333      71   98297  4572850  46.50
2000-2009       35      0.00073  0.00073  0.50   98262      72   98226  4474553  45.54
2000-2009       36      0.00081  0.00081  0.50   98190      79   98150  4376327  44.57
2000-2009       37      0.00088  0.00088  0.50   98111      87   98067  4278177  43.61
2000-2009       38      0.00096  0.00096  0.50   98024      94   97977  4180109  42.64
2000-2009       39      0.00110  0.00110  0.50   97930     108   97876  4082132  41.68
2000-2009       40      0.00116  0.00116  0.50   97822     113   97765  3984257  40.73
2000-2009       41      0.00128  0.00128  0.50   97709     125   97646  3886492  39.78
2000-2009       42      0.00143  0.00143  0.50   97584     140   97514  3788845  38.83
2000-2009       43      0.00159  0.00159  0.50   97444     154   97367  3691332  37.88
2000-2009       44      0.00175  0.00175  0.50   97289     170   97204  3593965  36.94
2000-2009       45      0.00192  0.00192  0.50   97119     186   97026  3496761  36.00
2000-2009       46      0.00228  0.00228  0.50   96933     221   96823  3399735  35.07
2000-2009       47      0.00239  0.00238  0.50   96712     230   96597  3302912  34.15
2000-2009       48      0.00271  0.00271  0.50   96482     261   96351  3206316  33.23
2000-2009       49      0.00295  0.00295  0.50   96221     284   96079  3109965  32.32
2000-2009       50      0.00325  0.00324  0.50   95937     311   95781  3013886  31.42
2000-2009       51      0.00371  0.00370  0.50   95626     354   95449  2918104  30.52
2000-2009       52      0.00405  0.00405  0.50   95272     385   95079  2822655  29.63
2000-2009       53      0.00444  0.00443  0.50   94886     421   94676  2727576  28.75
2000-2009       54      0.00505  0.00503  0.50   94466     476   94228  2632900  27.87
2000-2009       55      0.00523  0.00522  0.50   93990     490   93745  2538672  27.01
2000-2009       56      0.00582  0.00580  0.50   93500     542   93229  2444927  26.15
2000-2009       57      0.00644  0.00642  0.50   92958     596   92659  2351698  25.30
2000-2009       58      0.00706  0.00703  0.50   92361     650   92036  2259039  24.46
2000-2009       59      0.00738  0.00735  0.50   91711     674   91374  2167003  23.63
2000-2009       60      0.00809  0.00806  0.50   91037     734   90670  2075629  22.80
2000-2009       61      0.00871  0.00867  0.50   90303     783   89912  1984959  21.98
2000-2009       62      0.00926  0.00921  0.50   89520     825   89108  1895047  21.17
2000-2009       63      0.01002  0.00997  0.50   88696     884   88253  1805939  20.36
2000-2009       64      0.01058  0.01052  0.50   87811     924   87349  1717686  19.56
2000-2009       65      0.01168  0.01161  0.50   86887    1009   86383  1630336  18.76
2000-2009       66      0.01284  0.01276  0.50   85878    1096   85330  1543954  17.98
2000-2009       67      0.01388  0.01378  0.50   84782    1168   84198  1458623  17.20
2000-2009       68      0.01511  0.01499  0.50   83614    1254   82987  1374425  16.44
2000-2009       69      0.01645  0.01632  0.50   82360    1344   81688  1291438  15.68
2000-2009       70      0.01853  0.01836  0.50   81017    1487   80273  1209749  14.93
2000-2009       71      0.02034  0.02014  0.50   79529    1601   78729  1129476  14.20
2000-2009       72      0.02278  0.02252  0.50   77928    1755   77051  1050748  13.48
2000-2009       73      0.02525  0.02493  0.50   76173    1899   75223   973697  12.78
2000-2009       74      0.02813  0.02774  0.50   74274    2060   73244   898474  12.10
2000-2009       75      0.03102  0.03055  0.50   72214    2206   71111   825230  11.43
2000-2009       76      0.03509  0.03448  0.50   70008    2414   68801   754119  10.77
2000-2009       77      0.03936  0.03860  0.50   67594    2609   66289   685318  10.14
2000-2009       78      0.04340  0.04248  0.50   64985    2760   63605   619029   9.53
2000-2009       79      0.04755  0.04644  0.50   62224    2890   60779   555424   8.93
2000-2009       80      0.05565  0.05415  0.50   59334    3213   57728   494645   8.34
2000-2009       81      0.06157  0.05973  0.50   56122    3352   54446   436917   7.79
2000-2009       82      0.07019  0.06781  0.50   52769    3578   50980   382471   7.25
2000-2009       83      0.07834  0.07539  0.50   49191    3708   47337   331491   6.74
2000-2009       84      0.08847  0.08472  0.50   45483    3853   43556   284154   6.25
2000-2009       85      0.10261  0.09760  0.50   41630    4063   39598   240597   5.78
2000-2009       86      0.11653  0.11011  0.50   37567    4136   35498   200999   5.35
2000-2009       87      0.13154  0.12342  0.50   33430    4126   31367   165501   4.95
2000-2009       88      0.14622  0.13626  0.50   29304    3993   27308   134134   4.58
2000-2009       89      0.16707  0.15419  0.50   25311    3903   23360   106826   4.22
2000-2009       90      0.18931  0.17294  0.50   21408    3702   19557    83466   3.90
2000-2009       91      0.21160  0.19135  0.50   17706    3388   16012    63909   3.61
2000-2009       92      0.23422  0.20967  0.50   14318    3002   12817    47897   3.35
2000-2009       93      0.25946  0.22967  0.50   11316    2599   10016    35080   3.10
2000-2009       94      0.28382  0.24855  0.50    8717    2167    7634    25064   2.88
2000-2009       95      0.31597  0.27286  0.50    6550    1787    5657    17430   2.66
2000-2009       96      0.34754  0.29609  0.50    4763    1410    4058    11773   2.47
2000-2009       97      0.38061  0.31976  0.50    3353    1072    2817     7715   2.30
2000-2009       98      0.41490  0.34362  0.50    2281     784    1889     4899   2.15
2000-2009       99      0.45012  0.36743  0.50    1497     550    1222     3010   2.01
2000-2009      100      0.48592  0.39094  0.50     947     370     762     1788   1.89
2000-2009      101      0.52194  0.41392  0.50     577     239     457     1026   1.78
2000-2009      102      0.55779  0.43615  0.50     338     147     264      569   1.68
2000-2009      103      0.59311  0.45745  0.50     191      87     147      304   1.60
2000-2009      104      0.62754  0.47766  0.50     103      49      79      157   1.52
2000-2009      105      0.66076  0.49667  0.50      54      27      41       79   1.45
2000-2009      106      0.69251  0.51440  0.50      27      14      20       38   1.40
2000-2009      107      0.72257  0.53080  0.50      13       7      10       18   1.35
2000-2009      108      0.75078  0.54586  0.50       6       3       5        8   1.30
2000-2009      109      0.77702  0.55961  0.50       3       2       2        4   1.27
2000-2009      110+     0.80126  1.00000  1.25       1       1       2        2   1.25
2010-2019        0      0.00320  0.00319  0.14  100000     319   99727  8127781  81.28
2010-2019        1      0.00024  0.00024  0.50   99681      24   99669  8028054  80.54
2010-2019        2      0.00017  0.00017  0.50   99657      17   99649  7928385  79.56
2010-2019        3      0.00012  0.00012  0.50   99641      12   99635  7828736  78.57
2010-2019        4      0.00010  0.00010  0.50   99629      10   99623  7729102  77.58
2010-2019        5      0.00009  0.00009  0.50   99618       9   99614  7629478  76.59
2010-2019        6      0.00007  0.00007  0.50   99609       7   99606  7529864  75.59
2010-2019        7      0.00007  0.00007  0.50   99603       7   99599  7430258  74.60
2010-2019        8      0.00008  0.00008  0.50   99596       8   99592  7330659  73.60
2010-2019        9      0.00009  0.00009  0.50   99588       9   99583  7231067  72.61
2010-2019       10      0.00007  0.00007  0.50   99579       7   99575  7131484  71.62
2010-2019       11      0.00010  0.00010  0.50   99572      10   99567  7031908  70.62
2010-2019       12      0.00009  0.00009  0.50   99562       9   99558  6932341  69.63
2010-2019       13      0.00010  0.00010  0.50   99553      10   99548  6832783  68.63
2010-2019       14      0.00012  0.00012  0.50   99543      12   99537  6733235  67.64
2010-2019       15      0.00018  0.00018  0.50   99531      18   99522  6633698  66.65
2010-2019       16      0.00027  0.00027  0.50   99513      27   99500  6534176  65.66
2010-2019       17      0.00029  0.00029  0.50   99486      29   99472  6434676  64.68
2010-2019       18      0.00036  0.00036  0.50   99458      35   99440  6335204  63.70
2010-2019       19      0.00039  0.00039  0.50   99422      39   99403  6235765  62.72
2010-2019       20      0.00042  0.00042  0.50   99383      42   99362  6136362  61.74
2010-2019       21      0.00044  0.00044  0.50   99341      43   99319  6037000  60.77
2010-2019       22      0.00042  0.00042  0.50   99298      42   99277  5937681  59.80
2010-2019       23      0.00038  0.00038  0.50   99256      38   99237  5838404  58.82
2010-2019       24      0.00037  0.00037  0.50   99218      37   99200  5739166  57.84
2010-2019       25      0.00040  0.00040  0.50   99182      40   99162  5639966  56.87
2010-2019       26      0.00043  0.00043  0.50   99142      43   99120  5540805  55.89
2010-2019       27      0.00040  0.00040  0.50   99099      40   99079  5441684  54.91
2010-2019       28      0.00044  0.00044  0.50   99059      43   99038  5342605  53.93
2010-2019       29      0.00046  0.00046  0.50   99016      45   98993  5243567  52.96
2010-2019       30      0.00043  0.00043  0.50   98971      42   98950  5144574  51.98
2010-2019       31      0.00049  0.00049  0.50   98929      48   98904  5045624  51.00
2010-2019       32      0.00050  0.00050  0.50   98880      50   98855  4946720  50.03
2010-2019       33      0.00054  0.00054  0.50   98830      53   98804  4847865  49.05
2010-2019       34      0.00060  0.00060  0.50   98777      59   98747  4749061  48.08
2010-2019       35      0.00065  0.00065  0.50   98718      64   98686  4650314  47.11
2010-2019       36      0.00064  0.00064  0.50   98654      63   98622  4551628  46.14
2010-2019       37      0.00069  0.00069  0.50   98591      68   98557  4453006  45.17
2010-2019       38      0.00072  0.00072  0.50   98523      71   98488  4354449  44.20
2010-2019       39      0.00083  0.00083  0.50   98452      82   98412  4255961  43.23
2010-2019       40      0.00088  0.00088  0.50   98371      86   98328  4157550  42.26
2010-2019       41      0.00103  0.00103  0.50   98285     101   98234  4059222  41.30
2010-2019       42      0.00109  0.00109  0.50   98184     107   98130  3960988  40.34
2010-2019       43      0.00119  0.00119  0.50   98076     117   98018  3862858  39.39
2010-2019       44      0.00130  0.00130  0.50   97960     127   97896  3764840  38.43
2010-2019       45      0.00151  0.00151  0.50   97833     147   97759  3666944  37.48
2010-2019       46      0.00164  0.00164  0.50   97685     160   97605  3569185  36.54
2010-2019       47      0.00183  0.00183  0.50   97525     178   97436  3471579  35.60
2010-2019       48      0.00205  0.00205  0.50   97347     199   97247  3374143  34.66
2010-2019       49      0.00231  0.00231  0.50   97148     224   97035  3276896  33.73
2010-2019       50      0.00250  0.00250  0.50   96923     242   96802  3179860  32.81
2010-2019       51      0.00270  0.00269  0.50   96681     260   96551  3083058  31.89
2010-2019       52      0.00305  0.00305  0.50   96421     294   96274  2986507  30.97
2010-2019       53      0.00345  0.00345  0.50   96127     331   95961  2890233  30.07
2010-2019       54      0.00382  0.00381  0.50   95796     365   95613  2794272  29.17
2010-2019       55      0.00413  0.00412  0.50   95431     393   95234  2698659  28.28
2010-2019       56      0.00471  0.00470  0.50   95037     447   94814  2603425  27.39
2010-2019       57      0.00513  0.00512  0.50   94590     484   94348  2508611  26.52
2010-2019       58      0.00555  0.00553  0.50   94106     521   93846  2414263  25.65
2010-2019       59      0.00619  0.00617  0.50   93586     577   93297  2320417  24.79
2010-2019       60      0.00682  0.00679  0.50   93008     632   92692  2227120  23.95
2010-2019       61      0.00765  0.00763  0.50   92376     704   92024  2134427  23.11
2010-2019       62      0.00833  0.00829  0.50   91672     760   91292  2042403  22.28
2010-2019       63      0.00925  0.00921  0.50   90912     837   90493  1951111  21.46
2010-2019       64      0.00996  0.00991  0.50   90075     893   89628  1860618  20.66
2010-2019       65      0.01097  0.01091  0.50   89182     973   88695  1770990  19.86
2010-2019       66      0.01187  0.01180  0.50   88209    1041   87688  1682294  19.07
2010-2019       67      0.01293  0.01285  0.50   87168    1120   86608  1594606  18.29
2010-2019       68      0.01413  0.01403  0.50   86048    1207   85444  1507998  17.53
2010-2019       69      0.01521  0.01509  0.50   84840    1280   84200  1422555  16.77
2010-2019       70      0.01648  0.01634  0.50   83560    1366   82877  1338355  16.02
2010-2019       71      0.01791  0.01775  0.50   82194    1459   81465  1255478  15.27
2010-2019       72      0.01900  0.01882  0.50   80735    1520   79976  1174013  14.54
2010-2019       73      0.02108  0.02086  0.50   79216    1652   78390  1094037  13.81
2010-2019       74      0.02282  0.02257  0.50   77564    1750   76689  1015647  13.09
2010-2019       75      0.02497  0.02466  0.50   75813    1870   74878   938959  12.39
2010-2019       76      0.02755  0.02717  0.50   73943    2009   72939   864080  11.69
2010-2019       77      0.03087  0.03040  0.50   71934    2187   70841   791141  11.00
2010-2019       78      0.03417  0.03359  0.50   69747    2343   68576   720301  10.33
2010-2019       79      0.03830  0.03758  0.50   67404    2533   66138   651725   9.67
2010-2019       80      0.04443  0.04347  0.50   64871    2820   63461   585587   9.03
2010-2019       81      0.05101  0.04974  0.50   62051    3086   60508   522126   8.41
2010-2019       82      0.05902  0.05733  0.50   58965    3381   57275   461618   7.83
2010-2019       83      0.06713  0.06495  0.50   55584    3610   53779   404343   7.27
2010-2019       84      0.07622  0.07342  0.50   51974    3816   50066   350564   6.74
2010-2019       85      0.08844  0.08469  0.50   48158    4079   46119   300498   6.24
2010-2019       86      0.10009  0.09532  0.50   44080    4202   41979   254379   5.77
2010-2019       87      0.11397  0.10783  0.50   39878    4300   37728   212400   5.33
2010-2019       88      0.13017  0.12222  0.50   35578    4348   33404   174672   4.91
2010-2019       89      0.14721  0.13712  0.50   31230    4282   29089   141268   4.52
2010-2019       90      0.16827  0.15521  0.50   26947    4183   24856   112180   4.16
2010-2019       91      0.18954  0.17313  0.50   22765    3941   20794    87323   3.84
2010-2019       92      0.21235  0.19196  0.50   18823    3613   17017    66529   3.53
2010-2019       93      0.24134  0.21535  0.50   15210    3275   13572    49512   3.26
2010-2019       94      0.26284  0.23231  0.50   11935    2772   10548    35940   3.01
2010-2019       95      0.29622  0.25801  0.50    9162    2364    7980    25392   2.77
2010-2019       96      0.32872  0.28232  0.50    6798    1919    5839    17412   2.56
2010-2019       97      0.36308  0.30729  0.50    4879    1499    4129    11573   2.37
2010-2019       98      0.39904  0.33267  0.50    3380    1124    2818     7444   2.20
2010-2019       99      0.43626  0.35814  0.50    2255     808    1852     4626   2.05
2010-2019      100      0.47433  0.38340  0.50    1448     555    1170     2775   1.92
2010-2019      101      0.51282  0.40816  0.50     893     364     710     1605   1.80
2010-2019      102      0.55126  0.43215  0.50     528     228     414      894   1.69
2010-2019      103      0.58920  0.45512  0.50     300     137     232      480   1.60
2010-2019      104      0.62619  0.47688  0.50     163      78     124      248   1.52
2010-2019      105      0.66183  0.49727  0.50      86      43      64      124   1.45
2010-2019      106      0.69578  0.51620  0.50      43      22      32       60   1.39
2010-2019      107      0.72778  0.53361  0.50      21      11      15       28   1.34
2010-2019      108      0.75763  0.54948  0.50      10       5       7       13   1.29
2010-2019      109      0.78521  0.56384  0.50       4       2       3        5   1.26
2010-2019      110+     0.81047  1.00000  1.23       2       2       2        2   1.23
