Bulgaria, Life tables (period 1x10), Total	Last modified: 15 Sep 2022;  Methods Protocol: v6 (2017)

  Year          Age         mx       qx    ax      lx      dx      Lx       Tx     ex
1947-1949        0      0.13427  0.12283  0.31  100000   12283   91474  5599682  56.00
1947-1949        1      0.02639  0.02605  0.50   87717    2285   86575  5508208  62.79
1947-1949        2      0.01192  0.01185  0.50   85433    1012   84927  5421633  63.46
1947-1949        3      0.00617  0.00615  0.50   84420     520   84161  5336706  63.22
1947-1949        4      0.00446  0.00445  0.50   83901     373   83714  5252546  62.60
1947-1949        5      0.00338  0.00337  0.50   83528     282   83387  5168831  61.88
1947-1949        6      0.00266  0.00266  0.50   83246     222   83135  5085445  61.09
1947-1949        7      0.00247  0.00247  0.50   83024     205   82922  5002309  60.25
1947-1949        8      0.00213  0.00212  0.50   82820     176   82732  4919387  59.40
1947-1949        9      0.00188  0.00188  0.50   82644     155   82566  4836656  58.52
1947-1949       10      0.00177  0.00177  0.50   82489     146   82416  4754089  57.63
1947-1949       11      0.00171  0.00171  0.50   82343     141   82272  4671674  56.73
1947-1949       12      0.00178  0.00178  0.50   82202     147   82129  4589401  55.83
1947-1949       13      0.00188  0.00188  0.50   82056     154   81978  4507273  54.93
1947-1949       14      0.00209  0.00209  0.50   81901     171   81816  4425294  54.03
1947-1949       15      0.00240  0.00239  0.50   81730     196   81632  4343479  53.14
1947-1949       16      0.00281  0.00281  0.50   81535     229   81420  4261846  52.27
1947-1949       17      0.00354  0.00353  0.50   81305     287   81162  4180426  51.42
1947-1949       18      0.00364  0.00364  0.50   81018     295   80871  4099264  50.60
1947-1949       19      0.00437  0.00436  0.50   80724     352   80548  4018393  49.78
1947-1949       20      0.00482  0.00481  0.50   80372     386   80179  3937845  49.00
1947-1949       21      0.00497  0.00495  0.50   79986     396   79788  3857666  48.23
1947-1949       22      0.00497  0.00495  0.50   79589     394   79392  3777879  47.47
1947-1949       23      0.00454  0.00453  0.50   79195     359   79016  3698487  46.70
1947-1949       24      0.00440  0.00439  0.50   78837     346   78664  3619471  45.91
1947-1949       25      0.00436  0.00435  0.50   78491     342   78320  3540807  45.11
1947-1949       26      0.00424  0.00424  0.50   78149     331   77984  3462487  44.31
1947-1949       27      0.00410  0.00409  0.50   77818     319   77659  3384503  43.49
1947-1949       28      0.00412  0.00411  0.50   77499     319   77340  3306845  42.67
1947-1949       29      0.00361  0.00361  0.50   77181     278   77042  3229505  41.84
1947-1949       30      0.00401  0.00401  0.50   76902     308   76748  3152463  40.99
1947-1949       31      0.00382  0.00381  0.50   76594     292   76448  3075715  40.16
1947-1949       32      0.00407  0.00407  0.50   76302     310   76147  2999266  39.31
1947-1949       33      0.00378  0.00377  0.50   75992     287   75849  2923119  38.47
1947-1949       34      0.00367  0.00366  0.50   75706     277   75567  2847270  37.61
1947-1949       35      0.00422  0.00421  0.50   75428     317   75270  2771703  36.75
1947-1949       36      0.00397  0.00397  0.50   75111     298   74962  2696433  35.90
1947-1949       37      0.00399  0.00398  0.50   74813     298   74664  2621471  35.04
1947-1949       38      0.00435  0.00435  0.50   74515     324   74353  2546807  34.18
1947-1949       39      0.00420  0.00419  0.50   74191     311   74036  2472454  33.33
1947-1949       40      0.00496  0.00495  0.50   73880     365   73698  2398418  32.46
1947-1949       41      0.00457  0.00456  0.50   73515     335   73347  2324721  31.62
1947-1949       42      0.00488  0.00486  0.50   73180     356   73002  2251373  30.76
1947-1949       43      0.00516  0.00515  0.50   72824     375   72636  2178371  29.91
1947-1949       44      0.00518  0.00516  0.50   72449     374   72262  2105735  29.07
1947-1949       45      0.00615  0.00614  0.50   72075     442   71854  2033473  28.21
1947-1949       46      0.00604  0.00603  0.50   71632     432   71417  1961620  27.38
1947-1949       47      0.00631  0.00629  0.50   71201     448   70977  1890203  26.55
1947-1949       48      0.00685  0.00683  0.50   70753     483   70511  1819226  25.71
1947-1949       49      0.00739  0.00736  0.50   70270     517   70011  1748715  24.89
1947-1949       50      0.00905  0.00901  0.50   69752     628   69438  1678704  24.07
1947-1949       51      0.00884  0.00880  0.50   69124     609   68820  1609266  23.28
1947-1949       52      0.00976  0.00971  0.50   68515     666   68183  1540446  22.48
1947-1949       53      0.01072  0.01066  0.50   67850     723   67488  1472264  21.70
1947-1949       54      0.01120  0.01114  0.50   67127     748   66753  1404775  20.93
1947-1949       55      0.01333  0.01324  0.50   66379     879   65939  1338023  20.16
1947-1949       56      0.01298  0.01289  0.50   65500     845   65078  1272083  19.42
1947-1949       57      0.01360  0.01351  0.50   64655     873   64219  1207006  18.67
1947-1949       58      0.01502  0.01490  0.50   63782     951   63307  1142787  17.92
1947-1949       59      0.01669  0.01655  0.50   62831    1040   62312  1079480  17.18
1947-1949       60      0.02142  0.02120  0.50   61792    1310   61137  1017169  16.46
1947-1949       61      0.02038  0.02017  0.50   60482    1220   59872   956032  15.81
1947-1949       62      0.02387  0.02359  0.50   59262    1398   58563   896160  15.12
1947-1949       63      0.02453  0.02424  0.50   57864    1402   57163   837597  14.48
1947-1949       64      0.02542  0.02510  0.50   56462    1417   55753   780434  13.82
1947-1949       65      0.02900  0.02858  0.50   55045    1573   54258   724680  13.17
1947-1949       66      0.02993  0.02949  0.50   53471    1577   52683   670422  12.54
1947-1949       67      0.03428  0.03370  0.50   51894    1749   51020   617740  11.90
1947-1949       68      0.03712  0.03644  0.50   50145    1828   49232   566720  11.30
1947-1949       69      0.04268  0.04179  0.50   48318    2019   47308   517488  10.71
1947-1949       70      0.05330  0.05191  0.50   46299    2403   45097   470180  10.16
1947-1949       71      0.05071  0.04945  0.50   43895    2171   42810   425082   9.68
1947-1949       72      0.06142  0.05959  0.50   41725    2486   40482   382272   9.16
1947-1949       73      0.06339  0.06144  0.50   39238    2411   38033   341791   8.71
1947-1949       74      0.07215  0.06964  0.50   36828    2565   35545   303758   8.25
1947-1949       75      0.08447  0.08105  0.50   34263    2777   32874   268212   7.83
1947-1949       76      0.08608  0.08253  0.50   31486    2598   30187   235338   7.47
1947-1949       77      0.09115  0.08717  0.50   28887    2518   27628   205151   7.10
1947-1949       78      0.10357  0.09847  0.50   26369    2597   25071   177523   6.73
1947-1949       79      0.11029  0.10452  0.50   23773    2485   22530   152452   6.41
1947-1949       80      0.13345  0.12511  0.50   21288    2663   19956   129922   6.10
1947-1949       81      0.12511  0.11775  0.50   18625    2193   17528   109965   5.90
1947-1949       82      0.14269  0.13319  0.50   16432    2188   15337    92437   5.63
1947-1949       83      0.14064  0.13140  0.50   14243    1871   13307    77100   5.41
1947-1949       84      0.15556  0.14434  0.50   12372    1786   11479    63792   5.16
1947-1949       85      0.18220  0.16699  0.50   10586    1768    9702    52313   4.94
1947-1949       86      0.17267  0.15895  0.50    8818    1402    8117    42611   4.83
1947-1949       87      0.17481  0.16076  0.50    7417    1192    6820    34494   4.65
1947-1949       88      0.18960  0.17318  0.50    6224    1078    5685    27673   4.45
1947-1949       89      0.18775  0.17164  0.50    5146     883    4705    21988   4.27
1947-1949       90      0.24957  0.22189  0.50    4263     946    3790    17283   4.05
1947-1949       91      0.19857  0.18064  0.50    3317     599    3018    13493   4.07
1947-1949       92      0.22780  0.20451  0.50    2718     556    2440    10476   3.85
1947-1949       93      0.21734  0.19604  0.50    2162     424    1950     8036   3.72
1947-1949       94      0.24403  0.21749  0.50    1738     378    1549     6085   3.50
1947-1949       95      0.26736  0.23584  0.50    1360     321    1200     4536   3.34
1947-1949       96      0.27965  0.24535  0.50    1039     255     912     3336   3.21
1947-1949       97      0.29228  0.25502  0.50     784     200     684     2425   3.09
1947-1949       98      0.30525  0.26483  0.50     584     155     507     1740   2.98
1947-1949       99      0.31853  0.27477  0.50     430     118     371     1233   2.87
1947-1949      100      0.33211  0.28482  0.50     312      89     267      863   2.77
1947-1949      101      0.34598  0.29496  0.50     223      66     190      595   2.67
1947-1949      102      0.36012  0.30517  0.50     157      48     133      405   2.58
1947-1949      103      0.37450  0.31544  0.50     109      34      92      272   2.49
1947-1949      104      0.38911  0.32574  0.50      75      24      63      180   2.41
1947-1949      105      0.40393  0.33606  0.50      50      17      42      118   2.34
1947-1949      106      0.41892  0.34637  0.50      33      12      28       76   2.27
1947-1949      107      0.43406  0.35666  0.50      22       8      18       48   2.21
1947-1949      108      0.44933  0.36690  0.50      14       5      11       30   2.15
1947-1949      109      0.46469  0.37708  0.50       9       3       7       19   2.11
1947-1949      110+     0.48012  1.00000  2.08       6       6      12       12   2.08
1950-1959        0      0.08413  0.07949  0.31  100000    7949   94482  6405727  64.06
1950-1959        1      0.01427  0.01417  0.50   92051    1304   91399  6311245  68.56
1950-1959        2      0.00547  0.00546  0.50   90747     495   90499  6219846  68.54
1950-1959        3      0.00302  0.00301  0.50   90252     272   90116  6129347  67.91
1950-1959        4      0.00195  0.00195  0.50   89980     175   89892  6039231  67.12
1950-1959        5      0.00143  0.00143  0.50   89804     128   89740  5949339  66.25
1950-1959        6      0.00117  0.00116  0.50   89676     104   89624  5859599  65.34
1950-1959        7      0.00099  0.00099  0.50   89572      89   89528  5769975  64.42
1950-1959        8      0.00091  0.00091  0.50   89483      81   89443  5680447  63.48
1950-1959        9      0.00091  0.00091  0.50   89402      81   89361  5591005  62.54
1950-1959       10      0.00089  0.00089  0.50   89320      80   89281  5501644  61.59
1950-1959       11      0.00082  0.00082  0.50   89241      73   89204  5412363  60.65
1950-1959       12      0.00084  0.00084  0.50   89168      75   89130  5323159  59.70
1950-1959       13      0.00092  0.00092  0.50   89093      82   89052  5234028  58.75
1950-1959       14      0.00100  0.00100  0.50   89011      89   88967  5144976  57.80
1950-1959       15      0.00120  0.00120  0.50   88922     107   88869  5056009  56.86
1950-1959       16      0.00130  0.00130  0.50   88815     116   88757  4967141  55.93
1950-1959       17      0.00160  0.00160  0.50   88700     142   88629  4878383  55.00
1950-1959       18      0.00182  0.00182  0.50   88557     161   88477  4789755  54.09
1950-1959       19      0.00188  0.00188  0.50   88396     166   88313  4701278  53.18
1950-1959       20      0.00216  0.00216  0.50   88230     191   88134  4612965  52.28
1950-1959       21      0.00215  0.00215  0.50   88039     189   87945  4524831  51.40
1950-1959       22      0.00219  0.00219  0.50   87850     192   87754  4436886  50.51
1950-1959       23      0.00206  0.00206  0.50   87658     181   87567  4349132  49.61
1950-1959       24      0.00218  0.00218  0.50   87477     190   87382  4261564  48.72
1950-1959       25      0.00220  0.00220  0.50   87287     192   87191  4174182  47.82
1950-1959       26      0.00215  0.00215  0.50   87095     187   87001  4086992  46.93
1950-1959       27      0.00210  0.00209  0.50   86908     182   86817  3999991  46.03
1950-1959       28      0.00213  0.00213  0.50   86726     185   86633  3913174  45.12
1950-1959       29      0.00205  0.00205  0.50   86541     177   86453  3826541  44.22
1950-1959       30      0.00215  0.00215  0.50   86364     185   86271  3740088  43.31
1950-1959       31      0.00202  0.00202  0.50   86179     174   86092  3653816  42.40
1950-1959       32      0.00206  0.00206  0.50   86005     177   85916  3567725  41.48
1950-1959       33      0.00204  0.00204  0.50   85828     175   85740  3481808  40.57
1950-1959       34      0.00223  0.00223  0.50   85653     191   85557  3396068  39.65
1950-1959       35      0.00226  0.00225  0.50   85462     193   85365  3310511  38.74
1950-1959       36      0.00247  0.00247  0.50   85269     211   85164  3225145  37.82
1950-1959       37      0.00251  0.00251  0.50   85059     213   84952  3139981  36.92
1950-1959       38      0.00274  0.00274  0.50   84845     233   84729  3055029  36.01
1950-1959       39      0.00269  0.00269  0.50   84613     228   84499  2970301  35.10
1950-1959       40      0.00335  0.00334  0.50   84385     282   84244  2885802  34.20
1950-1959       41      0.00308  0.00307  0.50   84103     259   83974  2801558  33.31
1950-1959       42      0.00337  0.00336  0.50   83845     282   83704  2717584  32.41
1950-1959       43      0.00343  0.00343  0.50   83563     286   83419  2633880  31.52
1950-1959       44      0.00380  0.00379  0.50   83276     316   83118  2550461  30.63
1950-1959       45      0.00417  0.00416  0.50   82961     345   82788  2467342  29.74
1950-1959       46      0.00442  0.00441  0.50   82616     364   82433  2384554  28.86
1950-1959       47      0.00476  0.00475  0.50   82251     391   82056  2302121  27.99
1950-1959       48      0.00506  0.00505  0.50   81860     413   81654  2220065  27.12
1950-1959       49      0.00560  0.00558  0.50   81447     455   81220  2138411  26.26
1950-1959       50      0.00647  0.00645  0.50   80992     523   80731  2057191  25.40
1950-1959       51      0.00663  0.00661  0.50   80470     532   80204  1976460  24.56
1950-1959       52      0.00720  0.00718  0.50   79938     574   79651  1896257  23.72
1950-1959       53      0.00799  0.00796  0.50   79364     632   79048  1816606  22.89
1950-1959       54      0.00889  0.00885  0.50   78732     697   78384  1737557  22.07
1950-1959       55      0.00978  0.00973  0.50   78035     759   77656  1659174  21.26
1950-1959       56      0.01096  0.01090  0.50   77276     842   76855  1581518  20.47
1950-1959       57      0.01140  0.01134  0.50   76434     866   76001  1504663  19.69
1950-1959       58      0.01279  0.01271  0.50   75568     961   75087  1428662  18.91
1950-1959       59      0.01372  0.01362  0.50   74607    1017   74099  1353575  18.14
1950-1959       60      0.01687  0.01672  0.50   73590    1231   72975  1279476  17.39
1950-1959       61      0.01690  0.01676  0.50   72360    1213   71753  1206501  16.67
1950-1959       62      0.01919  0.01901  0.50   71147    1353   70471  1134748  15.95
1950-1959       63      0.02099  0.02077  0.50   69794    1450   69070  1064277  15.25
1950-1959       64      0.02378  0.02350  0.50   68345    1606   67542   995208  14.56
1950-1959       65      0.02712  0.02676  0.50   66739    1786   65846   927666  13.90
1950-1959       66      0.02779  0.02741  0.50   64953    1781   64062   861820  13.27
1950-1959       67      0.03113  0.03065  0.50   63172    1936   62204   797758  12.63
1950-1959       68      0.03490  0.03430  0.50   61236    2101   60185   735554  12.01
1950-1959       69      0.03720  0.03652  0.50   59135    2159   58055   675369  11.42
1950-1959       70      0.04409  0.04314  0.50   56976    2458   55747   617313  10.83
1950-1959       71      0.04563  0.04462  0.50   54518    2432   53301   561566  10.30
1950-1959       72      0.05268  0.05133  0.50   52085    2674   50749   508265   9.76
1950-1959       73      0.05647  0.05492  0.50   49412    2713   48055   457516   9.26
1950-1959       74      0.06180  0.05995  0.50   46698    2800   45298   409461   8.77
1950-1959       75      0.07034  0.06795  0.50   43899    2983   42407   364163   8.30
1950-1959       76      0.07581  0.07305  0.50   40916    2989   39421   321756   7.86
1950-1959       77      0.08104  0.07788  0.50   37927    2954   36450   282334   7.44
1950-1959       78      0.09389  0.08968  0.50   34973    3137   33405   245884   7.03
1950-1959       79      0.10345  0.09836  0.50   31837    3132   30271   212479   6.67
1950-1959       80      0.11729  0.11079  0.50   28705    3180   27115   182208   6.35
1950-1959       81      0.11613  0.10976  0.50   25525    2802   24124   155093   6.08
1950-1959       82      0.13023  0.12227  0.50   22723    2778   21334   130969   5.76
1950-1959       83      0.13672  0.12797  0.50   19945    2552   18669   109635   5.50
1950-1959       84      0.14865  0.13836  0.50   17393    2406   16189    90966   5.23
1950-1959       85      0.16593  0.15322  0.50   14986    2296   13838    74777   4.99
1950-1959       86      0.17453  0.16052  0.50   12690    2037   11672    60939   4.80
1950-1959       87      0.17678  0.16243  0.50   10653    1730    9788    49267   4.62
1950-1959       88      0.18454  0.16895  0.50    8923    1507    8169    39479   4.42
1950-1959       89      0.19490  0.17760  0.50    7415    1317    6757    31311   4.22
1950-1959       90      0.23322  0.20887  0.50    6098    1274    5461    24554   4.03
1950-1959       91      0.21686  0.19565  0.50    4825     944    4353    19092   3.96
1950-1959       92      0.23494  0.21024  0.50    3881     816    3473    14740   3.80
1950-1959       93      0.23048  0.20666  0.50    3065     633    2748    11267   3.68
1950-1959       94      0.23122  0.20726  0.50    2431     504    2179     8519   3.50
1950-1959       95      0.26883  0.23698  0.50    1927     457    1699     6340   3.29
1950-1959       96      0.28246  0.24750  0.50    1471     364    1289     4641   3.16
1950-1959       97      0.29649  0.25821  0.50    1107     286     964     3352   3.03
1950-1959       98      0.31090  0.26907  0.50     821     221     710     2388   2.91
1950-1959       99      0.32568  0.28008  0.50     600     168     516     1678   2.80
1950-1959      100      0.34081  0.29119  0.50     432     126     369     1162   2.69
1950-1959      101      0.35626  0.30240  0.50     306      93     260      792   2.59
1950-1959      102      0.37201  0.31367  0.50     214      67     180      533   2.49
1950-1959      103      0.38802  0.32497  0.50     147      48     123      352   2.40
1950-1959      104      0.40427  0.33630  0.50      99      33      82      230   2.32
1950-1959      105      0.42073  0.34760  0.50      66      23      54      147   2.24
1950-1959      106      0.43735  0.35887  0.50      43      15      35       93   2.17
1950-1959      107      0.45410  0.37007  0.50      27      10      22       58   2.11
1950-1959      108      0.47094  0.38119  0.50      17       7      14       36   2.05
1950-1959      109      0.48785  0.39218  0.50      11       4       9       22   2.01
1950-1959      110+     0.50477  1.00000  1.98       7       7      13       13   1.98
1960-1969        0      0.03516  0.03415  0.16  100000    3415   97133  7046744  70.47
1960-1969        1      0.00367  0.00366  0.50   96585     354   96408  6949610  71.95
1960-1969        2      0.00157  0.00157  0.50   96231     151   96155  6853203  71.22
1960-1969        3      0.00110  0.00110  0.50   96080     105   96027  6757048  70.33
1960-1969        4      0.00085  0.00085  0.50   95974      82   95933  6661021  69.40
1960-1969        5      0.00072  0.00072  0.50   95892      69   95858  6565088  68.46
1960-1969        6      0.00065  0.00065  0.50   95824      62   95793  6469230  67.51
1960-1969        7      0.00059  0.00059  0.50   95762      57   95733  6373437  66.56
1960-1969        8      0.00055  0.00055  0.50   95705      53   95679  6277703  65.59
1960-1969        9      0.00048  0.00048  0.50   95652      45   95630  6182025  64.63
1960-1969       10      0.00047  0.00047  0.50   95607      45   95584  6086395  63.66
1960-1969       11      0.00046  0.00046  0.50   95562      44   95540  5990811  62.69
1960-1969       12      0.00047  0.00047  0.50   95518      45   95496  5895271  61.72
1960-1969       13      0.00049  0.00049  0.50   95473      47   95450  5799775  60.75
1960-1969       14      0.00059  0.00059  0.50   95426      56   95398  5704325  59.78
1960-1969       15      0.00066  0.00066  0.50   95370      63   95338  5608927  58.81
1960-1969       16      0.00070  0.00070  0.50   95307      67   95273  5513589  57.85
1960-1969       17      0.00079  0.00079  0.50   95240      76   95202  5418315  56.89
1960-1969       18      0.00091  0.00091  0.50   95164      86   95121  5323113  55.94
1960-1969       19      0.00095  0.00095  0.50   95078      90   95033  5227992  54.99
1960-1969       20      0.00099  0.00099  0.50   94988      94   94941  5132959  54.04
1960-1969       21      0.00096  0.00096  0.50   94894      91   94848  5038018  53.09
1960-1969       22      0.00096  0.00096  0.50   94802      91   94757  4943170  52.14
1960-1969       23      0.00100  0.00100  0.50   94711      95   94664  4848413  51.19
1960-1969       24      0.00104  0.00104  0.50   94617      99   94567  4753749  50.24
1960-1969       25      0.00113  0.00113  0.50   94518     107   94465  4659182  49.29
1960-1969       26      0.00103  0.00103  0.50   94411      97   94363  4564717  48.35
1960-1969       27      0.00112  0.00112  0.50   94314     106   94262  4470354  47.40
1960-1969       28      0.00116  0.00115  0.50   94209     109   94154  4376092  46.45
1960-1969       29      0.00122  0.00122  0.50   94100     115   94042  4281938  45.50
1960-1969       30      0.00130  0.00130  0.50   93985     122   93924  4187896  44.56
1960-1969       31      0.00123  0.00123  0.50   93863     116   93805  4093972  43.62
1960-1969       32      0.00141  0.00141  0.50   93747     132   93681  4000167  42.67
1960-1969       33      0.00145  0.00145  0.50   93615     136   93547  3906485  41.73
1960-1969       34      0.00147  0.00147  0.50   93479     137   93411  3812938  40.79
1960-1969       35      0.00164  0.00164  0.50   93342     153   93266  3719528  39.85
1960-1969       36      0.00170  0.00170  0.50   93189     159   93110  3626262  38.91
1960-1969       37      0.00178  0.00178  0.50   93030     166   92948  3533152  37.98
1960-1969       38      0.00197  0.00197  0.50   92865     183   92773  3440205  37.05
1960-1969       39      0.00203  0.00202  0.50   92682     187   92588  3347432  36.12
1960-1969       40      0.00225  0.00225  0.50   92494     208   92390  3254844  35.19
1960-1969       41      0.00235  0.00235  0.50   92286     217   92178  3162454  34.27
1960-1969       42      0.00252  0.00252  0.50   92070     232   91954  3070276  33.35
1960-1969       43      0.00274  0.00273  0.50   91838     251   91712  2978322  32.43
1960-1969       44      0.00296  0.00295  0.50   91587     270   91452  2886609  31.52
1960-1969       45      0.00333  0.00333  0.50   91317     304   91165  2795157  30.61
1960-1969       46      0.00358  0.00357  0.50   91013     325   90850  2703993  29.71
1960-1969       47      0.00385  0.00384  0.50   90688     348   90513  2613143  28.81
1960-1969       48      0.00422  0.00421  0.50   90339     381   90149  2522629  27.92
1960-1969       49      0.00456  0.00455  0.50   89959     409   89754  2432480  27.04
1960-1969       50      0.00507  0.00506  0.50   89549     453   89323  2342726  26.16
1960-1969       51      0.00543  0.00542  0.50   89097     483   88855  2253403  25.29
1960-1969       52      0.00608  0.00606  0.50   88614     537   88345  2164548  24.43
1960-1969       53      0.00673  0.00671  0.50   88076     591   87781  2076203  23.57
1960-1969       54      0.00741  0.00738  0.50   87486     646   87163  1988422  22.73
1960-1969       55      0.00799  0.00796  0.50   86840     691   86494  1901259  21.89
1960-1969       56      0.00903  0.00899  0.50   86149     775   85761  1814764  21.07
1960-1969       57      0.01005  0.01000  0.50   85374     854   84947  1729003  20.25
1960-1969       58      0.01088  0.01082  0.50   84520     915   84063  1644056  19.45
1960-1969       59      0.01209  0.01202  0.50   83606    1005   83103  1559993  18.66
1960-1969       60      0.01417  0.01407  0.50   82601    1162   82019  1476890  17.88
1960-1969       61      0.01518  0.01507  0.50   81438    1227   80825  1394870  17.13
1960-1969       62      0.01696  0.01681  0.50   80211    1349   79537  1314046  16.38
1960-1969       63      0.01886  0.01868  0.50   78862    1473   78126  1234509  15.65
1960-1969       64      0.02098  0.02076  0.50   77389    1607   76586  1156383  14.94
1960-1969       65      0.02408  0.02379  0.50   75783    1803   74881  1079797  14.25
1960-1969       66      0.02612  0.02578  0.50   73980    1907   73026  1004916  13.58
1960-1969       67      0.02915  0.02873  0.50   72072    2070   71037   931890  12.93
1960-1969       68      0.03224  0.03173  0.50   70002    2221   68891   860853  12.30
1960-1969       69      0.03485  0.03425  0.50   67781    2322   66620   791962  11.68
1960-1969       70      0.04073  0.03992  0.50   65459    2613   64152   725342  11.08
1960-1969       71      0.04256  0.04167  0.50   62846    2619   61536   661190  10.52
1960-1969       72      0.04926  0.04807  0.50   60227    2895   58779   599654   9.96
1960-1969       73      0.05419  0.05276  0.50   57332    3025   55819   540874   9.43
1960-1969       74      0.06018  0.05842  0.50   54307    3173   52720   485055   8.93
1960-1969       75      0.06565  0.06357  0.50   51134    3250   49509   432335   8.45
1960-1969       76      0.07275  0.07020  0.50   47883    3361   46203   382826   7.99
1960-1969       77      0.07978  0.07672  0.50   44522    3416   42814   336623   7.56
1960-1969       78      0.08759  0.08392  0.50   41106    3450   39382   293809   7.15
1960-1969       79      0.09619  0.09177  0.50   37657    3456   35929   254427   6.76
1960-1969       80      0.10859  0.10300  0.50   34201    3523   32440   218498   6.39
1960-1969       81      0.11598  0.10962  0.50   30678    3363   28997   186059   6.06
1960-1969       82      0.12749  0.11985  0.50   27315    3274   25678   157062   5.75
1960-1969       83      0.13718  0.12837  0.50   24041    3086   22498   131384   5.46
1960-1969       84      0.15189  0.14117  0.50   20955    2958   19476   108886   5.20
1960-1969       85      0.15989  0.14806  0.50   17997    2665   16665    89410   4.97
1960-1969       86      0.17488  0.16081  0.50   15332    2466   14100    72745   4.74
1960-1969       87      0.18194  0.16677  0.50   12867    2146   11794    58645   4.56
1960-1969       88      0.19180  0.17502  0.50   10721    1876    9783    46852   4.37
1960-1969       89      0.20461  0.18562  0.50    8845    1642    8024    37069   4.19
1960-1969       90      0.21654  0.19539  0.50    7203    1407    6499    29045   4.03
1960-1969       91      0.22475  0.20205  0.50    5796    1171    5210    22546   3.89
1960-1969       92      0.22543  0.20260  0.50    4625     937    4156    17336   3.75
1960-1969       93      0.23526  0.21050  0.50    3688     776    3300    13180   3.57
1960-1969       94      0.24154  0.21552  0.50    2911     627    2598     9880   3.39
1960-1969       95      0.27658  0.24298  0.50    2284     555    2006     7282   3.19
1960-1969       96      0.29151  0.25443  0.50    1729     440    1509     5276   3.05
1960-1969       97      0.30691  0.26608  0.50    1289     343    1118     3767   2.92
1960-1969       98      0.32274  0.27790  0.50     946     263     815     2649   2.80
1960-1969       99      0.33899  0.28986  0.50     683     198     584     1835   2.69
1960-1969      100      0.35563  0.30194  0.50     485     146     412     1250   2.58
1960-1969      101      0.37261  0.31409  0.50     339     106     285      839   2.48
1960-1969      102      0.38991  0.32629  0.50     232      76     194      553   2.38
1960-1969      103      0.40748  0.33851  0.50     156      53     130      359   2.29
1960-1969      104      0.42529  0.35071  0.50     104      36      85      229   2.21
1960-1969      105      0.44328  0.36286  0.50      67      24      55      143   2.13
1960-1969      106      0.46142  0.37492  0.50      43      16      35       88   2.06
1960-1969      107      0.47965  0.38687  0.50      27      10      22       53   2.00
1960-1969      108      0.49792  0.39867  0.50      16       7      13       32   1.94
1960-1969      109      0.51619  0.41030  0.50      10       4       8       19   1.90
1960-1969      110+     0.53441  1.00000  1.87       6       6      11       11   1.87
1970-1979        0      0.02452  0.02401  0.12  100000    2401   97894  7107353  71.07
1970-1979        1      0.00196  0.00196  0.50   97599     191   97504  7009458  71.82
1970-1979        2      0.00100  0.00100  0.50   97408      97   97360  6911955  70.96
1970-1979        3      0.00082  0.00082  0.50   97311      80   97271  6814595  70.03
1970-1979        4      0.00063  0.00063  0.50   97231      61   97200  6717324  69.09
1970-1979        5      0.00053  0.00053  0.50   97170      52   97144  6620124  68.13
1970-1979        6      0.00053  0.00053  0.50   97118      52   97092  6522980  67.17
1970-1979        7      0.00050  0.00050  0.50   97066      49   97042  6425888  66.20
1970-1979        8      0.00045  0.00045  0.50   97018      43   96996  6328846  65.23
1970-1979        9      0.00041  0.00041  0.50   96974      39   96955  6231850  64.26
1970-1979       10      0.00042  0.00042  0.50   96935      40   96915  6134895  63.29
1970-1979       11      0.00040  0.00040  0.50   96895      39   96875  6037980  62.31
1970-1979       12      0.00039  0.00039  0.50   96856      38   96837  5941105  61.34
1970-1979       13      0.00044  0.00044  0.50   96818      43   96797  5844268  60.36
1970-1979       14      0.00047  0.00047  0.50   96775      45   96753  5747471  59.39
1970-1979       15      0.00056  0.00056  0.50   96730      54   96703  5650718  58.42
1970-1979       16      0.00061  0.00061  0.50   96676      59   96646  5554016  57.45
1970-1979       17      0.00065  0.00065  0.50   96617      63   96586  5457369  56.48
1970-1979       18      0.00080  0.00080  0.50   96554      77   96516  5360784  55.52
1970-1979       19      0.00091  0.00091  0.50   96477      88   96433  5264268  54.57
1970-1979       20      0.00091  0.00091  0.50   96389      87   96345  5167835  53.61
1970-1979       21      0.00096  0.00096  0.50   96302      92   96256  5071490  52.66
1970-1979       22      0.00094  0.00094  0.50   96210      90   96165  4975234  51.71
1970-1979       23      0.00095  0.00095  0.50   96120      91   96074  4879070  50.76
1970-1979       24      0.00091  0.00091  0.50   96028      87   95985  4782996  49.81
1970-1979       25      0.00098  0.00098  0.50   95941      94   95894  4687011  48.85
1970-1979       26      0.00102  0.00102  0.50   95847      98   95799  4591117  47.90
1970-1979       27      0.00105  0.00105  0.50   95750     100   95699  4495318  46.95
1970-1979       28      0.00103  0.00103  0.50   95649      99   95600  4399619  46.00
1970-1979       29      0.00117  0.00117  0.50   95551     112   95495  4304019  45.04
1970-1979       30      0.00117  0.00117  0.50   95439     112   95383  4208524  44.10
1970-1979       31      0.00123  0.00123  0.50   95327     117   95268  4113141  43.15
1970-1979       32      0.00128  0.00128  0.50   95209     121   95149  4017873  42.20
1970-1979       33      0.00135  0.00135  0.50   95088     128   95024  3922725  41.25
1970-1979       34      0.00143  0.00143  0.50   94960     136   94892  3827701  40.31
1970-1979       35      0.00155  0.00155  0.50   94824     147   94751  3732809  39.37
1970-1979       36      0.00165  0.00164  0.50   94678     156   94600  3638058  38.43
1970-1979       37      0.00174  0.00174  0.50   94522     164   94440  3543458  37.49
1970-1979       38      0.00191  0.00191  0.50   94358     180   94268  3449018  36.55
1970-1979       39      0.00200  0.00200  0.50   94177     189   94083  3354750  35.62
1970-1979       40      0.00214  0.00213  0.50   93989     201   93889  3260667  34.69
1970-1979       41      0.00233  0.00233  0.50   93788     218   93679  3166779  33.77
1970-1979       42      0.00256  0.00255  0.50   93570     239   93451  3073100  32.84
1970-1979       43      0.00282  0.00282  0.50   93331     263   93200  2979649  31.93
1970-1979       44      0.00312  0.00311  0.50   93068     290   92923  2886449  31.01
1970-1979       45      0.00330  0.00329  0.50   92778     305   92626  2793526  30.11
1970-1979       46      0.00373  0.00373  0.50   92473     344   92301  2700901  29.21
1970-1979       47      0.00412  0.00411  0.50   92129     379   91939  2608600  28.31
1970-1979       48      0.00461  0.00460  0.50   91750     422   91539  2516661  27.43
1970-1979       49      0.00496  0.00495  0.50   91328     452   91102  2425122  26.55
1970-1979       50      0.00554  0.00552  0.50   90876     502   90625  2334020  25.68
1970-1979       51      0.00599  0.00597  0.50   90374     539   90104  2243396  24.82
1970-1979       52      0.00665  0.00663  0.50   89834     596   89537  2153292  23.97
1970-1979       53      0.00718  0.00715  0.50   89239     638   88920  2063755  23.13
1970-1979       54      0.00790  0.00787  0.50   88600     697   88252  1974836  22.29
1970-1979       55      0.00889  0.00885  0.50   87903     778   87514  1886584  21.46
1970-1979       56      0.00956  0.00951  0.50   87125     829   86711  1799070  20.65
1970-1979       57      0.01051  0.01045  0.50   86296     902   85845  1712359  19.84
1970-1979       58      0.01149  0.01142  0.50   85394     976   84906  1626514  19.05
1970-1979       59      0.01253  0.01246  0.50   84419    1052   83893  1541607  18.26
1970-1979       60      0.01393  0.01384  0.50   83367    1154   82790  1457714  17.49
1970-1979       61      0.01552  0.01541  0.50   82213    1267   81580  1374924  16.72
1970-1979       62      0.01694  0.01680  0.50   80947    1360   80267  1293344  15.98
1970-1979       63      0.01932  0.01914  0.50   79587    1523   78826  1213077  15.24
1970-1979       64      0.02120  0.02098  0.50   78064    1638   77245  1134251  14.53
1970-1979       65      0.02369  0.02341  0.50   76427    1789   75532  1057005  13.83
1970-1979       66      0.02658  0.02623  0.50   74638    1958   73659   981473  13.15
1970-1979       67      0.02945  0.02902  0.50   72680    2110   71625   907815  12.49
1970-1979       68      0.03284  0.03231  0.50   70570    2280   69430   836189  11.85
1970-1979       69      0.03703  0.03636  0.50   68290    2483   67049   766759  11.23
1970-1979       70      0.04177  0.04091  0.50   65807    2692   64461   699710  10.63
1970-1979       71      0.04561  0.04459  0.50   63115    2815   61708   635249  10.06
1970-1979       72      0.05153  0.05023  0.50   60301    3029   58786   573541   9.51
1970-1979       73      0.05693  0.05535  0.50   57272    3170   55687   514755   8.99
1970-1979       74      0.06234  0.06045  0.50   54102    3271   52466   459068   8.49
1970-1979       75      0.07026  0.06788  0.50   50831    3450   49106   406602   8.00
1970-1979       76      0.07709  0.07423  0.50   47381    3517   45622   357496   7.55
1970-1979       77      0.08587  0.08233  0.50   43863    3611   42058   311874   7.11
1970-1979       78      0.09380  0.08959  0.50   40252    3606   38449   269816   6.70
1970-1979       79      0.10546  0.10017  0.50   36646    3671   34810   231368   6.31
1970-1979       80      0.11591  0.10956  0.50   32975    3613   31168   196557   5.96
1970-1979       81      0.12672  0.11917  0.50   29362    3499   27612   165389   5.63
1970-1979       82      0.13557  0.12697  0.50   25863    3284   24221   137777   5.33
1970-1979       83      0.14905  0.13871  0.50   22579    3132   21013   113556   5.03
1970-1979       84      0.16243  0.15023  0.50   19447    2922   17986    92542   4.76
1970-1979       85      0.17473  0.16069  0.50   16526    2656   15198    74556   4.51
1970-1979       86      0.18991  0.17344  0.50   13870    2406   12667    59358   4.28
1970-1979       87      0.20370  0.18487  0.50   11464    2119   10405    46691   4.07
1970-1979       88      0.21782  0.19643  0.50    9345    1836    8427    36286   3.88
1970-1979       89      0.22969  0.20603  0.50    7509    1547    6736    27859   3.71
1970-1979       90      0.24515  0.21838  0.50    5962    1302    5311    21123   3.54
1970-1979       91      0.26630  0.23501  0.50    4660    1095    4113    15812   3.39
1970-1979       92      0.26729  0.23578  0.50    3565     841    3145    11699   3.28
1970-1979       93      0.27908  0.24491  0.50    2724     667    2391     8554   3.14
1970-1979       94      0.28346  0.24827  0.50    2057     511    1802     6164   3.00
1970-1979       95      0.31654  0.27329  0.50    1546     423    1335     4362   2.82
1970-1979       96      0.33443  0.28652  0.50    1124     322     963     3027   2.69
1970-1979       97      0.35282  0.29991  0.50     802     240     682     2064   2.57
1970-1979       98      0.37165  0.31341  0.50     561     176     473     1382   2.46
1970-1979       99      0.39087  0.32697  0.50     385     126     322      909   2.36
1970-1979      100      0.41043  0.34054  0.50     259      88     215      586   2.26
1970-1979      101      0.43026  0.35408  0.50     171      61     141      371   2.17
1970-1979      102      0.45030  0.36755  0.50     110      41      90      230   2.09
1970-1979      103      0.47049  0.38089  0.50      70      27      57      140   2.01
1970-1979      104      0.49076  0.39406  0.50      43      17      35       84   1.93
1970-1979      105      0.51103  0.40703  0.50      26      11      21       49   1.87
1970-1979      106      0.53124  0.41975  0.50      16       7      12       28   1.81
1970-1979      107      0.55132  0.43219  0.50       9       4       7       16   1.75
1970-1979      108      0.57121  0.44431  0.50       5       2       4        9   1.70
1970-1979      109      0.59083  0.45609  0.50       3       1       2        5   1.66
1970-1979      110+     0.61013  1.00000  1.64       2       2       3        3   1.64
1980-1989        0      0.01632  0.01609  0.12  100000    1609   98577  7128167  71.28
1980-1989        1      0.00172  0.00172  0.50   98391     169   98306  7029590  71.45
1980-1989        2      0.00098  0.00098  0.50   98222      97   98174  6931283  70.57
1980-1989        3      0.00079  0.00079  0.50   98125      77   98087  6833110  69.64
1980-1989        4      0.00065  0.00065  0.50   98048      64   98016  6735023  68.69
1980-1989        5      0.00052  0.00052  0.50   97985      51   97959  6637006  67.74
1980-1989        6      0.00044  0.00044  0.50   97934      43   97912  6539047  66.77
1980-1989        7      0.00044  0.00044  0.50   97891      43   97869  6441135  65.80
1980-1989        8      0.00041  0.00041  0.50   97848      40   97828  6343266  64.83
1980-1989        9      0.00039  0.00039  0.50   97808      39   97789  6245438  63.85
1980-1989       10      0.00038  0.00038  0.50   97769      37   97751  6147650  62.88
1980-1989       11      0.00035  0.00035  0.50   97732      35   97714  6049899  61.90
1980-1989       12      0.00037  0.00037  0.50   97697      36   97679  5952184  60.92
1980-1989       13      0.00039  0.00039  0.50   97661      38   97642  5854505  59.95
1980-1989       14      0.00045  0.00045  0.50   97624      44   97602  5756863  58.97
1980-1989       15      0.00052  0.00052  0.50   97579      51   97554  5659261  58.00
1980-1989       16      0.00060  0.00060  0.50   97528      58   97499  5561707  57.03
1980-1989       17      0.00070  0.00070  0.50   97470      68   97436  5464208  56.06
1980-1989       18      0.00085  0.00085  0.50   97403      83   97361  5366771  55.10
1980-1989       19      0.00087  0.00087  0.50   97320      84   97278  5269410  54.15
1980-1989       20      0.00087  0.00086  0.50   97235      84   97193  5172133  53.19
1980-1989       21      0.00088  0.00088  0.50   97151      86   97108  5074939  52.24
1980-1989       22      0.00093  0.00093  0.50   97066      90   97021  4977831  51.28
1980-1989       23      0.00096  0.00096  0.50   96976      93   96929  4880810  50.33
1980-1989       24      0.00092  0.00092  0.50   96883      89   96838  4783881  49.38
1980-1989       25      0.00093  0.00093  0.50   96794      90   96749  4687043  48.42
1980-1989       26      0.00102  0.00102  0.50   96704      98   96655  4590294  47.47
1980-1989       27      0.00103  0.00103  0.50   96606      99   96556  4493639  46.52
1980-1989       28      0.00105  0.00105  0.50   96507     101   96456  4397083  45.56
1980-1989       29      0.00114  0.00114  0.50   96406     110   96351  4300627  44.61
1980-1989       30      0.00119  0.00119  0.50   96296     114   96239  4204276  43.66
1980-1989       31      0.00122  0.00122  0.50   96181     117   96123  4108038  42.71
1980-1989       32      0.00138  0.00138  0.50   96064     132   95998  4011915  41.76
1980-1989       33      0.00142  0.00142  0.50   95932     136   95864  3915917  40.82
1980-1989       34      0.00151  0.00151  0.50   95796     145   95723  3820053  39.88
1980-1989       35      0.00167  0.00166  0.50   95651     159   95571  3724330  38.94
1980-1989       36      0.00171  0.00171  0.50   95492     163   95410  3628758  38.00
1980-1989       37      0.00189  0.00189  0.50   95328     180   95239  3533348  37.06
1980-1989       38      0.00213  0.00212  0.50   95149     202   95048  3438110  36.13
1980-1989       39      0.00240  0.00239  0.50   94946     227   94833  3343062  35.21
1980-1989       40      0.00248  0.00247  0.50   94719     234   94602  3248229  34.29
1980-1989       41      0.00272  0.00271  0.50   94485     256   94357  3153628  33.38
1980-1989       42      0.00290  0.00290  0.50   94228     273   94092  3059271  32.47
1980-1989       43      0.00325  0.00325  0.50   93955     305   93803  2965179  31.56
1980-1989       44      0.00358  0.00358  0.50   93650     335   93483  2871376  30.66
1980-1989       45      0.00391  0.00391  0.50   93316     365   93133  2777893  29.77
1980-1989       46      0.00435  0.00434  0.50   92951     404   92749  2684760  28.88
1980-1989       47      0.00468  0.00467  0.50   92547     432   92332  2592011  28.01
1980-1989       48      0.00512  0.00511  0.50   92116     471   91880  2499679  27.14
1980-1989       49      0.00558  0.00556  0.50   91645     510   91390  2407799  26.27
1980-1989       50      0.00606  0.00604  0.50   91135     551   90860  2316409  25.42
1980-1989       51      0.00674  0.00672  0.50   90584     608   90280  2225549  24.57
1980-1989       52      0.00737  0.00734  0.50   89976     660   89646  2135269  23.73
1980-1989       53      0.00813  0.00810  0.50   89315     723   88954  2045624  22.90
1980-1989       54      0.00871  0.00867  0.50   88592     768   88208  1956670  22.09
1980-1989       55      0.00971  0.00966  0.50   87824     848   87400  1868462  21.28
1980-1989       56      0.01054  0.01049  0.50   86976     912   86520  1781062  20.48
1980-1989       57      0.01163  0.01156  0.50   86063     995   85566  1694542  19.69
1980-1989       58      0.01260  0.01252  0.50   85068    1065   84536  1608977  18.91
1980-1989       59      0.01399  0.01389  0.50   84003    1167   83420  1524441  18.15
1980-1989       60      0.01558  0.01546  0.50   82836    1280   82196  1441021  17.40
1980-1989       61      0.01691  0.01677  0.50   81556    1368   80872  1358825  16.66
1980-1989       62      0.01828  0.01811  0.50   80188    1452   79462  1277953  15.94
1980-1989       63      0.02026  0.02006  0.50   78736    1579   77946  1198492  15.22
1980-1989       64      0.02179  0.02156  0.50   77157    1663   76325  1120545  14.52
1980-1989       65      0.02432  0.02403  0.50   75493    1814   74586  1044220  13.83
1980-1989       66      0.02644  0.02610  0.50   73679    1923   72718   969634  13.16
1980-1989       67      0.02965  0.02922  0.50   71757    2097   70708   896916  12.50
1980-1989       68      0.03268  0.03215  0.50   69660    2240   68540   826208  11.86
1980-1989       69      0.03640  0.03575  0.50   67420    2410   66215   757668  11.24
1980-1989       70      0.03962  0.03885  0.50   65010    2526   63747   691452  10.64
1980-1989       71      0.04499  0.04400  0.50   62484    2749   61109   627706  10.05
1980-1989       72      0.04981  0.04860  0.50   59735    2903   58283   566596   9.49
1980-1989       73      0.05552  0.05402  0.50   56832    3070   55297   508313   8.94
1980-1989       74      0.06195  0.06008  0.50   53762    3230   52147   453016   8.43
1980-1989       75      0.06741  0.06521  0.50   50531    3295   48884   400870   7.93
1980-1989       76      0.07642  0.07361  0.50   47236    3477   45498   351986   7.45
1980-1989       77      0.08368  0.08032  0.50   43759    3515   42002   306488   7.00
1980-1989       78      0.09260  0.08851  0.50   40245    3562   38464   264486   6.57
1980-1989       79      0.10187  0.09693  0.50   36683    3556   34905   226022   6.16
1980-1989       80      0.11719  0.11071  0.50   33127    3667   31293   191117   5.77
1980-1989       81      0.12849  0.12073  0.50   29460    3557   27681   159824   5.43
1980-1989       82      0.14092  0.13164  0.50   25903    3410   24198   132143   5.10
1980-1989       83      0.15536  0.14416  0.50   22493    3243   20872   107945   4.80
1980-1989       84      0.16787  0.15487  0.50   19250    2981   17760    87073   4.52
1980-1989       85      0.18052  0.16557  0.50   16269    2694   14922    69313   4.26
1980-1989       86      0.19212  0.17528  0.50   13575    2380   12386    54391   4.01
1980-1989       87      0.21881  0.19724  0.50   11196    2208   10092    42005   3.75
1980-1989       88      0.23274  0.20848  0.50    8988    1874    8051    31914   3.55
1980-1989       89      0.25227  0.22401  0.50    7114    1594    6317    23863   3.35
1980-1989       90      0.27589  0.24245  0.50    5520    1338    4851    17546   3.18
1980-1989       91      0.29000  0.25327  0.50    4182    1059    3652    12695   3.04
1980-1989       92      0.30224  0.26256  0.50    3123     820    2713     9042   2.90
1980-1989       93      0.31950  0.27549  0.50    2303     634    1986     6330   2.75
1980-1989       94      0.33144  0.28432  0.50    1668     474    1431     4344   2.60
1980-1989       95      0.36934  0.31176  0.50    1194     372    1008     2913   2.44
1980-1989       96      0.39253  0.32813  0.50     822     270     687     1905   2.32
1980-1989       97      0.41624  0.34453  0.50     552     190     457     1218   2.21
1980-1989       98      0.44036  0.36090  0.50     362     131     297      761   2.10
1980-1989       99      0.46480  0.37715  0.50     231      87     188      464   2.01
1980-1989      100      0.48944  0.39321  0.50     144      57     116      276   1.92
1980-1989      101      0.51415  0.40900  0.50      87      36      70      161   1.84
1980-1989      102      0.53882  0.42446  0.50      52      22      41       91   1.76
1980-1989      103      0.56332  0.43952  0.50      30      13      23       50   1.70
1980-1989      104      0.58754  0.45413  0.50      17       8      13       27   1.63
1980-1989      105      0.61137  0.46824  0.50       9       4       7       14   1.58
1980-1989      106      0.63470  0.48180  0.50       5       2       4        7   1.53
1980-1989      107      0.65744  0.49479  0.50       3       1       2        4   1.48
1980-1989      108      0.67949  0.50718  0.50       1       1       1        2   1.44
1980-1989      109      0.70080  0.51896  0.50       1       0       0        1   1.41
1980-1989      110+     0.72128  1.00000  1.39       0       0       0        0   1.39
1990-1999        0      0.01556  0.01535  0.12  100000    1535   98645  7100403  71.00
1990-1999        1      0.00155  0.00154  0.50   98465     152   98389  7001758  71.11
1990-1999        2      0.00090  0.00090  0.50   98313      88   98269  6903369  70.22
1990-1999        3      0.00084  0.00084  0.50   98225      83   98183  6805101  69.28
1990-1999        4      0.00067  0.00067  0.50   98142      65   98109  6706917  68.34
1990-1999        5      0.00048  0.00048  0.50   98077      47   98053  6608808  67.38
1990-1999        6      0.00043  0.00043  0.50   98029      42   98008  6510755  66.42
1990-1999        7      0.00043  0.00043  0.50   97987      42   97966  6412747  65.44
1990-1999        8      0.00038  0.00038  0.50   97945      37   97927  6314781  64.47
1990-1999        9      0.00032  0.00032  0.50   97908      31   97893  6216854  63.50
1990-1999       10      0.00034  0.00034  0.50   97877      34   97860  6118961  62.52
1990-1999       11      0.00037  0.00037  0.50   97843      37   97825  6021101  61.54
1990-1999       12      0.00032  0.00032  0.50   97807      31   97791  5923276  60.56
1990-1999       13      0.00040  0.00040  0.50   97776      39   97756  5825485  59.58
1990-1999       14      0.00043  0.00043  0.50   97737      42   97716  5727729  58.60
1990-1999       15      0.00049  0.00049  0.50   97695      48   97671  5630013  57.63
1990-1999       16      0.00059  0.00059  0.50   97647      58   97618  5532342  56.66
1990-1999       17      0.00071  0.00071  0.50   97589      69   97555  5434723  55.69
1990-1999       18      0.00082  0.00082  0.50   97520      80   97481  5337168  54.73
1990-1999       19      0.00092  0.00092  0.50   97441      90   97396  5239688  53.77
1990-1999       20      0.00094  0.00094  0.50   97351      92   97305  5142292  52.82
1990-1999       21      0.00092  0.00092  0.50   97259      90   97214  5044987  51.87
1990-1999       22      0.00094  0.00094  0.50   97170      91   97124  4947772  50.92
1990-1999       23      0.00099  0.00099  0.50   97078      96   97030  4850648  49.97
1990-1999       24      0.00096  0.00096  0.50   96982      93   96936  4753618  49.02
1990-1999       25      0.00099  0.00099  0.50   96889      96   96841  4656683  48.06
1990-1999       26      0.00105  0.00105  0.50   96793     102   96742  4559842  47.11
1990-1999       27      0.00107  0.00107  0.50   96691     104   96639  4463100  46.16
1990-1999       28      0.00117  0.00117  0.50   96587     113   96531  4366461  45.21
1990-1999       29      0.00114  0.00114  0.50   96475     110   96420  4269930  44.26
1990-1999       30      0.00120  0.00120  0.50   96364     115   96307  4173510  43.31
1990-1999       31      0.00132  0.00132  0.50   96249     127   96186  4077204  42.36
1990-1999       32      0.00151  0.00151  0.50   96122     145   96050  3981018  41.42
1990-1999       33      0.00157  0.00157  0.50   95977     150   95902  3884969  40.48
1990-1999       34      0.00168  0.00167  0.50   95826     160   95746  3789067  39.54
1990-1999       35      0.00179  0.00179  0.50   95666     171   95580  3693321  38.61
1990-1999       36      0.00196  0.00195  0.50   95495     187   95402  3597740  37.67
1990-1999       37      0.00218  0.00218  0.50   95308     208   95204  3502339  36.75
1990-1999       38      0.00245  0.00244  0.50   95101     232   94984  3407134  35.83
1990-1999       39      0.00262  0.00262  0.50   94868     249   94744  3312150  34.91
1990-1999       40      0.00292  0.00291  0.50   94619     276   94482  3217406  34.00
1990-1999       41      0.00319  0.00318  0.50   94344     300   94194  3122924  33.10
1990-1999       42      0.00348  0.00348  0.50   94044     327   93880  3028730  32.21
1990-1999       43      0.00394  0.00393  0.50   93717     368   93533  2934850  31.32
1990-1999       44      0.00420  0.00420  0.50   93349     392   93153  2841317  30.44
1990-1999       45      0.00468  0.00467  0.50   92957     434   92740  2748164  29.56
1990-1999       46      0.00503  0.00502  0.50   92523     464   92291  2655424  28.70
1990-1999       47      0.00569  0.00567  0.50   92059     522   91798  2563133  27.84
1990-1999       48      0.00614  0.00612  0.50   91537     560   91257  2471335  27.00
1990-1999       49      0.00679  0.00677  0.50   90976     616   90668  2380078  26.16
1990-1999       50      0.00718  0.00716  0.50   90360     647   90037  2289410  25.34
1990-1999       51      0.00794  0.00791  0.50   89714     710   89359  2199373  24.52
1990-1999       52      0.00839  0.00836  0.50   89004     744   88632  2110014  23.71
1990-1999       53      0.00921  0.00916  0.50   88260     809   87856  2021382  22.90
1990-1999       54      0.00984  0.00979  0.50   87451     856   87023  1933526  22.11
1990-1999       55      0.01074  0.01068  0.50   86595     925   86133  1846503  21.32
1990-1999       56      0.01164  0.01157  0.50   85670     991   85175  1760370  20.55
1990-1999       57      0.01224  0.01217  0.50   84679    1031   84164  1675195  19.78
1990-1999       58      0.01365  0.01355  0.50   83648    1134   83082  1591032  19.02
1990-1999       59      0.01471  0.01461  0.50   82515    1205   81912  1507950  18.27
1990-1999       60      0.01612  0.01599  0.50   81309    1300   80659  1426038  17.54
1990-1999       61      0.01741  0.01726  0.50   80009    1381   79319  1345379  16.82
1990-1999       62      0.01880  0.01862  0.50   78629    1464   77897  1266060  16.10
1990-1999       63      0.02044  0.02023  0.50   77164    1561   76384  1188163  15.40
1990-1999       64      0.02268  0.02243  0.50   75604    1696   74756  1111779  14.71
1990-1999       65      0.02451  0.02421  0.50   73908    1789   73013  1037024  14.03
1990-1999       66      0.02639  0.02605  0.50   72119    1879   71179   964011  13.37
1990-1999       67      0.02895  0.02853  0.50   70240    2004   69238   892831  12.71
1990-1999       68      0.03208  0.03158  0.50   68236    2155   67158   823594  12.07
1990-1999       69      0.03525  0.03464  0.50   66081    2289   64937   756435  11.45
1990-1999       70      0.03919  0.03844  0.50   63792    2452   62566   691498  10.84
1990-1999       71      0.04310  0.04219  0.50   61340    2588   60046   628932  10.25
1990-1999       72      0.04736  0.04626  0.50   58752    2718   57393   568886   9.68
1990-1999       73      0.05266  0.05131  0.50   56034    2875   54597   511493   9.13
1990-1999       74      0.05793  0.05630  0.50   53159    2993   51663   456896   8.59
1990-1999       75      0.06504  0.06299  0.50   50167    3160   48587   405233   8.08
1990-1999       76      0.07131  0.06886  0.50   47006    3237   45388   356646   7.59
1990-1999       77      0.07979  0.07673  0.50   43770    3358   42091   311258   7.11
1990-1999       78      0.08854  0.08479  0.50   40411    3426   38698   269168   6.66
1990-1999       79      0.09762  0.09308  0.50   36985    3443   35264   230469   6.23
1990-1999       80      0.10970  0.10399  0.50   33543    3488   31798   195206   5.82
1990-1999       81      0.12143  0.11448  0.50   30054    3440   28334   163407   5.44
1990-1999       82      0.13536  0.12678  0.50   26614    3374   24927   135073   5.08
1990-1999       83      0.15193  0.14120  0.50   23240    3281   21599   110146   4.74
1990-1999       84      0.16466  0.15214  0.50   19958    3036   18440    88547   4.44
1990-1999       85      0.18037  0.16545  0.50   16922    2800   15522    70107   4.14
1990-1999       86      0.20169  0.18321  0.50   14122    2587   12829    54585   3.87
1990-1999       87      0.21897  0.19737  0.50   11535    2277   10397    41756   3.62
1990-1999       88      0.23951  0.21389  0.50    9258    1980    8268    31360   3.39
1990-1999       89      0.26015  0.23021  0.50    7278    1675    6440    23091   3.17
1990-1999       90      0.28618  0.25036  0.50    5603    1403    4901    16651   2.97
1990-1999       91      0.31403  0.27141  0.50    4200    1140    3630    11750   2.80
1990-1999       92      0.33433  0.28644  0.50    3060     877    2622     8120   2.65
1990-1999       93      0.34372  0.29331  0.50    2184     640    1863     5498   2.52
1990-1999       94      0.36753  0.31048  0.50    1543     479    1304     3635   2.36
1990-1999       95      0.41341  0.34259  0.50    1064     365     882     2331   2.19
1990-1999       96      0.44194  0.36196  0.50     699     253     573     1450   2.07
1990-1999       97      0.47089  0.38115  0.50     446     170     361      877   1.96
1990-1999       98      0.50007  0.40004  0.50     276     110     221      516   1.87
1990-1999       99      0.52927  0.41851  0.50     166      69     131      295   1.78
1990-1999      100      0.55830  0.43646  0.50      96      42      75      164   1.70
1990-1999      101      0.58695  0.45378  0.50      54      25      42       88   1.62
1990-1999      102      0.61506  0.47040  0.50      30      14      23       46   1.56
1990-1999      103      0.64243  0.48624  0.50      16       8      12       24   1.50
1990-1999      104      0.66893  0.50127  0.50       8       4       6       12   1.45
1990-1999      105      0.69441  0.51544  0.50       4       2       3        6   1.40
1990-1999      106      0.71877  0.52874  0.50       2       1       1        3   1.36
1990-1999      107      0.74192  0.54117  0.50       1       0       1        1   1.32
1990-1999      108      0.76380  0.55272  0.50       0       0       0        1   1.29
1990-1999      109      0.78437  0.56341  0.50       0       0       0        0   1.26
1990-1999      110+     0.80363  1.00000  1.24       0       0       0        0   1.24
2000-2009        0      0.01137  0.01126  0.13  100000    1126   99016  7257112  72.57
2000-2009        1      0.00098  0.00098  0.50   98874      97   98826  7158096  72.40
2000-2009        2      0.00056  0.00056  0.50   98777      55   98749  7059270  71.47
2000-2009        3      0.00045  0.00045  0.50   98722      44   98700  6960521  70.51
2000-2009        4      0.00036  0.00036  0.50   98678      35   98660  6861821  69.54
2000-2009        5      0.00032  0.00032  0.50   98642      32   98626  6763161  68.56
2000-2009        6      0.00030  0.00030  0.50   98610      29   98596  6664535  67.58
2000-2009        7      0.00027  0.00027  0.50   98581      27   98568  6565939  66.60
2000-2009        8      0.00024  0.00024  0.50   98554      24   98542  6467372  65.62
2000-2009        9      0.00030  0.00030  0.50   98530      29   98516  6368829  64.64
2000-2009       10      0.00024  0.00024  0.50   98501      24   98489  6270313  63.66
2000-2009       11      0.00025  0.00025  0.50   98478      24   98466  6171824  62.67
2000-2009       12      0.00027  0.00027  0.50   98453      27   98440  6073358  61.69
2000-2009       13      0.00030  0.00030  0.50   98427      30   98412  5974918  60.70
2000-2009       14      0.00034  0.00034  0.50   98397      34   98380  5876507  59.72
2000-2009       15      0.00037  0.00037  0.50   98363      37   98345  5778127  58.74
2000-2009       16      0.00044  0.00044  0.50   98326      43   98305  5679782  57.76
2000-2009       17      0.00051  0.00051  0.50   98283      50   98258  5581477  56.79
2000-2009       18      0.00061  0.00061  0.50   98233      59   98203  5483219  55.82
2000-2009       19      0.00069  0.00069  0.50   98174      68   98140  5385016  54.85
2000-2009       20      0.00078  0.00078  0.50   98106      76   98068  5286876  53.89
2000-2009       21      0.00077  0.00076  0.50   98030      75   97992  5188808  52.93
2000-2009       22      0.00078  0.00078  0.50   97955      76   97917  5090816  51.97
2000-2009       23      0.00084  0.00084  0.50   97879      82   97837  4992900  51.01
2000-2009       24      0.00084  0.00084  0.50   97796      82   97755  4895062  50.05
2000-2009       25      0.00088  0.00088  0.50   97714      86   97671  4797307  49.10
2000-2009       26      0.00087  0.00087  0.50   97628      85   97586  4699636  48.14
2000-2009       27      0.00090  0.00090  0.50   97543      87   97499  4602050  47.18
2000-2009       28      0.00090  0.00090  0.50   97456      87   97412  4504551  46.22
2000-2009       29      0.00097  0.00097  0.50   97368      94   97321  4407139  45.26
2000-2009       30      0.00105  0.00105  0.50   97274     102   97223  4309818  44.31
2000-2009       31      0.00108  0.00108  0.50   97172     105   97119  4212595  43.35
2000-2009       32      0.00118  0.00118  0.50   97067     114   97010  4115475  42.40
2000-2009       33      0.00131  0.00131  0.50   96953     127   96889  4018466  41.45
2000-2009       34      0.00141  0.00140  0.50   96826     136   96758  3921576  40.50
2000-2009       35      0.00144  0.00144  0.50   96690     139   96620  3824819  39.56
2000-2009       36      0.00166  0.00166  0.50   96550     161   96470  3728199  38.61
2000-2009       37      0.00185  0.00185  0.50   96390     178   96300  3631729  37.68
2000-2009       38      0.00199  0.00199  0.50   96211     192   96115  3535429  36.75
2000-2009       39      0.00220  0.00220  0.50   96020     211   95914  3439313  35.82
2000-2009       40      0.00237  0.00236  0.50   95809     226   95696  3343399  34.90
2000-2009       41      0.00274  0.00273  0.50   95582     261   95452  3247703  33.98
2000-2009       42      0.00303  0.00303  0.50   95321     289   95177  3152251  33.07
2000-2009       43      0.00337  0.00336  0.50   95032     320   94873  3057074  32.17
2000-2009       44      0.00377  0.00376  0.50   94713     356   94535  2962202  31.28
2000-2009       45      0.00413  0.00412  0.50   94356     389   94162  2867667  30.39
2000-2009       46      0.00457  0.00456  0.50   93968     429   93753  2773505  29.52
2000-2009       47      0.00507  0.00506  0.50   93539     473   93302  2679752  28.65
2000-2009       48      0.00562  0.00561  0.50   93066     522   92805  2586449  27.79
2000-2009       49      0.00615  0.00613  0.50   92544     567   92260  2493644  26.95
2000-2009       50      0.00680  0.00678  0.50   91977     624   91665  2401384  26.11
2000-2009       51      0.00744  0.00741  0.50   91353     677   91015  2309719  25.28
2000-2009       52      0.00794  0.00791  0.50   90676     717   90317  2218704  24.47
2000-2009       53      0.00895  0.00891  0.50   89959     802   89558  2128387  23.66
2000-2009       54      0.00962  0.00957  0.50   89157     853   88730  2038829  22.87
2000-2009       55      0.01025  0.01020  0.50   88303     901   87853  1950099  22.08
2000-2009       56      0.01123  0.01116  0.50   87403     976   86915  1862246  21.31
2000-2009       57      0.01208  0.01201  0.50   86427    1038   85908  1775331  20.54
2000-2009       58      0.01303  0.01295  0.50   85389    1105   84836  1689422  19.78
2000-2009       59      0.01397  0.01387  0.50   84284    1169   83699  1604586  19.04
2000-2009       60      0.01517  0.01506  0.50   83115    1252   82489  1520887  18.30
2000-2009       61      0.01616  0.01603  0.50   81863    1313   81207  1438398  17.57
2000-2009       62      0.01755  0.01740  0.50   80550    1402   79849  1357192  16.85
2000-2009       63      0.01940  0.01921  0.50   79149    1520   78388  1277342  16.14
2000-2009       64      0.02089  0.02068  0.50   77628    1605   76826  1198954  15.44
2000-2009       65      0.02253  0.02228  0.50   76023    1694   75176  1122128  14.76
2000-2009       66      0.02428  0.02399  0.50   74330    1783   73438  1046952  14.09
2000-2009       67      0.02624  0.02590  0.50   72546    1879   71607   973514  13.42
2000-2009       68      0.02880  0.02839  0.50   70667    2006   69664   901907  12.76
2000-2009       69      0.03148  0.03099  0.50   68661    2128   67597   832243  12.12
2000-2009       70      0.03517  0.03456  0.50   66533    2300   65383   764646  11.49
2000-2009       71      0.03808  0.03737  0.50   64233    2400   63033   699262  10.89
2000-2009       72      0.04187  0.04101  0.50   61833    2536   60565   636229  10.29
2000-2009       73      0.04681  0.04574  0.50   59297    2712   57941   575664   9.71
2000-2009       74      0.05189  0.05058  0.50   56585    2862   55154   517723   9.15
2000-2009       75      0.05730  0.05570  0.50   53723    2992   52227   462568   8.61
2000-2009       76      0.06354  0.06159  0.50   50731    3124   49169   410341   8.09
2000-2009       77      0.07124  0.06879  0.50   47606    3275   45969   361173   7.59
2000-2009       78      0.07913  0.07612  0.50   44332    3374   42645   315204   7.11
2000-2009       79      0.08849  0.08474  0.50   40957    3471   39222   272559   6.65
2000-2009       80      0.09932  0.09462  0.50   37486    3547   35713   233337   6.22
2000-2009       81      0.10960  0.10391  0.50   33940    3527   32176   197624   5.82
2000-2009       82      0.12192  0.11491  0.50   30413    3495   28665   165448   5.44
2000-2009       83      0.13402  0.12560  0.50   26918    3381   25228   136783   5.08
2000-2009       84      0.14751  0.13738  0.50   23537    3234   21920   111555   4.74
2000-2009       85      0.16656  0.15375  0.50   20304    3122   18743    89635   4.41
2000-2009       86      0.18088  0.16587  0.50   17182    2850   15757    70892   4.13
2000-2009       87      0.20034  0.18210  0.50   14332    2610   13027    55135   3.85
2000-2009       88      0.22053  0.19863  0.50   11722    2328   10558    42108   3.59
2000-2009       89      0.24079  0.21492  0.50    9394    2019    8384    31551   3.36
2000-2009       90      0.25939  0.22961  0.50    7375    1693    6528    23166   3.14
2000-2009       91      0.29241  0.25511  0.50    5681    1449    4957    16638   2.93
2000-2009       92      0.30927  0.26785  0.50    4232    1134    3665    11681   2.76
2000-2009       93      0.34490  0.29417  0.50    3099     911    2643     8016   2.59
2000-2009       94      0.35795  0.30361  0.50    2187     664    1855     5373   2.46
2000-2009       95      0.38733  0.32449  0.50    1523     494    1276     3518   2.31
2000-2009       96      0.41563  0.34412  0.50    1029     354     852     2242   2.18
2000-2009       97      0.44453  0.36370  0.50     675     245     552     1391   2.06
2000-2009       98      0.47385  0.38308  0.50     429     164     347      838   1.95
2000-2009       99      0.50337  0.40215  0.50     265     107     212      491   1.85
2000-2009      100      0.53289  0.42078  0.50     158      67     125      280   1.77
2000-2009      101      0.56222  0.43885  0.50      92      40      72      155   1.69
2000-2009      102      0.59113  0.45627  0.50      51      23      40       83   1.61
2000-2009      103      0.61944  0.47296  0.50      28      13      21       43   1.55
2000-2009      104      0.64698  0.48885  0.50      15       7      11       22   1.49
2000-2009      105      0.67359  0.50389  0.50       8       4       6       11   1.44
2000-2009      106      0.69914  0.51805  0.50       4       2       3        5   1.39
2000-2009      107      0.72352  0.53131  0.50       2       1       1        2   1.35
2000-2009      108      0.74665  0.54368  0.50       1       0       1        1   1.32
2000-2009      109      0.76847  0.55516  0.50       0       0       0        0   1.29
2000-2009      110+     0.78894  1.00000  1.27       0       0       0        0   1.27
2010-2019        0      0.00720  0.00716  0.13  100000     716   99381  7457595  74.58
2010-2019        1      0.00062  0.00062  0.50   99284      62   99254  7358214  74.11
2010-2019        2      0.00034  0.00034  0.50   99223      33   99206  7258961  73.16
2010-2019        3      0.00028  0.00028  0.50   99189      27   99176  7159755  72.18
2010-2019        4      0.00021  0.00021  0.50   99162      21   99152  7060579  71.20
2010-2019        5      0.00021  0.00021  0.50   99141      21   99131  6961427  70.22
2010-2019        6      0.00018  0.00018  0.50   99120      18   99111  6862297  69.23
2010-2019        7      0.00020  0.00020  0.50   99103      20   99093  6763185  68.24
2010-2019        8      0.00015  0.00015  0.50   99083      15   99075  6664092  67.26
2010-2019        9      0.00017  0.00017  0.50   99068      17   99059  6565017  66.27
2010-2019       10      0.00017  0.00017  0.50   99051      17   99042  6465958  65.28
2010-2019       11      0.00020  0.00020  0.50   99034      20   99024  6366916  64.29
2010-2019       12      0.00019  0.00019  0.50   99014      19   99004  6267892  63.30
2010-2019       13      0.00023  0.00023  0.50   98994      23   98983  6168888  62.32
2010-2019       14      0.00025  0.00025  0.50   98971      24   98959  6069905  61.33
2010-2019       15      0.00034  0.00034  0.50   98947      34   98930  5970946  60.34
2010-2019       16      0.00036  0.00036  0.50   98913      36   98895  5872016  59.37
2010-2019       17      0.00044  0.00044  0.50   98877      43   98856  5773121  58.39
2010-2019       18      0.00056  0.00056  0.50   98834      56   98806  5674265  57.41
2010-2019       19      0.00064  0.00064  0.50   98778      63   98747  5575459  56.44
2010-2019       20      0.00063  0.00063  0.50   98715      62   98684  5476713  55.48
2010-2019       21      0.00059  0.00059  0.50   98653      58   98624  5378029  54.51
2010-2019       22      0.00063  0.00063  0.50   98595      62   98564  5279405  53.55
2010-2019       23      0.00058  0.00058  0.50   98533      58   98504  5180841  52.58
2010-2019       24      0.00070  0.00070  0.50   98475      69   98441  5082337  51.61
2010-2019       25      0.00065  0.00065  0.50   98406      64   98374  4983896  50.65
2010-2019       26      0.00071  0.00071  0.50   98342      70   98307  4885521  49.68
2010-2019       27      0.00067  0.00067  0.50   98272      66   98239  4787214  48.71
2010-2019       28      0.00078  0.00078  0.50   98206      76   98168  4688975  47.75
2010-2019       29      0.00079  0.00079  0.50   98130      77   98091  4590807  46.78
2010-2019       30      0.00089  0.00089  0.50   98053      87   98009  4492716  45.82
2010-2019       31      0.00092  0.00092  0.50   97965      90   97920  4394707  44.86
2010-2019       32      0.00096  0.00096  0.50   97875      94   97829  4296786  43.90
2010-2019       33      0.00113  0.00113  0.50   97782     110   97727  4198958  42.94
2010-2019       34      0.00114  0.00114  0.50   97671     111   97616  4101231  41.99
2010-2019       35      0.00127  0.00127  0.50   97561     124   97499  4003615  41.04
2010-2019       36      0.00137  0.00137  0.50   97437     133   97370  3906117  40.09
2010-2019       37      0.00151  0.00151  0.50   97304     147   97230  3808746  39.14
2010-2019       38      0.00168  0.00168  0.50   97157     163   97075  3711516  38.20
2010-2019       39      0.00181  0.00181  0.50   96994     175   96906  3614441  37.26
2010-2019       40      0.00200  0.00200  0.50   96818     193   96722  3517535  36.33
2010-2019       41      0.00226  0.00226  0.50   96625     218   96516  3420813  35.40
2010-2019       42      0.00247  0.00247  0.50   96407     238   96288  3324297  34.48
2010-2019       43      0.00278  0.00277  0.50   96169     267   96036  3228009  33.57
2010-2019       44      0.00318  0.00318  0.50   95902     305   95750  3131973  32.66
2010-2019       45      0.00355  0.00354  0.50   95598     339   95428  3036223  31.76
2010-2019       46      0.00381  0.00380  0.50   95259     362   95078  2940795  30.87
2010-2019       47      0.00428  0.00427  0.50   94897     405   94694  2845717  29.99
2010-2019       48      0.00490  0.00489  0.50   94492     462   94261  2751023  29.11
2010-2019       49      0.00546  0.00545  0.50   94030     512   93774  2656762  28.25
2010-2019       50      0.00590  0.00588  0.50   93518     550   93243  2562988  27.41
2010-2019       51      0.00660  0.00657  0.50   92968     611   92662  2469746  26.57
2010-2019       52      0.00720  0.00717  0.50   92356     663   92025  2377084  25.74
2010-2019       53      0.00776  0.00773  0.50   91694     709   91340  2285058  24.92
2010-2019       54      0.00863  0.00860  0.50   90985     782   90594  2193719  24.11
2010-2019       55      0.00952  0.00948  0.50   90203     855   89775  2103125  23.32
2010-2019       56      0.01009  0.01004  0.50   89348     897   88899  2013349  22.53
2010-2019       57      0.01106  0.01100  0.50   88451     973   87964  1924450  21.76
2010-2019       58      0.01224  0.01216  0.50   87477    1064   86946  1836486  20.99
2010-2019       59      0.01291  0.01283  0.50   86414    1109   85859  1749540  20.25
2010-2019       60      0.01398  0.01388  0.50   85305    1184   84713  1663681  19.50
2010-2019       61      0.01532  0.01520  0.50   84121    1279   83482  1578968  18.77
2010-2019       62      0.01653  0.01639  0.50   82842    1358   82163  1495486  18.05
2010-2019       63      0.01734  0.01719  0.50   81484    1401   80784  1413323  17.34
2010-2019       64      0.01886  0.01869  0.50   80084    1496   79336  1332539  16.64
2010-2019       65      0.02019  0.01999  0.50   78587    1571   77802  1253204  15.95
2010-2019       66      0.02189  0.02165  0.50   77017    1668   76183  1175401  15.26
2010-2019       67      0.02345  0.02318  0.50   75349    1747   74476  1099218  14.59
2010-2019       68      0.02526  0.02495  0.50   73603    1836   72684  1024743  13.92
2010-2019       69      0.02685  0.02649  0.50   71766    1901   70816   952058  13.27
2010-2019       70      0.02944  0.02901  0.50   69865    2027   68852   881242  12.61
2010-2019       71      0.03154  0.03105  0.50   67838    2106   66785   812391  11.98
2010-2019       72      0.03501  0.03441  0.50   65732    2262   64601   745606  11.34
2010-2019       73      0.03798  0.03728  0.50   63470    2366   62287   681006  10.73
2010-2019       74      0.04164  0.04080  0.50   61104    2493   59857   618719  10.13
2010-2019       75      0.04602  0.04498  0.50   58611    2636   57293   558862   9.54
2010-2019       76      0.05152  0.05022  0.50   55975    2811   54569   501569   8.96
2010-2019       77      0.05708  0.05550  0.50   53163    2951   51688   447000   8.41
2010-2019       78      0.06346  0.06151  0.50   50213    3089   48668   395312   7.87
2010-2019       79      0.07199  0.06949  0.50   47124    3275   45487   346644   7.36
2010-2019       80      0.08051  0.07739  0.50   43849    3394   42153   301157   6.87
2010-2019       81      0.09123  0.08725  0.50   40456    3530   38691   259005   6.40
2010-2019       82      0.10117  0.09630  0.50   36926    3556   35148   220314   5.97
2010-2019       83      0.11297  0.10693  0.50   33370    3568   31586   185165   5.55
2010-2019       84      0.12766  0.12000  0.50   29802    3576   28014   153579   5.15
2010-2019       85      0.14184  0.13245  0.50   26226    3474   24489   125565   4.79
2010-2019       86      0.15860  0.14695  0.50   22752    3343   21080   101076   4.44
2010-2019       87      0.17808  0.16352  0.50   19409    3174   17822    79996   4.12
2010-2019       88      0.19705  0.17938  0.50   16235    2912   14779    62174   3.83
2010-2019       89      0.21698  0.19575  0.50   13323    2608   12019    47395   3.56
2010-2019       90      0.24572  0.21883  0.50   10715    2345    9543    35376   3.30
2010-2019       91      0.26605  0.23482  0.50    8370    1965    7387    25833   3.09
2010-2019       92      0.28966  0.25301  0.50    6405    1620    5594    18446   2.88
2010-2019       93      0.31633  0.27313  0.50    4784    1307    4131    12851   2.69
2010-2019       94      0.34012  0.29069  0.50    3478    1011    2972     8721   2.51
2010-2019       95      0.37855  0.31830  0.50    2467     785    2074     5748   2.33
2010-2019       96      0.40992  0.34019  0.50    1682     572    1395     3674   2.19
2010-2019       97      0.44209  0.36206  0.50    1109     402     909     2279   2.05
2010-2019       98      0.47479  0.38370  0.50     708     272     572     1370   1.94
2010-2019       99      0.50775  0.40494  0.50     436     177     348      798   1.83
2010-2019      100      0.54067  0.42561  0.50     260     110     204      450   1.74
2010-2019      101      0.57327  0.44556  0.50     149      66     116      246   1.65
2010-2019      102      0.60527  0.46465  0.50      83      38      63      130   1.57
2010-2019      103      0.63641  0.48278  0.50      44      21      34       67   1.51
2010-2019      104      0.66646  0.49988  0.50      23      11      17       33   1.45
2010-2019      105      0.69523  0.51589  0.50      11       6       8       16   1.39
2010-2019      106      0.72255  0.53079  0.50       6       3       4        7   1.35
2010-2019      107      0.74833  0.54457  0.50       3       1       2        3   1.31
2010-2019      108      0.77246  0.55724  0.50       1       1       1        2   1.27
2010-2019      109      0.79493  0.56884  0.50       1       0       0        1   1.24
2010-2019      110+     0.81570  1.00000  1.23       0       0       0        0   1.23
2020-2021        0      0.00527  0.00525  0.14  100000     525   99548  7246105  72.46
2020-2021        1      0.00041  0.00041  0.50   99475      40   99455  7146558  71.84
2020-2021        2      0.00029  0.00029  0.50   99435      29   99420  7047103  70.87
2020-2021        3      0.00024  0.00024  0.50   99405      24   99394  6947683  69.89
2020-2021        4      0.00014  0.00014  0.50   99382      14   99375  6848289  68.91
2020-2021        5      0.00017  0.00017  0.50   99368      17   99359  6748914  67.92
2020-2021        6      0.00011  0.00011  0.50   99351      11   99345  6649555  66.93
2020-2021        7      0.00013  0.00013  0.50   99340      13   99333  6550209  65.94
2020-2021        8      0.00016  0.00016  0.50   99327      15   99319  6450876  64.95
2020-2021        9      0.00015  0.00015  0.50   99311      14   99304  6351557  63.96
2020-2021       10      0.00008  0.00008  0.50   99297       8   99293  6252254  62.97
2020-2021       11      0.00019  0.00019  0.50   99289      19   99280  6152961  61.97
2020-2021       12      0.00018  0.00018  0.50   99270      18   99261  6053681  60.98
2020-2021       13      0.00018  0.00018  0.50   99252      18   99243  5954420  59.99
2020-2021       14      0.00030  0.00030  0.50   99234      30   99219  5855177  59.00
2020-2021       15      0.00028  0.00028  0.50   99204      27   99190  5755959  58.02
2020-2021       16      0.00033  0.00033  0.50   99176      33   99160  5656769  57.04
2020-2021       17      0.00042  0.00042  0.50   99144      41   99123  5557609  56.06
2020-2021       18      0.00055  0.00055  0.50   99102      54   99075  5458486  55.08
2020-2021       19      0.00058  0.00058  0.50   99048      58   99019  5359410  54.11
2020-2021       20      0.00064  0.00064  0.50   98991      63   98959  5260391  53.14
2020-2021       21      0.00061  0.00061  0.50   98928      60   98897  5161432  52.17
2020-2021       22      0.00060  0.00060  0.50   98867      60   98837  5062534  51.21
2020-2021       23      0.00082  0.00082  0.50   98807      81   98767  4963697  50.24
2020-2021       24      0.00092  0.00092  0.50   98726      91   98681  4864930  49.28
2020-2021       25      0.00063  0.00063  0.50   98635      62   98604  4766249  48.32
2020-2021       26      0.00061  0.00061  0.50   98573      60   98543  4667645  47.35
2020-2021       27      0.00090  0.00090  0.50   98513      89   98468  4569102  46.38
2020-2021       28      0.00088  0.00088  0.50   98424      86   98380  4470634  45.42
2020-2021       29      0.00094  0.00094  0.50   98337      93   98291  4372254  44.46
2020-2021       30      0.00084  0.00084  0.50   98245      82   98203  4273963  43.50
2020-2021       31      0.00107  0.00107  0.50   98162     105   98110  4175759  42.54
2020-2021       32      0.00114  0.00114  0.50   98057     112   98001  4077650  41.58
2020-2021       33      0.00123  0.00123  0.50   97945     120   97885  3979649  40.63
2020-2021       34      0.00132  0.00131  0.50   97825     129   97760  3881764  39.68
2020-2021       35      0.00124  0.00124  0.50   97696     121   97636  3784004  38.73
2020-2021       36      0.00159  0.00159  0.50   97575     155   97497  3686368  37.78
2020-2021       37      0.00203  0.00203  0.50   97420     198   97321  3588871  36.84
2020-2021       38      0.00215  0.00215  0.50   97222     209   97118  3491549  35.91
2020-2021       39      0.00230  0.00230  0.50   97013     223   96902  3394431  34.99
2020-2021       40      0.00262  0.00261  0.50   96790     253   96664  3297530  34.07
2020-2021       41      0.00273  0.00273  0.50   96537     264   96405  3200866  33.16
2020-2021       42      0.00310  0.00309  0.50   96274     298   96125  3104460  32.25
2020-2021       43      0.00326  0.00325  0.50   95976     312   95820  3008335  31.34
2020-2021       44      0.00371  0.00370  0.50   95663     354   95486  2912516  30.45
2020-2021       45      0.00418  0.00417  0.50   95309     397   95111  2817029  29.56
2020-2021       46      0.00467  0.00466  0.50   94912     442   94691  2721919  28.68
2020-2021       47      0.00534  0.00533  0.50   94470     503   94218  2627228  27.81
2020-2021       48      0.00587  0.00585  0.50   93966     550   93692  2533010  26.96
2020-2021       49      0.00652  0.00650  0.50   93417     607   93113  2439318  26.11
2020-2021       50      0.00702  0.00700  0.50   92810     649   92485  2346205  25.28
2020-2021       51      0.00786  0.00783  0.50   92160     722   91799  2253720  24.45
2020-2021       52      0.00846  0.00842  0.50   91438     770   91053  2161921  23.64
2020-2021       53      0.00983  0.00978  0.50   90668     887   90225  2070868  22.84
2020-2021       54      0.01067  0.01061  0.50   89782     953   89305  1980643  22.06
2020-2021       55      0.01184  0.01177  0.50   88829    1046   88306  1891338  21.29
2020-2021       56      0.01327  0.01319  0.50   87783    1157   87204  1803032  20.54
2020-2021       57      0.01435  0.01425  0.50   86625    1235   86008  1715828  19.81
2020-2021       58      0.01486  0.01475  0.50   85391    1259   84761  1629820  19.09
2020-2021       59      0.01652  0.01638  0.50   84132    1378   83443  1545059  18.36
2020-2021       60      0.01822  0.01805  0.50   82753    1494   82006  1461616  17.66
2020-2021       61      0.01980  0.01961  0.50   81259    1593   80463  1379610  16.98
2020-2021       62      0.02127  0.02105  0.50   79666    1677   78828  1299147  16.31
2020-2021       63      0.02289  0.02263  0.50   77989    1765   77107  1220319  15.65
2020-2021       64      0.02564  0.02532  0.50   76224    1930   75260  1143212  15.00
2020-2021       65      0.02595  0.02562  0.50   74295    1903   73343  1067953  14.37
2020-2021       66      0.02908  0.02867  0.50   72391    2075   71354   994610  13.74
2020-2021       67      0.03166  0.03116  0.50   70316    2191   69220   923256  13.13
2020-2021       68      0.03405  0.03348  0.50   68125    2281   66984   854036  12.54
2020-2021       69      0.03634  0.03569  0.50   65844    2350   64669   787052  11.95
2020-2021       70      0.03942  0.03866  0.50   63494    2455   62267   722382  11.38
2020-2021       71      0.04286  0.04196  0.50   61039    2561   59759   660116  10.81
2020-2021       72      0.04704  0.04596  0.50   58478    2688   57134   600357  10.27
2020-2021       73      0.04983  0.04862  0.50   55790    2712   54434   543223   9.74
2020-2021       74      0.05497  0.05350  0.50   53078    2839   51658   488789   9.21
2020-2021       75      0.06038  0.05861  0.50   50238    2945   48766   437131   8.70
2020-2021       76      0.06445  0.06244  0.50   47294    2953   45817   388365   8.21
2020-2021       77      0.07123  0.06878  0.50   44341    3050   42816   342548   7.73
2020-2021       78      0.07728  0.07441  0.50   41291    3072   39755   299732   7.26
2020-2021       79      0.08569  0.08217  0.50   38219    3141   36648   259978   6.80
2020-2021       80      0.09321  0.08906  0.50   35078    3124   33516   223329   6.37
2020-2021       81      0.10331  0.09823  0.50   31954    3139   30385   189813   5.94
2020-2021       82      0.11525  0.10897  0.50   28815    3140   27245   159429   5.53
2020-2021       83      0.12833  0.12059  0.50   25675    3096   24127   132184   5.15
2020-2021       84      0.14237  0.13291  0.50   22579    3001   21078   108057   4.79
2020-2021       85      0.15657  0.14520  0.50   19578    2843   18156    86978   4.44
2020-2021       86      0.17729  0.16286  0.50   16735    2725   15372    68822   4.11
2020-2021       87      0.19521  0.17785  0.50   14010    2492   12764    53449   3.82
2020-2021       88      0.21962  0.19789  0.50   11518    2279   10378    40686   3.53
2020-2021       89      0.24198  0.21586  0.50    9239    1994    8242    30307   3.28
2020-2021       90      0.27034  0.23815  0.50    7244    1725    6382    22066   3.05
2020-2021       91      0.29533  0.25733  0.50    5519    1420    4809    15684   2.84
2020-2021       92      0.32076  0.27643  0.50    4099    1133    3532    10875   2.65
2020-2021       93      0.35658  0.30262  0.50    2966     898    2517     7342   2.48
2020-2021       94      0.37718  0.31734  0.50    2068     656    1740     4825   2.33
2020-2021       95      0.41006  0.34029  0.50    1412     480    1172     3085   2.18
2020-2021       96      0.44215  0.36210  0.50     931     337     763     1913   2.05
2020-2021       97      0.47478  0.38370  0.50     594     228     480     1150   1.94
2020-2021       98      0.50769  0.40491  0.50     366     148     292      670   1.83
2020-2021       99      0.54058  0.42556  0.50     218      93     172      378   1.74
2020-2021      100      0.57316  0.44549  0.50     125      56      97      207   1.65
2020-2021      101      0.60516  0.46458  0.50      69      32      53      109   1.57
2020-2021      102      0.63630  0.48272  0.50      37      18      28       56   1.51
2020-2021      103      0.66637  0.49983  0.50      19      10      14       28   1.45
2020-2021      104      0.69516  0.51586  0.50      10       5       7       13   1.39
2020-2021      105      0.72251  0.53077  0.50       5       2       3        6   1.35
2020-2021      106      0.74831  0.54456  0.50       2       1       2        3   1.31
2020-2021      107      0.77247  0.55724  0.50       1       1       1        1   1.27
2020-2021      108      0.79494  0.56884  0.50       0       0       0        1   1.24
2020-2021      109      0.81573  0.57941  0.50       0       0       0        0   1.21
2020-2021      110+     0.83485  1.00000  1.20       0       0       0        0   1.20
