Belarus, Life tables (period 1x10), Total	Last modified: 02 Apr 2020;  Methods Protocol: v6 (2017)

  Year          Age         mx       qx    ax      lx      dx      Lx       Tx     ex
1960-1969        0      0.02674  0.02614  0.13  100000    2614   97728  7268051  72.68
1960-1969        1      0.00298  0.00297  0.50   97386     290   97242  7170323  73.63
1960-1969        2      0.00120  0.00120  0.50   97097     116   97039  7073081  72.85
1960-1969        3      0.00088  0.00088  0.50   96981      85   96938  6976042  71.93
1960-1969        4      0.00064  0.00064  0.50   96896      62   96865  6879104  70.99
1960-1969        5      0.00057  0.00057  0.50   96834      55   96806  6782239  70.04
1960-1969        6      0.00060  0.00060  0.50   96778      58   96749  6685433  69.08
1960-1969        7      0.00054  0.00054  0.50   96720      53   96694  6588684  68.12
1960-1969        8      0.00054  0.00054  0.50   96668      52   96642  6491990  67.16
1960-1969        9      0.00048  0.00048  0.50   96616      47   96592  6395349  66.19
1960-1969       10      0.00052  0.00052  0.50   96569      50   96544  6298757  65.23
1960-1969       11      0.00045  0.00045  0.50   96518      43   96497  6202213  64.26
1960-1969       12      0.00051  0.00051  0.50   96475      49   96450  6105716  63.29
1960-1969       13      0.00053  0.00053  0.50   96426      51   96400  6009266  62.32
1960-1969       14      0.00055  0.00055  0.50   96375      53   96349  5912866  61.35
1960-1969       15      0.00059  0.00059  0.50   96322      57   96294  5816517  60.39
1960-1969       16      0.00074  0.00074  0.50   96265      71   96230  5720223  59.42
1960-1969       17      0.00080  0.00080  0.50   96194      77   96156  5623994  58.47
1960-1969       18      0.00097  0.00097  0.50   96117      93   96071  5527838  57.51
1960-1969       19      0.00098  0.00097  0.50   96024      94   95977  5431768  56.57
1960-1969       20      0.00121  0.00121  0.50   95931     116   95873  5335790  55.62
1960-1969       21      0.00105  0.00105  0.50   95815     100   95765  5239918  54.69
1960-1969       22      0.00129  0.00129  0.50   95715     123   95653  5144153  53.74
1960-1969       23      0.00128  0.00127  0.50   95591     122   95530  5048500  52.81
1960-1969       24      0.00128  0.00128  0.50   95469     122   95408  4952970  51.88
1960-1969       25      0.00140  0.00140  0.50   95347     133   95281  4857561  50.95
1960-1969       26      0.00142  0.00142  0.50   95214     135   95147  4762281  50.02
1960-1969       27      0.00151  0.00151  0.50   95079     143   95007  4667134  49.09
1960-1969       28      0.00155  0.00154  0.50   94936     147   94862  4572127  48.16
1960-1969       29      0.00146  0.00146  0.50   94789     138   94720  4477265  47.23
1960-1969       30      0.00193  0.00193  0.50   94651     183   94560  4382545  46.30
1960-1969       31      0.00158  0.00158  0.50   94468     149   94394  4287985  45.39
1960-1969       32      0.00199  0.00199  0.50   94319     187   94225  4193591  44.46
1960-1969       33      0.00188  0.00188  0.50   94132     177   94043  4099366  43.55
1960-1969       34      0.00208  0.00208  0.50   93955     195   93857  4005323  42.63
1960-1969       35      0.00225  0.00225  0.50   93760     211   93654  3911465  41.72
1960-1969       36      0.00235  0.00235  0.50   93549     220   93439  3817811  40.81
1960-1969       37      0.00233  0.00233  0.50   93329     218   93220  3724372  39.91
1960-1969       38      0.00255  0.00254  0.50   93112     237   92993  3631152  39.00
1960-1969       39      0.00250  0.00250  0.50   92875     232   92759  3538159  38.10
1960-1969       40      0.00319  0.00318  0.50   92643     295   92495  3445400  37.19
1960-1969       41      0.00275  0.00274  0.50   92348     253   92221  3352905  36.31
1960-1969       42      0.00338  0.00338  0.50   92094     311   91939  3260684  35.41
1960-1969       43      0.00338  0.00337  0.50   91783     310   91629  3168745  34.52
1960-1969       44      0.00350  0.00349  0.50   91474     319   91314  3077116  33.64
1960-1969       45      0.00408  0.00407  0.50   91155     371   90969  2985802  32.76
1960-1969       46      0.00419  0.00419  0.50   90783     380   90593  2894833  31.89
1960-1969       47      0.00426  0.00425  0.50   90403     384   90211  2804240  31.02
1960-1969       48      0.00481  0.00480  0.50   90019     432   89803  2714028  30.15
1960-1969       49      0.00457  0.00456  0.50   89587     409   89383  2624225  29.29
1960-1969       50      0.00652  0.00650  0.50   89178     580   88888  2534842  28.42
1960-1969       51      0.00515  0.00513  0.50   88599     455   88371  2445954  27.61
1960-1969       52      0.00644  0.00642  0.50   88144     566   87861  2357583  26.75
1960-1969       53      0.00660  0.00657  0.50   87578     576   87290  2269722  25.92
1960-1969       54      0.00713  0.00710  0.50   87002     618   86693  2182432  25.08
1960-1969       55      0.00864  0.00860  0.50   86384     743   86012  2095739  24.26
1960-1969       56      0.00869  0.00865  0.50   85641     741   85271  2009727  23.47
1960-1969       57      0.00908  0.00903  0.50   84900     767   84517  1924456  22.67
1960-1969       58      0.01006  0.01001  0.50   84133     842   83712  1839939  21.87
1960-1969       59      0.00964  0.00960  0.50   83291     799   82892  1756227  21.09
1960-1969       60      0.01555  0.01543  0.50   82492    1273   81856  1673335  20.28
1960-1969       61      0.01152  0.01145  0.50   81219     930   80754  1591480  19.59
1960-1969       62      0.01547  0.01535  0.50   80289    1233   79672  1510726  18.82
1960-1969       63      0.01628  0.01615  0.50   79056    1277   78418  1431053  18.10
1960-1969       64      0.01686  0.01672  0.50   77779    1300   77129  1352636  17.39
1960-1969       65      0.02188  0.02164  0.50   76479    1655   75651  1275507  16.68
1960-1969       66      0.01948  0.01929  0.50   74824    1443   74102  1199856  16.04
1960-1969       67      0.02351  0.02323  0.50   73380    1705   72528  1125753  15.34
1960-1969       68      0.02425  0.02396  0.50   71675    1717   70817  1053226  14.69
1960-1969       69      0.02215  0.02191  0.50   69958    1533   69192   982409  14.04
1960-1969       70      0.03787  0.03717  0.50   68426    2543   67154   913217  13.35
1960-1969       71      0.02547  0.02515  0.50   65882    1657   65054   846063  12.84
1960-1969       72      0.03717  0.03649  0.50   64225    2344   63054   781009  12.16
1960-1969       73      0.03867  0.03794  0.50   61882    2348   60708   717955  11.60
1960-1969       74      0.04029  0.03949  0.50   59534    2351   58359   657247  11.04
1960-1969       75      0.05137  0.05008  0.50   57183    2864   55751   598889  10.47
1960-1969       76      0.05054  0.04930  0.50   54319    2678   52980   543138  10.00
1960-1969       77      0.04975  0.04854  0.50   51641    2507   50388   490158   9.49
1960-1969       78      0.06898  0.06668  0.50   49135    3276   47497   439769   8.95
1960-1969       79      0.05490  0.05343  0.50   45859    2450   44633   392273   8.55
1960-1969       80      0.09479  0.09050  0.50   43408    3928   41444   347639   8.01
1960-1969       81      0.06599  0.06388  0.50   39480    2522   38219   306195   7.76
1960-1969       82      0.09311  0.08897  0.50   36958    3288   35314   267976   7.25
1960-1969       83      0.09399  0.08977  0.50   33670    3022   32159   232663   6.91
1960-1969       84      0.10349  0.09839  0.50   30647    3016   29140   200504   6.54
1960-1969       85      0.12521  0.11784  0.50   27632    3256   26004   171364   6.20
1960-1969       86      0.12853  0.12077  0.50   24376    2944   22904   145361   5.96
1960-1969       87      0.13700  0.12822  0.50   21432    2748   20058   122457   5.71
1960-1969       88      0.14436  0.13464  0.50   18684    2516   17426   102399   5.48
1960-1969       89      0.13456  0.12607  0.50   16168    2038   15149    84972   5.26
1960-1969       90      0.21611  0.19504  0.50   14130    2756   12752    69823   4.94
1960-1969       91      0.12782  0.12014  0.50   11374    1367   10691    57071   5.02
1960-1969       92      0.16687  0.15402  0.50   10008    1541    9237    46380   4.63
1960-1969       93      0.17766  0.16317  0.50    8466    1381    7775    37143   4.39
1960-1969       94      0.16818  0.15513  0.50    7085    1099    6535    29368   4.15
1960-1969       95      0.22022  0.19838  0.50    5986    1187    5392    22833   3.81
1960-1969       96      0.23389  0.20940  0.50    4798    1005    4296    17441   3.63
1960-1969       97      0.24814  0.22075  0.50    3793     837    3375    13145   3.47
1960-1969       98      0.26295  0.23240  0.50    2956     687    2613     9770   3.31
1960-1969       99      0.27832  0.24432  0.50    2269     554    1992     7157   3.15
1960-1969      100      0.29424  0.25650  0.50    1715     440    1495     5165   3.01
1960-1969      101      0.31068  0.26891  0.50    1275     343    1103     3671   2.88
1960-1969      102      0.32763  0.28151  0.50     932     262     801     2567   2.75
1960-1969      103      0.34505  0.29428  0.50     670     197     571     1766   2.64
1960-1969      104      0.36292  0.30718  0.50     473     145     400     1195   2.53
1960-1969      105      0.38119  0.32016  0.50     327     105     275      795   2.43
1960-1969      106      0.39982  0.33321  0.50     223      74     186      520   2.34
1960-1969      107      0.41878  0.34627  0.50     148      51     123      335   2.26
1960-1969      108      0.43800  0.35931  0.50      97      35      80      212   2.18
1960-1969      109      0.45744  0.37229  0.50      62      23      51      132   2.13
1960-1969      110+     0.47704  1.00000  2.10      39      39      82       82   2.10
1970-1979        0      0.01758  0.01731  0.11  100000    1731   98465  7227467  72.27
1970-1979        1      0.00252  0.00252  0.50   98269     247   98146  7129002  72.55
1970-1979        2      0.00096  0.00096  0.50   98022      95   97975  7030856  71.73
1970-1979        3      0.00075  0.00075  0.50   97927      73   97891  6932881  70.80
1970-1979        4      0.00057  0.00057  0.50   97854      56   97826  6834991  69.85
1970-1979        5      0.00055  0.00055  0.50   97799      54   97772  6737164  68.89
1970-1979        6      0.00047  0.00047  0.50   97745      46   97722  6639393  67.93
1970-1979        7      0.00044  0.00044  0.50   97699      43   97678  6541671  66.96
1970-1979        8      0.00043  0.00043  0.50   97656      42   97635  6443993  65.99
1970-1979        9      0.00041  0.00041  0.50   97614      40   97594  6346358  65.01
1970-1979       10      0.00040  0.00040  0.50   97575      39   97555  6248764  64.04
1970-1979       11      0.00038  0.00038  0.50   97535      37   97517  6151209  63.07
1970-1979       12      0.00037  0.00037  0.50   97499      36   97480  6053692  62.09
1970-1979       13      0.00039  0.00039  0.50   97462      38   97443  5956211  61.11
1970-1979       14      0.00043  0.00043  0.50   97425      42   97404  5858768  60.14
1970-1979       15      0.00053  0.00053  0.50   97383      51   97357  5761364  59.16
1970-1979       16      0.00067  0.00066  0.50   97331      65   97299  5664007  58.19
1970-1979       17      0.00087  0.00087  0.50   97267      85   97224  5566708  57.23
1970-1979       18      0.00091  0.00091  0.50   97182      88   97138  5469484  56.28
1970-1979       19      0.00091  0.00091  0.50   97094      88   97050  5372346  55.33
1970-1979       20      0.00106  0.00106  0.50   97006     102   96954  5275296  54.38
1970-1979       21      0.00127  0.00127  0.50   96903     123   96842  5178342  53.44
1970-1979       22      0.00138  0.00137  0.50   96780     133   96714  5081500  52.51
1970-1979       23      0.00136  0.00136  0.50   96647     132   96581  4984787  51.58
1970-1979       24      0.00145  0.00145  0.50   96516     140   96446  4888205  50.65
1970-1979       25      0.00149  0.00149  0.50   96376     143   96304  4791760  49.72
1970-1979       26      0.00160  0.00160  0.50   96232     154   96155  4695456  48.79
1970-1979       27      0.00178  0.00178  0.50   96079     171   95993  4599300  47.87
1970-1979       28      0.00174  0.00174  0.50   95908     167   95824  4503307  46.95
1970-1979       29      0.00181  0.00181  0.50   95741     173   95654  4407483  46.04
1970-1979       30      0.00199  0.00199  0.50   95568     190   95473  4311829  45.12
1970-1979       31      0.00210  0.00210  0.50   95377     200   95277  4216356  44.21
1970-1979       32      0.00232  0.00231  0.50   95178     220   95067  4121079  43.30
1970-1979       33      0.00236  0.00236  0.50   94957     224   94845  4026012  42.40
1970-1979       34      0.00249  0.00249  0.50   94733     235   94616  3931166  41.50
1970-1979       35      0.00267  0.00266  0.50   94498     252   94372  3836550  40.60
1970-1979       36      0.00280  0.00280  0.50   94246     263   94115  3742178  39.71
1970-1979       37      0.00304  0.00304  0.50   93983     286   93840  3648064  38.82
1970-1979       38      0.00319  0.00318  0.50   93697     298   93548  3554224  37.93
1970-1979       39      0.00338  0.00337  0.50   93399     315   93242  3460675  37.05
1970-1979       40      0.00358  0.00357  0.50   93084     332   92918  3367434  36.18
1970-1979       41      0.00375  0.00374  0.50   92752     347   92578  3274516  35.30
1970-1979       42      0.00399  0.00398  0.50   92405     368   92221  3181937  34.43
1970-1979       43      0.00437  0.00436  0.50   92037     401   91837  3089716  33.57
1970-1979       44      0.00458  0.00457  0.50   91636     419   91426  2997879  32.72
1970-1979       45      0.00487  0.00486  0.50   91217     443   90995  2906453  31.86
1970-1979       46      0.00503  0.00502  0.50   90773     455   90546  2815458  31.02
1970-1979       47      0.00537  0.00536  0.50   90318     484   90076  2724912  30.17
1970-1979       48      0.00574  0.00572  0.50   89834     514   89577  2634836  29.33
1970-1979       49      0.00619  0.00617  0.50   89320     551   89045  2545259  28.50
1970-1979       50      0.00679  0.00676  0.50   88769     600   88469  2456214  27.67
1970-1979       51      0.00705  0.00702  0.50   88169     619   87859  2367745  26.85
1970-1979       52      0.00767  0.00764  0.50   87549     669   87215  2279886  26.04
1970-1979       53      0.00818  0.00815  0.50   86881     708   86527  2192671  25.24
1970-1979       54      0.00854  0.00850  0.50   86173     733   85806  2106144  24.44
1970-1979       55      0.00906  0.00902  0.50   85440     770   85055  2020338  23.65
1970-1979       56      0.00982  0.00978  0.50   84670     828   84256  1935283  22.86
1970-1979       57      0.01035  0.01030  0.50   83842     864   83410  1851027  22.08
1970-1979       58      0.01118  0.01111  0.50   82978     922   82517  1767617  21.30
1970-1979       59      0.01183  0.01176  0.50   82056     965   81574  1685100  20.54
1970-1979       60      0.01321  0.01313  0.50   81091    1064   80559  1603526  19.77
1970-1979       61      0.01402  0.01392  0.50   80027    1114   79470  1522967  19.03
1970-1979       62      0.01546  0.01534  0.50   78913    1210   78308  1443497  18.29
1970-1979       63      0.01700  0.01685  0.50   77702    1309   77048  1365190  17.57
1970-1979       64      0.01834  0.01817  0.50   76393    1388   75699  1288142  16.86
1970-1979       65      0.02009  0.01989  0.50   75005    1492   74259  1212443  16.16
1970-1979       66      0.02197  0.02173  0.50   73513    1598   72714  1138184  15.48
1970-1979       67      0.02437  0.02408  0.50   71916    1731   71050  1065470  14.82
1970-1979       68      0.02614  0.02580  0.50   70184    1811   69279   994420  14.17
1970-1979       69      0.02890  0.02849  0.50   68374    1948   67399   925141  13.53
1970-1979       70      0.03271  0.03218  0.50   66425    2138   65357   857742  12.91
1970-1979       71      0.03407  0.03350  0.50   64288    2153   63211   792385  12.33
1970-1979       72      0.03868  0.03794  0.50   62134    2358   60956   729174  11.74
1970-1979       73      0.04237  0.04149  0.50   59777    2480   58537   668219  11.18
1970-1979       74      0.04685  0.04578  0.50   57296    2623   55985   609682  10.64
1970-1979       75      0.05090  0.04964  0.50   54674    2714   53317   553697  10.13
1970-1979       76      0.05585  0.05433  0.50   51960    2823   50548   500380   9.63
1970-1979       77      0.05962  0.05790  0.50   49137    2845   47714   449832   9.15
1970-1979       78      0.06707  0.06490  0.50   46292    3004   44790   402118   8.69
1970-1979       79      0.07314  0.07056  0.50   43288    3055   41760   357329   8.25
1970-1979       80      0.08323  0.07990  0.50   40233    3215   38626   315568   7.84
1970-1979       81      0.08467  0.08123  0.50   37018    3007   35515   276942   7.48
1970-1979       82      0.09625  0.09183  0.50   34011    3123   32450   241428   7.10
1970-1979       83      0.10244  0.09745  0.50   30888    3010   29383   208978   6.77
1970-1979       84      0.11149  0.10560  0.50   27878    2944   26406   179595   6.44
1970-1979       85      0.12006  0.11326  0.50   24934    2824   23522   153189   6.14
1970-1979       86      0.12964  0.12175  0.50   22110    2692   20764   129667   5.86
1970-1979       87      0.13441  0.12595  0.50   19418    2446   18195   108902   5.61
1970-1979       88      0.14772  0.13756  0.50   16973    2335   15805    90707   5.34
1970-1979       89      0.15069  0.14013  0.50   14638    2051   13612    74902   5.12
1970-1979       90      0.17440  0.16041  0.50   12587    2019   11577    61289   4.87
1970-1979       91      0.16600  0.15328  0.50   10568    1620    9758    49712   4.70
1970-1979       92      0.18365  0.16820  0.50    8948    1505    8195    39955   4.47
1970-1979       93      0.18660  0.17067  0.50    7443    1270    6808    31759   4.27
1970-1979       94      0.19938  0.18130  0.50    6172    1119    5613    24952   4.04
1970-1979       95      0.22002  0.19822  0.50    5053    1002    4553    19339   3.83
1970-1979       96      0.23337  0.20899  0.50    4052     847    3628    14786   3.65
1970-1979       97      0.24730  0.22009  0.50    3205     705    2852    11158   3.48
1970-1979       98      0.26180  0.23150  0.50    2500     579    2210     8306   3.32
1970-1979       99      0.27686  0.24319  0.50    1921     467    1687     6095   3.17
1970-1979      100      0.29247  0.25515  0.50    1454     371    1268     4408   3.03
1970-1979      101      0.30860  0.26735  0.50    1083     289     938     3140   2.90
1970-1979      102      0.32523  0.27974  0.50     793     222     682     2202   2.78
1970-1979      103      0.34235  0.29231  0.50     571     167     488     1519   2.66
1970-1979      104      0.35990  0.30501  0.50     404     123     343     1031   2.55
1970-1979      105      0.37786  0.31781  0.50     281      89     236      689   2.45
1970-1979      106      0.39618  0.33067  0.50     192      63     160      452   2.36
1970-1979      107      0.41481  0.34356  0.50     128      44     106      292   2.28
1970-1979      108      0.43372  0.35642  0.50      84      30      69      186   2.21
1970-1979      109      0.45283  0.36923  0.50      54      20      44      117   2.15
1970-1979      110+     0.47211  1.00000  2.12      34      34      72       72   2.12
1980-1989        0      0.01453  0.01435  0.12  100000    1435   98736  7151634  71.52
1980-1989        1      0.00159  0.00158  0.50   98565     156   98487  7052898  71.56
1980-1989        2      0.00079  0.00078  0.50   98409      77   98370  6954411  70.67
1980-1989        3      0.00062  0.00062  0.50   98332      61   98301  6856041  69.72
1980-1989        4      0.00051  0.00051  0.50   98270      50   98245  6757740  68.77
1980-1989        5      0.00046  0.00046  0.50   98220      45   98198  6659495  67.80
1980-1989        6      0.00046  0.00046  0.50   98175      45   98153  6561297  66.83
1980-1989        7      0.00050  0.00050  0.50   98130      49   98106  6463144  65.86
1980-1989        8      0.00046  0.00046  0.50   98081      45   98059  6365038  64.90
1980-1989        9      0.00041  0.00041  0.50   98036      40   98016  6266980  63.93
1980-1989       10      0.00037  0.00037  0.50   97996      36   97978  6168964  62.95
1980-1989       11      0.00035  0.00035  0.50   97960      34   97943  6070986  61.97
1980-1989       12      0.00035  0.00035  0.50   97926      34   97908  5973043  61.00
1980-1989       13      0.00040  0.00040  0.50   97891      39   97872  5875135  60.02
1980-1989       14      0.00046  0.00046  0.50   97852      45   97830  5777263  59.04
1980-1989       15      0.00049  0.00049  0.50   97808      48   97784  5679433  58.07
1980-1989       16      0.00065  0.00065  0.50   97760      63   97728  5581649  57.10
1980-1989       17      0.00082  0.00082  0.50   97696      81   97656  5483921  56.13
1980-1989       18      0.00091  0.00091  0.50   97616      89   97572  5386265  55.18
1980-1989       19      0.00088  0.00088  0.50   97527      86   97484  5288693  54.23
1980-1989       20      0.00104  0.00104  0.50   97441     101   97391  5191209  53.28
1980-1989       21      0.00130  0.00130  0.50   97340     127   97277  5093818  52.33
1980-1989       22      0.00132  0.00132  0.50   97213     128   97149  4996542  51.40
1980-1989       23      0.00137  0.00137  0.50   97085     133   97019  4899393  50.46
1980-1989       24      0.00139  0.00139  0.50   96953     135   96885  4802374  49.53
1980-1989       25      0.00144  0.00143  0.50   96818     139   96749  4705488  48.60
1980-1989       26      0.00143  0.00142  0.50   96679     138   96610  4608740  47.67
1980-1989       27      0.00155  0.00155  0.50   96541     149   96467  4512130  46.74
1980-1989       28      0.00165  0.00164  0.50   96392     159   96313  4415663  45.81
1980-1989       29      0.00171  0.00171  0.50   96233     165   96151  4319350  44.88
1980-1989       30      0.00191  0.00191  0.50   96069     183   95977  4223199  43.96
1980-1989       31      0.00214  0.00213  0.50   95886     205   95783  4127222  43.04
1980-1989       32      0.00210  0.00209  0.50   95681     200   95581  4031439  42.13
1980-1989       33      0.00231  0.00231  0.50   95481     221   95371  3935858  41.22
1980-1989       34      0.00238  0.00238  0.50   95260     226   95147  3840487  40.32
1980-1989       35      0.00260  0.00259  0.50   95034     246   94911  3745340  39.41
1980-1989       36      0.00264  0.00264  0.50   94787     250   94662  3650429  38.51
1980-1989       37      0.00290  0.00290  0.50   94537     274   94401  3555767  37.61
1980-1989       38      0.00319  0.00318  0.50   94264     300   94114  3461366  36.72
1980-1989       39      0.00345  0.00345  0.50   93964     324   93802  3367253  35.84
1980-1989       40      0.00393  0.00392  0.50   93640     367   93456  3273451  34.96
1980-1989       41      0.00418  0.00417  0.50   93273     389   93078  3179995  34.09
1980-1989       42      0.00467  0.00465  0.50   92884     432   92668  3086917  33.23
1980-1989       43      0.00477  0.00476  0.50   92452     440   92231  2994249  32.39
1980-1989       44      0.00522  0.00521  0.50   92011     479   91772  2902018  31.54
1980-1989       45      0.00562  0.00561  0.50   91532     513   91275  2810246  30.70
1980-1989       46      0.00608  0.00606  0.50   91019     551   90743  2718971  29.87
1980-1989       47      0.00635  0.00633  0.50   90467     573   90181  2628227  29.05
1980-1989       48      0.00674  0.00671  0.50   89894     604   89593  2538047  28.23
1980-1989       49      0.00727  0.00724  0.50   89291     647   88967  2448454  27.42
1980-1989       50      0.00809  0.00806  0.50   88644     714   88287  2359487  26.62
1980-1989       51      0.00833  0.00829  0.50   87930     729   87565  2271200  25.83
1980-1989       52      0.00912  0.00908  0.50   87201     792   86805  2183634  25.04
1980-1989       53      0.00950  0.00945  0.50   86409     817   86001  2096829  24.27
1980-1989       54      0.01007  0.01002  0.50   85592     857   85164  2010829  23.49
1980-1989       55      0.01083  0.01077  0.50   84735     912   84279  1925665  22.73
1980-1989       56      0.01157  0.01150  0.50   83823     964   83340  1841386  21.97
1980-1989       57      0.01236  0.01228  0.50   82858    1018   82349  1758046  21.22
1980-1989       58      0.01296  0.01288  0.50   81841    1054   81314  1675696  20.48
1980-1989       59      0.01393  0.01384  0.50   80787    1118   80228  1594383  19.74
1980-1989       60      0.01522  0.01511  0.50   79669    1204   79067  1514155  19.01
1980-1989       61      0.01610  0.01598  0.50   78465    1254   77839  1435087  18.29
1980-1989       62      0.01730  0.01715  0.50   77212    1324   76550  1357249  17.58
1980-1989       63      0.01860  0.01843  0.50   75888    1399   75188  1280699  16.88
1980-1989       64      0.02032  0.02011  0.50   74489    1498   73740  1205510  16.18
1980-1989       65      0.02199  0.02175  0.50   72991    1588   72197  1131770  15.51
1980-1989       66      0.02379  0.02351  0.50   71403    1678   70564  1059573  14.84
1980-1989       67      0.02586  0.02553  0.50   69725    1780   68835   989009  14.18
1980-1989       68      0.02786  0.02748  0.50   67945    1867   67011   920174  13.54
1980-1989       69      0.03006  0.02962  0.50   66078    1957   65099   853163  12.91
1980-1989       70      0.03482  0.03422  0.50   64121    2194   63024   788064  12.29
1980-1989       71      0.03706  0.03638  0.50   61927    2253   60800   725040  11.71
1980-1989       72      0.04112  0.04029  0.50   59674    2404   58472   664240  11.13
1980-1989       73      0.04412  0.04317  0.50   57269    2472   56033   605768  10.58
1980-1989       74      0.04888  0.04771  0.50   54797    2614   53490   549735  10.03
1980-1989       75      0.05423  0.05280  0.50   52182    2755   50805   496245   9.51
1980-1989       76      0.05956  0.05784  0.50   49427    2859   47998   445441   9.01
1980-1989       77      0.06407  0.06208  0.50   46568    2891   45123   397443   8.53
1980-1989       78      0.07078  0.06836  0.50   43677    2986   42184   352320   8.07
1980-1989       79      0.07804  0.07511  0.50   40691    3056   39163   310136   7.62
1980-1989       80      0.09171  0.08769  0.50   37635    3300   35985   270972   7.20
1980-1989       81      0.09559  0.09123  0.50   34335    3132   32769   234987   6.84
1980-1989       82      0.10823  0.10268  0.50   31202    3204   29601   202219   6.48
1980-1989       83      0.11661  0.11018  0.50   27999    3085   26456   172618   6.17
1980-1989       84      0.12700  0.11942  0.50   24914    2975   23426   146162   5.87
1980-1989       85      0.13741  0.12857  0.50   21939    2821   20528   122736   5.59
1980-1989       86      0.14915  0.13880  0.50   19118    2654   17791   102208   5.35
1980-1989       87      0.15489  0.14376  0.50   16464    2367   15281    84417   5.13
1980-1989       88      0.16576  0.15307  0.50   14097    2158   13018    69136   4.90
1980-1989       89      0.17230  0.15864  0.50   11939    1894   10992    56118   4.70
1980-1989       90      0.18920  0.17285  0.50   10045    1736    9177    45125   4.49
1980-1989       91      0.19137  0.17466  0.50    8309    1451    7583    35948   4.33
1980-1989       92      0.20376  0.18492  0.50    6858    1268    6224    28365   4.14
1980-1989       93      0.21053  0.19048  0.50    5590    1065    5057    22141   3.96
1980-1989       94      0.22508  0.20231  0.50    4525     915    4067    17084   3.78
1980-1989       95      0.23927  0.21370  0.50    3609     771    3224    13017   3.61
1980-1989       96      0.25250  0.22420  0.50    2838     636    2520     9793   3.45
1980-1989       97      0.26619  0.23492  0.50    2202     517    1943     7273   3.30
1980-1989       98      0.28032  0.24586  0.50    1685     414    1477     5330   3.16
1980-1989       99      0.29488  0.25699  0.50    1270     326    1107     3852   3.03
1980-1989      100      0.30986  0.26830  0.50     944     253     817     2745   2.91
1980-1989      101      0.32526  0.27976  0.50     691     193     594     1928   2.79
1980-1989      102      0.34104  0.29135  0.50     497     145     425     1334   2.68
1980-1989      103      0.35718  0.30306  0.50     353     107     299      909   2.58
1980-1989      104      0.37368  0.31485  0.50     246      77     207      610   2.48
1980-1989      105      0.39049  0.32670  0.50     168      55     141      403   2.39
1980-1989      106      0.40758  0.33858  0.50     113      38      94      262   2.31
1980-1989      107      0.42494  0.35047  0.50      75      26      62      168   2.24
1980-1989      108      0.44251  0.36234  0.50      49      18      40      106   2.17
1980-1989      109      0.46027  0.37416  0.50      31      12      25       66   2.12
1980-1989      110+     0.47817  1.00000  2.09      19      19      41       41   2.09
1990-1999        0      0.01223  0.01210  0.12  100000    1210   98940  6913049  69.13
1990-1999        1      0.00132  0.00132  0.50   98790     131   98725  6814109  68.98
1990-1999        2      0.00076  0.00076  0.50   98659      75   98622  6715384  68.07
1990-1999        3      0.00058  0.00058  0.50   98585      57   98556  6616762  67.12
1990-1999        4      0.00050  0.00050  0.50   98527      50   98503  6518206  66.16
1990-1999        5      0.00040  0.00040  0.50   98478      40   98458  6419704  65.19
1990-1999        6      0.00040  0.00040  0.50   98438      39   98418  6321246  64.22
1990-1999        7      0.00040  0.00040  0.50   98399      39   98379  6222827  63.24
1990-1999        8      0.00035  0.00035  0.50   98359      35   98342  6124448  62.27
1990-1999        9      0.00032  0.00032  0.50   98325      31   98309  6026106  61.29
1990-1999       10      0.00032  0.00032  0.50   98293      31   98278  5927797  60.31
1990-1999       11      0.00028  0.00028  0.50   98262      27   98248  5829520  59.33
1990-1999       12      0.00033  0.00033  0.50   98235      32   98219  5731271  58.34
1990-1999       13      0.00036  0.00036  0.50   98203      35   98185  5633053  57.36
1990-1999       14      0.00041  0.00041  0.50   98167      41   98147  5534868  56.38
1990-1999       15      0.00053  0.00053  0.50   98127      52   98101  5436721  55.41
1990-1999       16      0.00075  0.00075  0.50   98075      73   98038  5338620  54.43
1990-1999       17      0.00097  0.00097  0.50   98001      95   97954  5240582  53.47
1990-1999       18      0.00111  0.00111  0.50   97906     109   97851  5142629  52.53
1990-1999       19      0.00116  0.00116  0.50   97797     114   97740  5044777  51.58
1990-1999       20      0.00140  0.00140  0.50   97683     137   97615  4947037  50.64
1990-1999       21      0.00153  0.00153  0.50   97546     149   97472  4849422  49.71
1990-1999       22      0.00166  0.00165  0.50   97397     161   97316  4751951  48.79
1990-1999       23      0.00172  0.00172  0.50   97236     168   97152  4654634  47.87
1990-1999       24      0.00178  0.00178  0.50   97068     172   96982  4557482  46.95
1990-1999       25      0.00188  0.00187  0.50   96896     182   96805  4460500  46.03
1990-1999       26      0.00194  0.00194  0.50   96715     188   96621  4363694  45.12
1990-1999       27      0.00203  0.00203  0.50   96527     196   96429  4267074  44.21
1990-1999       28      0.00210  0.00209  0.50   96331     202   96230  4170645  43.30
1990-1999       29      0.00227  0.00227  0.50   96129     218   96020  4074415  42.38
1990-1999       30      0.00238  0.00238  0.50   95911     228   95797  3978395  41.48
1990-1999       31      0.00245  0.00245  0.50   95683     234   95566  3882598  40.58
1990-1999       32      0.00261  0.00261  0.50   95449     249   95324  3787032  39.68
1990-1999       33      0.00278  0.00277  0.50   95200     264   95068  3691708  38.78
1990-1999       34      0.00296  0.00295  0.50   94936     280   94796  3596640  37.88
1990-1999       35      0.00319  0.00319  0.50   94656     302   94505  3501844  37.00
1990-1999       36      0.00345  0.00344  0.50   94354     324   94192  3407340  36.11
1990-1999       37      0.00366  0.00365  0.50   94029     343   93858  3313148  35.24
1990-1999       38      0.00403  0.00402  0.50   93686     377   93498  3219290  34.36
1990-1999       39      0.00430  0.00429  0.50   93309     400   93109  3125792  33.50
1990-1999       40      0.00461  0.00460  0.50   92909     427   92695  3032684  32.64
1990-1999       41      0.00493  0.00492  0.50   92481     455   92254  2939988  31.79
1990-1999       42      0.00544  0.00543  0.50   92026     500   91777  2847735  30.94
1990-1999       43      0.00605  0.00604  0.50   91527     552   91251  2755958  30.11
1990-1999       44      0.00644  0.00642  0.50   90974     584   90682  2664707  29.29
1990-1999       45      0.00709  0.00706  0.50   90390     638   90071  2574025  28.48
1990-1999       46      0.00785  0.00782  0.50   89752     701   89401  2483954  27.68
1990-1999       47      0.00831  0.00828  0.50   89051     737   88682  2394553  26.89
1990-1999       48      0.00895  0.00891  0.50   88313     787   87920  2305871  26.11
1990-1999       49      0.00978  0.00973  0.50   87526     851   87100  2217951  25.34
1990-1999       50      0.01036  0.01030  0.50   86675     893   86228  2130851  24.58
1990-1999       51      0.01107  0.01101  0.50   85782     945   85309  2044623  23.84
1990-1999       52      0.01183  0.01176  0.50   84837     998   84338  1959313  23.10
1990-1999       53      0.01254  0.01246  0.50   83839    1045   83316  1874975  22.36
1990-1999       54      0.01357  0.01348  0.50   82794    1116   82236  1791659  21.64
1990-1999       55      0.01456  0.01445  0.50   81678    1180   81087  1709423  20.93
1990-1999       56      0.01560  0.01548  0.50   80497    1246   79874  1628336  20.23
1990-1999       57      0.01648  0.01634  0.50   79251    1295   78603  1548461  19.54
1990-1999       58      0.01755  0.01740  0.50   77956    1356   77277  1469858  18.86
1990-1999       59      0.01849  0.01832  0.50   76599    1403   75898  1392581  18.18
1990-1999       60      0.02003  0.01983  0.50   75196    1491   74451  1316683  17.51
1990-1999       61      0.02132  0.02109  0.50   73705    1555   72928  1242233  16.85
1990-1999       62      0.02273  0.02248  0.50   72150    1622   71339  1169305  16.21
1990-1999       63      0.02453  0.02423  0.50   70529    1709   69674  1097965  15.57
1990-1999       64      0.02583  0.02550  0.50   68820    1755   67942  1028291  14.94
1990-1999       65      0.02787  0.02749  0.50   67065    1843   66143   960349  14.32
1990-1999       66      0.02991  0.02947  0.50   65221    1922   64260   894206  13.71
1990-1999       67      0.03182  0.03133  0.50   63299    1983   62308   829946  13.11
1990-1999       68      0.03426  0.03368  0.50   61316    2065   60284   767638  12.52
1990-1999       69      0.03685  0.03619  0.50   59251    2144   58179   707355  11.94
1990-1999       70      0.04039  0.03959  0.50   57107    2261   55976   649176  11.37
1990-1999       71      0.04389  0.04294  0.50   54846    2355   53668   593199  10.82
1990-1999       72      0.04675  0.04568  0.50   52490    2398   51292   539531  10.28
1990-1999       73      0.05116  0.04988  0.50   50093    2499   48843   488239   9.75
1990-1999       74      0.05628  0.05474  0.50   47594    2605   46292   439396   9.23
1990-1999       75      0.06108  0.05927  0.50   44989    2666   43656   393104   8.74
1990-1999       76      0.06602  0.06391  0.50   42323    2705   40970   349449   8.26
1990-1999       77      0.07324  0.07065  0.50   39618    2799   38218   308479   7.79
1990-1999       78      0.07915  0.07613  0.50   36819    2803   35417   270260   7.34
1990-1999       79      0.08631  0.08274  0.50   34015    2814   32608   234843   6.90
1990-1999       80      0.09819  0.09359  0.50   31201    2920   29741   202235   6.48
1990-1999       81      0.10657  0.10117  0.50   28281    2861   26850   172494   6.10
1990-1999       82      0.11790  0.11133  0.50   25420    2830   24005   145644   5.73
1990-1999       83      0.13149  0.12338  0.50   22590    2787   21196   121639   5.38
1990-1999       84      0.14482  0.13504  0.50   19802    2674   18465   100443   5.07
1990-1999       85      0.15697  0.14555  0.50   17128    2493   15882    81978   4.79
1990-1999       86      0.17311  0.15932  0.50   14635    2332   13469    66096   4.52
1990-1999       87      0.18692  0.17094  0.50   12304    2103   11252    52627   4.28
1990-1999       88      0.20182  0.18332  0.50   10200    1870    9265    41375   4.06
1990-1999       89      0.21485  0.19401  0.50    8330    1616    7522    32109   3.85
1990-1999       90      0.23351  0.20910  0.50    6714    1404    6012    24587   3.66
1990-1999       91      0.24438  0.21777  0.50    5310    1156    4732    18575   3.50
1990-1999       92      0.25715  0.22786  0.50    4154     946    3681    13843   3.33
1990-1999       93      0.26493  0.23394  0.50    3207     750    2832    10162   3.17
1990-1999       94      0.28098  0.24637  0.50    2457     605    2154     7330   2.98
1990-1999       95      0.31506  0.27219  0.50    1852     504    1600     5176   2.79
1990-1999       96      0.33554  0.28733  0.50    1348     387    1154     3576   2.65
1990-1999       97      0.35668  0.30270  0.50     960     291     815     2422   2.52
1990-1999       98      0.37844  0.31822  0.50     670     213     563     1607   2.40
1990-1999       99      0.40073  0.33384  0.50     457     152     380     1043   2.29
1990-1999      100      0.42348  0.34948  0.50     304     106     251      663   2.18
1990-1999      101      0.44660  0.36508  0.50     198      72     162      412   2.08
1990-1999      102      0.47000  0.38057  0.50     126      48     102      250   1.99
1990-1999      103      0.49358  0.39588  0.50      78      31      62      149   1.91
1990-1999      104      0.51723  0.41095  0.50      47      19      37       86   1.83
1990-1999      105      0.54085  0.42572  0.50      28      12      22       49   1.76
1990-1999      106      0.56433  0.44014  0.50      16       7      12       27   1.70
1990-1999      107      0.58757  0.45415  0.50       9       4       7       15   1.64
1990-1999      108      0.61047  0.46771  0.50       5       2       4        8   1.59
1990-1999      109      0.63292  0.48078  0.50       3       1       2        4   1.55
1990-1999      110+     0.65485  1.00000  1.53       1       1       2        2   1.53
2000-2009        0      0.00686  0.00682  0.14  100000     682   99410  6918068  69.18
2000-2009        1      0.00085  0.00085  0.50   99318      84   99276  6818658  68.65
2000-2009        2      0.00057  0.00057  0.50   99234      57   99205  6719382  67.71
2000-2009        3      0.00041  0.00041  0.50   99177      40   99157  6620176  66.75
2000-2009        4      0.00040  0.00040  0.50   99137      40   99117  6521020  65.78
2000-2009        5      0.00030  0.00030  0.50   99097      29   99082  6421903  64.80
2000-2009        6      0.00028  0.00028  0.50   99067      28   99054  6322821  63.82
2000-2009        7      0.00025  0.00025  0.50   99040      25   99027  6223768  62.84
2000-2009        8      0.00026  0.00026  0.50   99015      25   99002  6124740  61.86
2000-2009        9      0.00023  0.00023  0.50   98989      23   98978  6025738  60.87
2000-2009       10      0.00024  0.00024  0.50   98967      24   98955  5926760  59.89
2000-2009       11      0.00021  0.00021  0.50   98943      20   98933  5827805  58.90
2000-2009       12      0.00022  0.00022  0.50   98923      22   98912  5728872  57.91
2000-2009       13      0.00025  0.00025  0.50   98901      24   98889  5629960  56.93
2000-2009       14      0.00031  0.00031  0.50   98877      31   98861  5531071  55.94
2000-2009       15      0.00041  0.00041  0.50   98846      40   98826  5432210  54.96
2000-2009       16      0.00055  0.00055  0.50   98805      55   98778  5333384  53.98
2000-2009       17      0.00071  0.00071  0.50   98751      70   98716  5234606  53.01
2000-2009       18      0.00091  0.00091  0.50   98681      90   98636  5135890  52.05
2000-2009       19      0.00101  0.00101  0.50   98592     100   98542  5037254  51.09
2000-2009       20      0.00120  0.00120  0.50   98492     118   98433  4938712  50.14
2000-2009       21      0.00139  0.00139  0.50   98374     137   98305  4840280  49.20
2000-2009       22      0.00148  0.00148  0.50   98237     145   98164  4741974  48.27
2000-2009       23      0.00158  0.00158  0.50   98092     155   98014  4643810  47.34
2000-2009       24      0.00169  0.00169  0.50   97936     165   97854  4545796  46.42
2000-2009       25      0.00185  0.00185  0.50   97771     181   97681  4447942  45.49
2000-2009       26      0.00198  0.00198  0.50   97590     193   97494  4350261  44.58
2000-2009       27      0.00216  0.00216  0.50   97397     210   97292  4252767  43.66
2000-2009       28      0.00232  0.00232  0.50   97187     225   97075  4155475  42.76
2000-2009       29      0.00259  0.00259  0.50   96962     251   96837  4058401  41.86
2000-2009       30      0.00269  0.00269  0.50   96711     260   96581  3961564  40.96
2000-2009       31      0.00283  0.00283  0.50   96451     273   96315  3864983  40.07
2000-2009       32      0.00302  0.00302  0.50   96178     290   96033  3768668  39.18
2000-2009       33      0.00327  0.00327  0.50   95888     313   95731  3672635  38.30
2000-2009       34      0.00342  0.00341  0.50   95575     326   95412  3576903  37.43
2000-2009       35      0.00363  0.00362  0.50   95249     345   95076  3481492  36.55
2000-2009       36      0.00376  0.00375  0.50   94904     356   94726  3386415  35.68
2000-2009       37      0.00408  0.00408  0.50   94548     385   94355  3291689  34.81
2000-2009       38      0.00428  0.00427  0.50   94163     402   93962  3197334  33.96
2000-2009       39      0.00464  0.00463  0.50   93761     434   93544  3103372  33.10
2000-2009       40      0.00497  0.00496  0.50   93327     463   93096  3009828  32.25
2000-2009       41      0.00531  0.00529  0.50   92865     491   92619  2916732  31.41
2000-2009       42      0.00560  0.00559  0.50   92373     516   92115  2824113  30.57
2000-2009       43      0.00608  0.00606  0.50   91857     557   91578  2731998  29.74
2000-2009       44      0.00654  0.00652  0.50   91300     596   91002  2640420  28.92
2000-2009       45      0.00706  0.00704  0.50   90704     638   90385  2549417  28.11
2000-2009       46      0.00774  0.00771  0.50   90066     694   89719  2459032  27.30
2000-2009       47      0.00833  0.00830  0.50   89372     742   89001  2369313  26.51
2000-2009       48      0.00899  0.00895  0.50   88631     793   88234  2280311  25.73
2000-2009       49      0.00967  0.00962  0.50   87838     845   87415  2192077  24.96
2000-2009       50      0.01044  0.01039  0.50   86992     904   86541  2104662  24.19
2000-2009       51      0.01106  0.01100  0.50   86089     947   85616  2018121  23.44
2000-2009       52      0.01195  0.01188  0.50   85142    1011   84637  1932506  22.70
2000-2009       53      0.01315  0.01306  0.50   84131    1099   83581  1847869  21.96
2000-2009       54      0.01403  0.01393  0.50   83032    1157   82454  1764288  21.25
2000-2009       55      0.01584  0.01572  0.50   81875    1287   81232  1681834  20.54
2000-2009       56      0.01652  0.01638  0.50   80588    1320   79928  1600603  19.86
2000-2009       57      0.01746  0.01730  0.50   79268    1372   78582  1520674  19.18
2000-2009       58      0.01873  0.01855  0.50   77896    1445   77174  1442092  18.51
2000-2009       59      0.01993  0.01973  0.50   76451    1509   75697  1364918  17.85
2000-2009       60      0.02288  0.02262  0.50   74943    1695   74095  1289221  17.20
2000-2009       61      0.02433  0.02404  0.50   73247    1761   72367  1215126  16.59
2000-2009       62      0.02551  0.02519  0.50   71487    1801   70586  1142759  15.99
2000-2009       63      0.02673  0.02637  0.50   69686    1838   68767  1072173  15.39
2000-2009       64      0.02813  0.02774  0.50   67848    1882   66907  1003406  14.79
2000-2009       65      0.02977  0.02933  0.50   65966    1935   64998   936499  14.20
2000-2009       66      0.03119  0.03071  0.50   64031    1966   63048   871501  13.61
2000-2009       67      0.03345  0.03290  0.50   62064    2042   61044   808454  13.03
2000-2009       68      0.03596  0.03533  0.50   60023    2120   58962   747410  12.45
2000-2009       69      0.03874  0.03801  0.50   57902    2201   56802   688448  11.89
2000-2009       70      0.04149  0.04065  0.50   55701    2264   54569   631646  11.34
2000-2009       71      0.04467  0.04369  0.50   53437    2335   52270   577076  10.80
2000-2009       72      0.04893  0.04776  0.50   51103    2441   49882   524806  10.27
2000-2009       73      0.05312  0.05175  0.50   48662    2518   47403   474924   9.76
2000-2009       74      0.05669  0.05513  0.50   46144    2544   44872   427521   9.27
2000-2009       75      0.06124  0.05942  0.50   43600    2591   42304   382650   8.78
2000-2009       76      0.06686  0.06470  0.50   41009    2653   39682   340345   8.30
2000-2009       77      0.07359  0.07098  0.50   38356    2722   36995   300663   7.84
2000-2009       78      0.07932  0.07629  0.50   35633    2719   34274   263668   7.40
2000-2009       79      0.08683  0.08322  0.50   32915    2739   31545   229394   6.97
2000-2009       80      0.09336  0.08920  0.50   30176    2692   28830   197849   6.56
2000-2009       81      0.10578  0.10047  0.50   27484    2761   26104   169019   6.15
2000-2009       82      0.11339  0.10731  0.50   24723    2653   23396   142915   5.78
2000-2009       83      0.12506  0.11770  0.50   22070    2598   20771   119519   5.42
2000-2009       84      0.13476  0.12625  0.50   19472    2458   18243    98748   5.07
2000-2009       85      0.15095  0.14035  0.50   17014    2388   15820    80505   4.73
2000-2009       86      0.16629  0.15352  0.50   14626    2245   13503    64685   4.42
2000-2009       87      0.18206  0.16687  0.50   12380    2066   11347    51181   4.13
2000-2009       88      0.19957  0.18147  0.50   10315    1872    9379    39834   3.86
2000-2009       89      0.22021  0.19837  0.50    8443    1675    7605    30455   3.61
2000-2009       90      0.24636  0.21934  0.50    6768    1485    6026    22850   3.38
2000-2009       91      0.26182  0.23151  0.50    5283    1223    4672    16824   3.18
2000-2009       92      0.28482  0.24932  0.50    4060    1012    3554    12152   2.99
2000-2009       93      0.30815  0.26701  0.50    3048     814    2641     8598   2.82
2000-2009       94      0.33059  0.28369  0.50    2234     634    1917     5957   2.67
2000-2009       95      0.34937  0.29742  0.50    1600     476    1362     4040   2.52
2000-2009       96      0.37525  0.31596  0.50    1124     355     947     2677   2.38
2000-2009       97      0.40187  0.33463  0.50     769     257     640     1731   2.25
2000-2009       98      0.42910  0.35330  0.50     512     181     421     1090   2.13
2000-2009       99      0.45677  0.37185  0.50     331     123     269      669   2.02
2000-2009      100      0.48470  0.39014  0.50     208      81     167      400   1.92
2000-2009      101      0.51269  0.40808  0.50     127      52     101      232   1.83
2000-2009      102      0.54058  0.42555  0.50      75      32      59      131   1.75
2000-2009      103      0.56816  0.44247  0.50      43      19      34       72   1.68
2000-2009      104      0.59527  0.45874  0.50      24      11      19       39   1.61
2000-2009      105      0.62175  0.47430  0.50      13       6      10       20   1.55
2000-2009      106      0.64743  0.48910  0.50       7       3       5       10   1.49
2000-2009      107      0.67221  0.50311  0.50       3       2       3        5   1.45
2000-2009      108      0.69596  0.51630  0.50       2       1       1        2   1.41
2000-2009      109      0.71861  0.52866  0.50       1       0       1        1   1.37
2000-2009      110+     0.74008  1.00000  1.35       0       0       1        1   1.35
2010-2018        0      0.00331  0.00330  0.14  100000     330   99717  7286869  72.87
2010-2018        1      0.00035  0.00035  0.50   99670      35   99652  7187152  72.11
2010-2018        2      0.00027  0.00027  0.50   99635      27   99622  7087500  71.13
2010-2018        3      0.00021  0.00021  0.50   99609      21   99598  6987878  70.15
2010-2018        4      0.00019  0.00019  0.50   99588      19   99578  6888280  69.17
2010-2018        5      0.00018  0.00018  0.50   99569      18   99560  6788702  68.18
2010-2018        6      0.00016  0.00016  0.50   99551      15   99543  6689142  67.19
2010-2018        7      0.00014  0.00014  0.50   99535      14   99528  6589598  66.20
2010-2018        8      0.00016  0.00016  0.50   99521      16   99513  6490070  65.21
2010-2018        9      0.00015  0.00015  0.50   99505      15   99498  6390557  64.22
2010-2018       10      0.00017  0.00017  0.50   99490      17   99482  6291059  63.23
2010-2018       11      0.00015  0.00015  0.50   99473      15   99466  6191577  62.24
2010-2018       12      0.00017  0.00017  0.50   99459      17   99450  6092111  61.25
2010-2018       13      0.00019  0.00019  0.50   99442      19   99433  5992661  60.26
2010-2018       14      0.00020  0.00020  0.50   99423      20   99414  5893228  59.27
2010-2018       15      0.00028  0.00028  0.50   99404      28   99390  5793814  58.29
2010-2018       16      0.00038  0.00038  0.50   99376      38   99357  5694425  57.30
2010-2018       17      0.00044  0.00044  0.50   99338      44   99316  5595067  56.32
2010-2018       18      0.00056  0.00056  0.50   99295      55   99267  5495751  55.35
2010-2018       19      0.00068  0.00068  0.50   99239      67   99206  5396484  54.38
2010-2018       20      0.00071  0.00071  0.50   99172      71   99137  5297278  53.41
2010-2018       21      0.00074  0.00074  0.50   99101      73   99065  5198141  52.45
2010-2018       22      0.00082  0.00082  0.50   99028      81   98987  5099077  51.49
2010-2018       23      0.00092  0.00091  0.50   98947      91   98901  5000089  50.53
2010-2018       24      0.00101  0.00101  0.50   98856     100   98806  4901188  49.58
2010-2018       25      0.00105  0.00105  0.50   98756     104   98704  4802382  48.63
2010-2018       26      0.00111  0.00111  0.50   98652     110   98597  4703678  47.68
2010-2018       27      0.00125  0.00125  0.50   98542     123   98481  4605080  46.73
2010-2018       28      0.00133  0.00133  0.50   98419     131   98354  4506599  45.79
2010-2018       29      0.00148  0.00148  0.50   98289     146   98216  4408245  44.85
2010-2018       30      0.00163  0.00162  0.50   98143     159   98063  4310029  43.92
2010-2018       31      0.00184  0.00183  0.50   97984     180   97894  4211966  42.99
2010-2018       32      0.00201  0.00200  0.50   97804     196   97706  4114072  42.06
2010-2018       33      0.00212  0.00212  0.50   97608     207   97505  4016366  41.15
2010-2018       34      0.00233  0.00233  0.50   97401     227   97288  3918862  40.23
2010-2018       35      0.00253  0.00253  0.50   97174     245   97052  3821574  39.33
2010-2018       36      0.00274  0.00274  0.50   96929     266   96796  3724522  38.43
2010-2018       37      0.00303  0.00302  0.50   96663     292   96517  3627726  37.53
2010-2018       38      0.00309  0.00308  0.50   96371     297   96223  3531209  36.64
2010-2018       39      0.00343  0.00342  0.50   96074     329   95910  3434986  35.75
2010-2018       40      0.00367  0.00366  0.50   95746     350   95570  3339076  34.87
2010-2018       41      0.00400  0.00399  0.50   95395     381   95205  3243506  34.00
2010-2018       42      0.00424  0.00423  0.50   95015     402   94814  3148301  33.13
2010-2018       43      0.00459  0.00458  0.50   94613     433   94396  3053487  32.27
2010-2018       44      0.00487  0.00485  0.50   94180     457   93951  2959091  31.42
2010-2018       45      0.00529  0.00528  0.50   93723     495   93475  2865139  30.57
2010-2018       46      0.00572  0.00571  0.50   93228     532   92962  2771664  29.73
2010-2018       47      0.00603  0.00601  0.50   92696     557   92417  2678702  28.90
2010-2018       48      0.00651  0.00648  0.50   92138     597   91840  2586285  28.07
2010-2018       49      0.00715  0.00712  0.50   91541     652   91215  2494445  27.25
2010-2018       50      0.00781  0.00778  0.50   90889     707   90535  2403230  26.44
2010-2018       51      0.00839  0.00835  0.50   90182     753   89805  2312695  25.64
2010-2018       52      0.00879  0.00875  0.50   89428     783   89037  2222890  24.86
2010-2018       53      0.00953  0.00948  0.50   88646     841   88225  2133853  24.07
2010-2018       54      0.01022  0.01017  0.50   87805     893   87358  2045628  23.30
2010-2018       55      0.01134  0.01127  0.50   86912     980   86422  1958269  22.53
2010-2018       56      0.01246  0.01238  0.50   85932    1064   85400  1871847  21.78
2010-2018       57      0.01304  0.01296  0.50   84868    1100   84318  1786447  21.05
2010-2018       58      0.01402  0.01393  0.50   83768    1166   83185  1702129  20.32
2010-2018       59      0.01497  0.01486  0.50   82602    1228   81988  1618944  19.60
2010-2018       60      0.01738  0.01723  0.50   81374    1402   80673  1536956  18.89
2010-2018       61      0.01871  0.01854  0.50   79972    1483   79231  1456283  18.21
2010-2018       62      0.01975  0.01956  0.50   78489    1535   77722  1377052  17.54
2010-2018       63      0.02112  0.02090  0.50   76954    1608   76150  1299330  16.88
2010-2018       64      0.02206  0.02182  0.50   75346    1644   74524  1223180  16.23
2010-2018       65      0.02324  0.02298  0.50   73702    1693   72855  1148656  15.59
2010-2018       66      0.02469  0.02438  0.50   72008    1756   71130  1075801  14.94
2010-2018       67      0.02672  0.02637  0.50   70252    1852   69326  1004671  14.30
2010-2018       68      0.02882  0.02841  0.50   68400    1943   67429   935345  13.67
2010-2018       69      0.03076  0.03029  0.50   66457    2013   65451   867916  13.06
2010-2018       70      0.03368  0.03312  0.50   64444    2135   63377   802466  12.45
2010-2018       71      0.03656  0.03590  0.50   62309    2237   61191   739089  11.86
2010-2018       72      0.03908  0.03833  0.50   60072    2303   58921   677898  11.28
2010-2018       73      0.04295  0.04205  0.50   57770    2429   56555   618977  10.71
2010-2018       74      0.04626  0.04522  0.50   55341    2502   54090   562422  10.16
2010-2018       75      0.05012  0.04890  0.50   52839    2584   51547   508332   9.62
2010-2018       76      0.05469  0.05323  0.50   50255    2675   48917   456785   9.09
2010-2018       77      0.05999  0.05824  0.50   47580    2771   46194   407868   8.57
2010-2018       78      0.06703  0.06485  0.50   44809    2906   43356   361674   8.07
2010-2018       79      0.07330  0.07071  0.50   41903    2963   40421   318318   7.60
2010-2018       80      0.08020  0.07711  0.50   38940    3003   37438   277897   7.14
2010-2018       81      0.08963  0.08579  0.50   35937    3083   34396   240459   6.69
2010-2018       82      0.09959  0.09486  0.50   32854    3117   31296   206063   6.27
2010-2018       83      0.10857  0.10298  0.50   29738    3062   28206   174767   5.88
2010-2018       84      0.12036  0.11353  0.50   26675    3028   25161   146561   5.49
2010-2018       85      0.13268  0.12443  0.50   23647    2942   22176   121400   5.13
2010-2018       86      0.14605  0.13611  0.50   20705    2818   19296    99224   4.79
2010-2018       87      0.16385  0.15144  0.50   17886    2709   16532    79928   4.47
2010-2018       88      0.17867  0.16402  0.50   15178    2489   13933    63396   4.18
2010-2018       89      0.19727  0.17956  0.50   12688    2278   11549    49463   3.90
2010-2018       90      0.21652  0.19537  0.50   10410    2034    9393    37914   3.64
2010-2018       91      0.23288  0.20859  0.50    8376    1747    7503    28521   3.41
2010-2018       92      0.26143  0.23121  0.50    6629    1533    5863    21019   3.17
2010-2018       93      0.27950  0.24523  0.50    5096    1250    4471    15156   2.97
2010-2018       94      0.30345  0.26348  0.50    3847    1013    3340    10684   2.78
2010-2018       95      0.33424  0.28638  0.50    2833     811    2427     7345   2.59
2010-2018       96      0.36191  0.30646  0.50    2022     620    1712     4917   2.43
2010-2018       97      0.39063  0.32680  0.50    1402     458    1173     3205   2.29
2010-2018       98      0.42020  0.34724  0.50     944     328     780     2032   2.15
2010-2018       99      0.45043  0.36763  0.50     616     227     503     1252   2.03
2010-2018      100      0.48108  0.38780  0.50     390     151     314      749   1.92
2010-2018      101      0.51194  0.40760  0.50     239      97     190      435   1.82
2010-2018      102      0.54274  0.42689  0.50     141      60     111      245   1.74
2010-2018      103      0.57325  0.44554  0.50      81      36      63      134   1.66
2010-2018      104      0.60323  0.46345  0.50      45      21      34       71   1.58
2010-2018      105      0.63248  0.48052  0.50      24      12      18       37   1.52
2010-2018      106      0.66079  0.49669  0.50      13       6       9       18   1.46
2010-2018      107      0.68800  0.51190  0.50       6       3       5        9   1.41
2010-2018      108      0.71397  0.52615  0.50       3       2       2        4   1.37
2010-2018      109      0.73860  0.53940  0.50       1       1       1        2   1.33
2010-2018      110+     0.76181  1.00000  1.31       1       1       1        1   1.31
