Canada, Life tables (period 1x10), Total	Last modified: 28 Sep 2021;  Methods Protocol: v6 (2017)

  Year          Age         mx       qx    ax      lx      dx      Lx       Tx     ex
1921-1929        0      0.11102  0.10308  0.31  100000   10308   92842  5800614  58.01
1921-1929        1      0.01626  0.01613  0.50   89692    1447   88969  5707772  63.64
1921-1929        2      0.00734  0.00731  0.50   88246     645   87923  5618803  63.67
1921-1929        3      0.00506  0.00505  0.50   87601     442   87379  5530880  63.14
1921-1929        4      0.00398  0.00397  0.50   87158     346   86985  5443501  62.46
1921-1929        5      0.00318  0.00317  0.50   86812     275   86674  5356516  61.70
1921-1929        6      0.00279  0.00279  0.50   86537     241   86416  5269841  60.90
1921-1929        7      0.00247  0.00246  0.50   86295     213   86189  5183425  60.07
1921-1929        8      0.00223  0.00223  0.50   86083     192   85987  5097236  59.21
1921-1929        9      0.00205  0.00205  0.50   85891     176   85803  5011249  58.34
1921-1929       10      0.00193  0.00193  0.50   85715     165   85632  4925447  57.46
1921-1929       11      0.00189  0.00188  0.50   85550     161   85469  4839814  56.57
1921-1929       12      0.00195  0.00195  0.50   85388     167   85305  4754345  55.68
1921-1929       13      0.00207  0.00206  0.50   85222     176   85134  4669040  54.79
1921-1929       14      0.00218  0.00218  0.50   85046     185   84953  4583906  53.90
1921-1929       15      0.00238  0.00238  0.50   84860     202   84760  4498953  53.02
1921-1929       16      0.00273  0.00273  0.50   84659     231   84543  4414194  52.14
1921-1929       17      0.00289  0.00289  0.50   84427     244   84305  4329651  51.28
1921-1929       18      0.00319  0.00319  0.50   84183     268   84049  4245345  50.43
1921-1929       19      0.00345  0.00344  0.50   83915     289   83770  4161296  49.59
1921-1929       20      0.00365  0.00364  0.50   83626     304   83474  4077526  48.76
1921-1929       21      0.00375  0.00374  0.50   83321     312   83166  3994052  47.94
1921-1929       22      0.00394  0.00394  0.50   83010     327   82846  3910886  47.11
1921-1929       23      0.00407  0.00406  0.50   82683     336   82515  3828040  46.30
1921-1929       24      0.00387  0.00387  0.50   82347     318   82188  3745525  45.48
1921-1929       25      0.00382  0.00381  0.50   82029     313   81872  3663337  44.66
1921-1929       26      0.00398  0.00397  0.50   81716     325   81554  3581464  43.83
1921-1929       27      0.00409  0.00408  0.50   81391     332   81225  3499910  43.00
1921-1929       28      0.00430  0.00429  0.50   81059     348   80885  3418685  42.18
1921-1929       29      0.00401  0.00400  0.50   80711     323   80550  3337800  41.35
1921-1929       30      0.00425  0.00424  0.50   80388     341   80218  3257250  40.52
1921-1929       31      0.00368  0.00368  0.50   80047     294   79900  3177033  39.69
1921-1929       32      0.00446  0.00445  0.50   79753     355   79575  3097133  38.83
1921-1929       33      0.00427  0.00426  0.50   79398     338   79229  3017558  38.01
1921-1929       34      0.00427  0.00426  0.50   79059     337   78891  2938329  37.17
1921-1929       35      0.00507  0.00505  0.50   78723     398   78524  2859438  36.32
1921-1929       36      0.00477  0.00476  0.50   78325     373   78138  2780914  35.50
1921-1929       37      0.00468  0.00467  0.50   77952     364   77769  2702776  34.67
1921-1929       38      0.00565  0.00564  0.50   77587     437   77369  2625007  33.83
1921-1929       39      0.00527  0.00525  0.50   77150     405   76947  2547638  33.02
1921-1929       40      0.00615  0.00613  0.50   76745     471   76509  2470691  32.19
1921-1929       41      0.00502  0.00501  0.50   76274     382   76083  2394181  31.39
1921-1929       42      0.00672  0.00669  0.50   75892     508   75638  2318098  30.54
1921-1929       43      0.00602  0.00600  0.50   75384     452   75158  2242461  29.75
1921-1929       44      0.00606  0.00605  0.50   74931     453   74705  2167303  28.92
1921-1929       45      0.00734  0.00732  0.50   74478     545   74206  2092598  28.10
1921-1929       46      0.00673  0.00671  0.50   73933     496   73685  2018392  27.30
1921-1929       47      0.00708  0.00705  0.50   73437     518   73178  1944707  26.48
1921-1929       48      0.00804  0.00801  0.50   72919     584   72627  1871529  25.67
1921-1929       49      0.00828  0.00825  0.50   72335     597   72037  1798902  24.87
1921-1929       50      0.00958  0.00954  0.50   71739     684   71397  1726865  24.07
1921-1929       51      0.00803  0.00800  0.50   71054     568   70770  1655468  23.30
1921-1929       52      0.01094  0.01088  0.50   70486     767   70102  1584698  22.48
1921-1929       53      0.01066  0.01060  0.50   69719     739   69349  1514596  21.72
1921-1929       54      0.01145  0.01139  0.50   68980     786   68587  1445246  20.95
1921-1929       55      0.01302  0.01293  0.50   68194     882   67753  1376659  20.19
1921-1929       56      0.01367  0.01357  0.50   67312     914   66855  1308906  19.45
1921-1929       57      0.01420  0.01410  0.50   66399     936   65930  1242051  18.71
1921-1929       58      0.01715  0.01700  0.50   65462    1113   64906  1176120  17.97
1921-1929       59      0.01677  0.01663  0.50   64349    1070   63814  1111215  17.27
1921-1929       60      0.02065  0.02044  0.50   63279    1293   62633  1047400  16.55
1921-1929       61      0.01775  0.01759  0.50   61986    1090   61441   984768  15.89
1921-1929       62      0.02272  0.02246  0.50   60895    1368   60211   923327  15.16
1921-1929       63      0.02441  0.02412  0.50   59528    1436   58810   863116  14.50
1921-1929       64      0.02668  0.02633  0.50   58092    1530   57327   804306  13.85
1921-1929       65      0.03285  0.03232  0.50   56562    1828   55648   746979  13.21
1921-1929       66      0.03085  0.03038  0.50   54734    1663   53902   691331  12.63
1921-1929       67      0.03481  0.03421  0.50   53071    1816   52163   637428  12.01
1921-1929       68      0.04199  0.04113  0.50   51256    2108   50202   585265  11.42
1921-1929       69      0.04175  0.04090  0.50   49147    2010   48142   535064  10.89
1921-1929       70      0.05047  0.04923  0.50   47137    2320   45977   486921  10.33
1921-1929       71      0.04449  0.04352  0.50   44817    1951   43842   440944   9.84
1921-1929       72      0.05852  0.05686  0.50   42866    2437   41648   397103   9.26
1921-1929       73      0.06112  0.05931  0.50   40429    2398   39230   355455   8.79
1921-1929       74      0.06818  0.06593  0.50   38031    2507   36777   316225   8.31
1921-1929       75      0.07832  0.07537  0.50   35524    2677   34185   279447   7.87
1921-1929       76      0.08645  0.08287  0.50   32847    2722   31486   245262   7.47
1921-1929       77      0.08749  0.08382  0.50   30125    2525   28862   213777   7.10
1921-1929       78      0.10713  0.10169  0.50   27600    2806   26196   184915   6.70
1921-1929       79      0.10214  0.09718  0.50   24793    2409   23588   158718   6.40
1921-1929       80      0.11773  0.11119  0.50   22384    2489   21139   135130   6.04
1921-1929       81      0.10501  0.09977  0.50   19895    1985   18902   113991   5.73
1921-1929       82      0.13473  0.12622  0.50   17910    2261   16780    95088   5.31
1921-1929       83      0.14196  0.13255  0.50   15649    2074   14612    78309   5.00
1921-1929       84      0.16418  0.15173  0.50   13575    2060   12545    63696   4.69
1921-1929       85      0.17693  0.16255  0.50   11515    1872   10579    51151   4.44
1921-1929       86      0.19679  0.17916  0.50    9643    1728    8780    40572   4.21
1921-1929       87      0.21019  0.19020  0.50    7916    1506    7163    31792   4.02
1921-1929       88      0.21971  0.19796  0.50    6410    1269    5776    24629   3.84
1921-1929       89      0.22216  0.19995  0.50    5141    1028    4627    18854   3.67
1921-1929       90      0.26542  0.23432  0.50    4113     964    3631    14227   3.46
1921-1929       91      0.22889  0.20539  0.50    3149     647    2826    10595   3.36
1921-1929       92      0.27328  0.24042  0.50    2503     602    2202     7769   3.10
1921-1929       93      0.28690  0.25091  0.50    1901     477    1662     5568   2.93
1921-1929       94      0.31683  0.27350  0.50    1424     389    1229     3905   2.74
1921-1929       95      0.34531  0.29447  0.50    1034     305     882     2676   2.59
1921-1929       96      0.36716  0.31021  0.50     730     226     617     1794   2.46
1921-1929       97      0.38957  0.32606  0.50     503     164     421     1177   2.34
1921-1929       98      0.41247  0.34195  0.50     339     116     281      756   2.23
1921-1929       99      0.43577  0.35781  0.50     223      80     183      475   2.13
1921-1929      100      0.45937  0.37356  0.50     143      54     117      291   2.03
1921-1929      101      0.48315  0.38914  0.50      90      35      72      175   1.94
1921-1929      102      0.50703  0.40448  0.50      55      22      44      102   1.86
1921-1929      103      0.53087  0.41952  0.50      33      14      26       58   1.79
1921-1929      104      0.55459  0.43419  0.50      19       8      15       33   1.72
1921-1929      105      0.57807  0.44845  0.50      11       5       8       18   1.66
1921-1929      106      0.60120  0.46225  0.50       6       3       5        9   1.60
1921-1929      107      0.62390  0.47555  0.50       3       2       2        5   1.55
1921-1929      108      0.64607  0.48832  0.50       2       1       1        3   1.51
1921-1929      109      0.66764  0.50054  0.50       1       0       1        1   1.48
1921-1929      110+     0.68853  1.00000  1.45       0       0       1        1   1.45
1930-1939        0      0.08255  0.07808  0.31  100000    7808   94578  6186548  61.87
1930-1939        1      0.01091  0.01085  0.50   92192    1000   91692  6091970  66.08
1930-1939        2      0.00504  0.00502  0.50   91192     458   90963  6000278  65.80
1930-1939        3      0.00352  0.00352  0.50   90734     319   90574  5909315  65.13
1930-1939        4      0.00271  0.00271  0.50   90415     245   90292  5818740  64.36
1930-1939        5      0.00220  0.00220  0.50   90170     198   90071  5728448  63.53
1930-1939        6      0.00201  0.00201  0.50   89971     181   89881  5638377  62.67
1930-1939        7      0.00173  0.00173  0.50   89790     155   89713  5548497  61.79
1930-1939        8      0.00153  0.00153  0.50   89635     137   89567  5458784  60.90
1930-1939        9      0.00145  0.00145  0.50   89498     129   89433  5369217  59.99
1930-1939       10      0.00134  0.00134  0.50   89369     120   89309  5279784  59.08
1930-1939       11      0.00126  0.00126  0.50   89249     113   89192  5190475  58.16
1930-1939       12      0.00132  0.00132  0.50   89136     118   89077  5101283  57.23
1930-1939       13      0.00140  0.00140  0.50   89018     124   88956  5012206  56.31
1930-1939       14      0.00158  0.00158  0.50   88894     140   88824  4923251  55.38
1930-1939       15      0.00167  0.00167  0.50   88753     148   88679  4834427  54.47
1930-1939       16      0.00193  0.00193  0.50   88605     171   88519  4745748  53.56
1930-1939       17      0.00206  0.00206  0.50   88434     182   88343  4657228  52.66
1930-1939       18      0.00228  0.00228  0.50   88252     201   88151  4568886  51.77
1930-1939       19      0.00250  0.00250  0.50   88051     220   87941  4480734  50.89
1930-1939       20      0.00257  0.00257  0.50   87830     225   87718  4392794  50.01
1930-1939       21      0.00274  0.00273  0.50   87605     239   87485  4305076  49.14
1930-1939       22      0.00278  0.00277  0.50   87366     242   87244  4217591  48.28
1930-1939       23      0.00293  0.00292  0.50   87123     254   86996  4130346  47.41
1930-1939       24      0.00293  0.00292  0.50   86869     254   86742  4043350  46.55
1930-1939       25      0.00296  0.00295  0.50   86615     256   86487  3956608  45.68
1930-1939       26      0.00301  0.00301  0.50   86359     260   86229  3870121  44.81
1930-1939       27      0.00304  0.00303  0.50   86099     261   85968  3783892  43.95
1930-1939       28      0.00327  0.00327  0.50   85838     280   85698  3697924  43.08
1930-1939       29      0.00325  0.00324  0.50   85557     277   85419  3612226  42.22
1930-1939       30      0.00341  0.00340  0.50   85280     290   85135  3526808  41.36
1930-1939       31      0.00317  0.00316  0.50   84990     269   84855  3441673  40.50
1930-1939       32      0.00363  0.00363  0.50   84721     307   84567  3356817  39.62
1930-1939       33      0.00358  0.00357  0.50   84414     302   84263  3272250  38.76
1930-1939       34      0.00360  0.00359  0.50   84112     302   83961  3187987  37.90
1930-1939       35      0.00403  0.00402  0.50   83810     337   83642  3104026  37.04
1930-1939       36      0.00405  0.00405  0.50   83473     338   83304  3020384  36.18
1930-1939       37      0.00406  0.00405  0.50   83135     337   82967  2937080  35.33
1930-1939       38      0.00458  0.00457  0.50   82799     379   82609  2854113  34.47
1930-1939       39      0.00430  0.00429  0.50   82420     354   82243  2771504  33.63
1930-1939       40      0.00479  0.00478  0.50   82066     392   81870  2689261  32.77
1930-1939       41      0.00437  0.00436  0.50   81674     356   81496  2607390  31.92
1930-1939       42      0.00544  0.00542  0.50   81318     441   81098  2525894  31.06
1930-1939       43      0.00531  0.00530  0.50   80877     429   80663  2444797  30.23
1930-1939       44      0.00543  0.00541  0.50   80448     435   80231  2364134  29.39
1930-1939       45      0.00609  0.00607  0.50   80013     486   79770  2283904  28.54
1930-1939       46      0.00616  0.00614  0.50   79527     488   79283  2204133  27.72
1930-1939       47      0.00664  0.00662  0.50   79039     523   78777  2124851  26.88
1930-1939       48      0.00752  0.00749  0.50   78515     588   78221  2046074  26.06
1930-1939       49      0.00768  0.00765  0.50   77927     596   77629  1967853  25.25
1930-1939       50      0.00897  0.00893  0.50   77331     690   76986  1890224  24.44
1930-1939       51      0.00816  0.00813  0.50   76641     623   76329  1813238  23.66
1930-1939       52      0.01023  0.01017  0.50   76018     773   75631  1736909  22.85
1930-1939       53      0.01022  0.01017  0.50   75244     765   74862  1661277  22.08
1930-1939       54      0.01118  0.01112  0.50   74480     828   74066  1586415  21.30
1930-1939       55      0.01193  0.01186  0.50   73652     873   73215  1512350  20.53
1930-1939       56      0.01311  0.01302  0.50   72778     948   72304  1439135  19.77
1930-1939       57      0.01375  0.01366  0.50   71831     981   71340  1366831  19.03
1930-1939       58      0.01610  0.01597  0.50   70849    1131   70284  1295490  18.29
1930-1939       59      0.01668  0.01654  0.50   69718    1153   69141  1225207  17.57
1930-1939       60      0.01947  0.01928  0.50   68565    1322   67904  1156065  16.86
1930-1939       61      0.01812  0.01795  0.50   67243    1207   66639  1088162  16.18
1930-1939       62      0.02275  0.02249  0.50   66035    1485   65293  1021523  15.47
1930-1939       63      0.02509  0.02478  0.50   64550    1599   63750   956230  14.81
1930-1939       64      0.02665  0.02630  0.50   62951    1655   62123   892480  14.18
1930-1939       65      0.03021  0.02976  0.50   61295    1824   60383   830357  13.55
1930-1939       66      0.02884  0.02843  0.50   59471    1691   58626   769973  12.95
1930-1939       67      0.03245  0.03193  0.50   57781    1845   56858   711347  12.31
1930-1939       68      0.03827  0.03756  0.50   55935    2101   54885   654489  11.70
1930-1939       69      0.03970  0.03893  0.50   53835    2096   52787   599604  11.14
1930-1939       70      0.04641  0.04536  0.50   51739    2347   50565   546817  10.57
1930-1939       71      0.04376  0.04283  0.50   49392    2115   48334   496252  10.05
1930-1939       72      0.05621  0.05468  0.50   47277    2585   45984   447918   9.47
1930-1939       73      0.06001  0.05826  0.50   44692    2604   43390   401933   8.99
1930-1939       74      0.06636  0.06423  0.50   42088    2703   40736   358543   8.52
1930-1939       75      0.07385  0.07122  0.50   39385    2805   37982   317807   8.07
1930-1939       76      0.08067  0.07754  0.50   36580    2837   35161   279825   7.65
1930-1939       77      0.08240  0.07914  0.50   33743    2670   32408   244663   7.25
1930-1939       78      0.09800  0.09342  0.50   31073    2903   29621   212255   6.83
1930-1939       79      0.10297  0.09792  0.50   28170    2759   26791   182634   6.48
1930-1939       80      0.11080  0.10498  0.50   25412    2668   24078   155843   6.13
1930-1939       81      0.10641  0.10103  0.50   22744    2298   21595   131766   5.79
1930-1939       82      0.12926  0.12142  0.50   20446    2482   19205   110171   5.39
1930-1939       83      0.14201  0.13259  0.50   17963    2382   16773    90966   5.06
1930-1939       84      0.15926  0.14752  0.50   15582    2299   14432    74193   4.76
1930-1939       85      0.17156  0.15801  0.50   13283    2099   12234    59761   4.50
1930-1939       86      0.18817  0.17199  0.50   11184    1924   10222    47527   4.25
1930-1939       87      0.20632  0.18702  0.50    9261    1732    8395    37305   4.03
1930-1939       88      0.21711  0.19585  0.50    7529    1474    6791    28910   3.84
1930-1939       89      0.22383  0.20130  0.50    6054    1219    5445    22119   3.65
1930-1939       90      0.25881  0.22916  0.50    4835    1108    4281    16674   3.45
1930-1939       91      0.24005  0.21433  0.50    3727     799    3328    12393   3.32
1930-1939       92      0.27255  0.23986  0.50    2929     702    2577     9065   3.10
1930-1939       93      0.29297  0.25554  0.50    2226     569    1942     6487   2.91
1930-1939       94      0.30527  0.26485  0.50    1657     439    1438     4546   2.74
1930-1939       95      0.34956  0.29755  0.50    1218     363    1037     3108   2.55
1930-1939       96      0.37250  0.31401  0.50     856     269     721     2071   2.42
1930-1939       97      0.39604  0.33058  0.50     587     194     490     1349   2.30
1930-1939       98      0.42009  0.34717  0.50     393     136     325      859   2.19
1930-1939       99      0.44453  0.36369  0.50     257      93     210      535   2.08
1930-1939      100      0.46926  0.38008  0.50     163      62     132      325   1.99
1930-1939      101      0.49415  0.39625  0.50     101      40      81      192   1.90
1930-1939      102      0.51908  0.41212  0.50      61      25      49      111   1.82
1930-1939      103      0.54393  0.42763  0.50      36      15      28       63   1.75
1930-1939      104      0.56858  0.44272  0.50      21       9      16       35   1.68
1930-1939      105      0.59290  0.45732  0.50      11       5       9       19   1.62
1930-1939      106      0.61678  0.47140  0.50       6       3       5       10   1.57
1930-1939      107      0.64012  0.48492  0.50       3       2       2        5   1.52
1930-1939      108      0.66282  0.49784  0.50       2       1       1        2   1.47
1930-1939      109      0.68481  0.51014  0.50       1       0       1        1   1.44
1930-1939      110+     0.70601  1.00000  1.42       0       0       1        1   1.42
1940-1949        0      0.05579  0.05350  0.23  100000    5350   95900  6575076  65.75
1940-1949        1      0.00542  0.00540  0.50   94650     512   94394  6479176  68.45
1940-1949        2      0.00287  0.00287  0.50   94139     270   94004  6384782  67.82
1940-1949        3      0.00224  0.00224  0.50   93869     210   93764  6290778  67.02
1940-1949        4      0.00178  0.00178  0.50   93658     167   93575  6197014  66.17
1940-1949        5      0.00153  0.00152  0.50   93492     143   93421  6103439  65.28
1940-1949        6      0.00133  0.00133  0.50   93349     124   93287  6010019  64.38
1940-1949        7      0.00118  0.00118  0.50   93225     110   93170  5916732  63.47
1940-1949        8      0.00111  0.00111  0.50   93115     103   93063  5823562  62.54
1940-1949        9      0.00097  0.00097  0.50   93012      90   92967  5730498  61.61
1940-1949       10      0.00094  0.00094  0.50   92922      87   92878  5637532  60.67
1940-1949       11      0.00091  0.00091  0.50   92835      85   92792  5544653  59.73
1940-1949       12      0.00095  0.00095  0.50   92750      88   92706  5451861  58.78
1940-1949       13      0.00101  0.00101  0.50   92662      94   92615  5359155  57.84
1940-1949       14      0.00110  0.00110  0.50   92568     102   92517  5266540  56.89
1940-1949       15      0.00125  0.00124  0.50   92466     115   92408  5174024  55.96
1940-1949       16      0.00140  0.00140  0.50   92351     129   92286  5081615  55.03
1940-1949       17      0.00156  0.00156  0.50   92222     144   92150  4989329  54.10
1940-1949       18      0.00171  0.00171  0.50   92078     158   91999  4897179  53.19
1940-1949       19      0.00190  0.00189  0.50   91921     174   91833  4805180  52.28
1940-1949       20      0.00194  0.00194  0.50   91746     178   91658  4713346  51.37
1940-1949       21      0.00203  0.00203  0.50   91569     185   91476  4621689  50.47
1940-1949       22      0.00203  0.00203  0.50   91383     186   91291  4530213  49.57
1940-1949       23      0.00203  0.00203  0.50   91198     185   91105  4438922  48.67
1940-1949       24      0.00203  0.00203  0.50   91013     185   90921  4347817  47.77
1940-1949       25      0.00194  0.00194  0.50   90828     176   90740  4256896  46.87
1940-1949       26      0.00211  0.00210  0.50   90652     191   90557  4166156  45.96
1940-1949       27      0.00213  0.00213  0.50   90461     192   90365  4075599  45.05
1940-1949       28      0.00214  0.00214  0.50   90269     193   90172  3985234  44.15
1940-1949       29      0.00219  0.00219  0.50   90076     197   89977  3895062  43.24
1940-1949       30      0.00219  0.00219  0.50   89879     197   89780  3805085  42.34
1940-1949       31      0.00219  0.00219  0.50   89682     197   89583  3715305  41.43
1940-1949       32      0.00237  0.00236  0.50   89485     212   89379  3625722  40.52
1940-1949       33      0.00244  0.00243  0.50   89274     217   89165  3536342  39.61
1940-1949       34      0.00251  0.00250  0.50   89056     223   88945  3447177  38.71
1940-1949       35      0.00268  0.00268  0.50   88833     238   88714  3358233  37.80
1940-1949       36      0.00292  0.00292  0.50   88596     258   88466  3269518  36.90
1940-1949       37      0.00305  0.00305  0.50   88337     269   88203  3181052  36.01
1940-1949       38      0.00331  0.00330  0.50   88068     291   87922  3092849  35.12
1940-1949       39      0.00347  0.00346  0.50   87777     304   87625  3004927  34.23
1940-1949       40      0.00358  0.00357  0.50   87473     312   87317  2917302  33.35
1940-1949       41      0.00373  0.00373  0.50   87161     325   86998  2829985  32.47
1940-1949       42      0.00438  0.00437  0.50   86836     380   86646  2742986  31.59
1940-1949       43      0.00450  0.00449  0.50   86456     388   86262  2656340  30.72
1940-1949       44      0.00467  0.00466  0.50   86069     401   85868  2570078  29.86
1940-1949       45      0.00517  0.00516  0.50   85667     442   85447  2484210  29.00
1940-1949       46      0.00551  0.00550  0.50   85226     469   84991  2398763  28.15
1940-1949       47      0.00608  0.00606  0.50   84757     514   84500  2313772  27.30
1940-1949       48      0.00675  0.00673  0.50   84243     567   83960  2229271  26.46
1940-1949       49      0.00722  0.00719  0.50   83677     602   83376  2145311  25.64
1940-1949       50      0.00788  0.00785  0.50   83075     652   82749  2061936  24.82
1940-1949       51      0.00760  0.00757  0.50   82423     624   82111  1979187  24.01
1940-1949       52      0.00940  0.00936  0.50   81799     765   81416  1897076  23.19
1940-1949       53      0.00984  0.00980  0.50   81033     794   80637  1815660  22.41
1940-1949       54      0.01068  0.01063  0.50   80240     853   79813  1735024  21.62
1940-1949       55      0.01133  0.01126  0.50   79387     894   78940  1655211  20.85
1940-1949       56      0.01245  0.01237  0.50   78493     971   78007  1576271  20.08
1940-1949       57      0.01336  0.01327  0.50   77522    1029   77007  1498264  19.33
1940-1949       58      0.01531  0.01519  0.50   76493    1162   75912  1421257  18.58
1940-1949       59      0.01651  0.01638  0.50   75331    1234   74714  1345345  17.86
1940-1949       60      0.01832  0.01815  0.50   74097    1345   73425  1270631  17.15
1940-1949       61      0.01747  0.01732  0.50   72752    1260   72122  1197206  16.46
1940-1949       62      0.02177  0.02154  0.50   71492    1540   70722  1125084  15.74
1940-1949       63      0.02380  0.02352  0.50   69952    1645   69130  1054361  15.07
1940-1949       64      0.02557  0.02525  0.50   68307    1725   67445   985232  14.42
1940-1949       65      0.02932  0.02889  0.50   66582    1924   65620   917787  13.78
1940-1949       66      0.02813  0.02774  0.50   64658    1793   63762   852167  13.18
1940-1949       67      0.03220  0.03169  0.50   62865    1992   61869   788405  12.54
1940-1949       68      0.03639  0.03574  0.50   60873    2176   59785   726536  11.94
1940-1949       69      0.03956  0.03880  0.50   58697    2277   57558   666751  11.36
1940-1949       70      0.04379  0.04285  0.50   56420    2418   55211   609193  10.80
1940-1949       71      0.04211  0.04124  0.50   54002    2227   52889   553982  10.26
1940-1949       72      0.05356  0.05217  0.50   51775    2701   50425   501093   9.68
1940-1949       73      0.05770  0.05608  0.50   49074    2752   47698   450669   9.18
1940-1949       74      0.06253  0.06064  0.50   46322    2809   44917   402971   8.70
1940-1949       75      0.06913  0.06682  0.50   43513    2907   42059   358054   8.23
1940-1949       76      0.07690  0.07405  0.50   40606    3007   39102   315994   7.78
1940-1949       77      0.07967  0.07662  0.50   37599    2881   36158   276892   7.36
1940-1949       78      0.09297  0.08884  0.50   34718    3084   33176   240734   6.93
1940-1949       79      0.09944  0.09473  0.50   31634    2997   30135   207558   6.56
1940-1949       80      0.10602  0.10068  0.50   28637    2883   27195   177423   6.20
1940-1949       81      0.10550  0.10021  0.50   25754    2581   24463   150227   5.83
1940-1949       82      0.12723  0.11962  0.50   23173    2772   21787   125764   5.43
1940-1949       83      0.13858  0.12960  0.50   20401    2644   19079   103977   5.10
1940-1949       84      0.15344  0.14251  0.50   17757    2530   16492    84898   4.78
1940-1949       85      0.16843  0.15535  0.50   15226    2365   14044    68407   4.49
1940-1949       86      0.18834  0.17213  0.50   12861    2214   11754    54363   4.23
1940-1949       87      0.20250  0.18388  0.50   10647    1958    9668    42609   4.00
1940-1949       88      0.21495  0.19409  0.50    8689    1687    7846    32940   3.79
1940-1949       89      0.22969  0.20603  0.50    7003    1443    6282    25094   3.58
1940-1949       90      0.25409  0.22545  0.50    5560    1254    4933    18813   3.38
1940-1949       91      0.24877  0.22125  0.50    4307     953    3830    13879   3.22
1940-1949       92      0.28209  0.24722  0.50    3354     829    2939    10049   3.00
1940-1949       93      0.30591  0.26533  0.50    2525     670    2190     7110   2.82
1940-1949       94      0.32517  0.27970  0.50    1855     519    1595     4920   2.65
1940-1949       95      0.35843  0.30396  0.50    1336     406    1133     3325   2.49
1940-1949       96      0.38273  0.32125  0.50     930     299     781     2192   2.36
1940-1949       97      0.40762  0.33861  0.50     631     214     524     1411   2.24
1940-1949       98      0.43300  0.35594  0.50     417     149     343      887   2.12
1940-1949       99      0.45874  0.37315  0.50     269     100     219      544   2.02
1940-1949      100      0.48470  0.39015  0.50     169      66     136      325   1.93
1940-1949      101      0.51074  0.40684  0.50     103      42      82      190   1.84
1940-1949      102      0.53672  0.42316  0.50      61      26      48      108   1.77
1940-1949      103      0.56251  0.43903  0.50      35      15      27       60   1.69
1940-1949      104      0.58797  0.45439  0.50      20       9      15       32   1.63
1940-1949      105      0.61297  0.46917  0.50      11       5       8       17   1.57
1940-1949      106      0.63739  0.48335  0.50       6       3       4        9   1.52
1940-1949      107      0.66112  0.49688  0.50       3       1       2        4   1.47
1940-1949      108      0.68408  0.50973  0.50       1       1       1        2   1.43
1940-1949      109      0.70617  0.52190  0.50       1       0       1        1   1.40
1940-1949      110+     0.72734  1.00000  1.37       0       0       0        0   1.37
1950-1959        0      0.03645  0.03537  0.17  100000    3537   97047  6959774  69.60
1950-1959        1      0.00266  0.00265  0.50   96463     256   96335  6862726  71.14
1950-1959        2      0.00145  0.00145  0.50   96207     140   96137  6766391  70.33
1950-1959        3      0.00116  0.00116  0.50   96068     111   96012  6670254  69.43
1950-1959        4      0.00092  0.00092  0.50   95956      88   95912  6574242  68.51
1950-1959        5      0.00082  0.00082  0.50   95868      78   95829  6478330  67.58
1950-1959        6      0.00074  0.00074  0.50   95790      71   95755  6382501  66.63
1950-1959        7      0.00066  0.00066  0.50   95719      63   95688  6286746  65.68
1950-1959        8      0.00061  0.00061  0.50   95656      59   95627  6191059  64.72
1950-1959        9      0.00059  0.00059  0.50   95597      56   95569  6095432  63.76
1950-1959       10      0.00053  0.00053  0.50   95541      51   95516  5999863  62.80
1950-1959       11      0.00052  0.00052  0.50   95491      50   95466  5904347  61.83
1950-1959       12      0.00054  0.00054  0.50   95441      51   95415  5808881  60.86
1950-1959       13      0.00057  0.00057  0.50   95389      55   95362  5713466  59.90
1950-1959       14      0.00062  0.00062  0.50   95335      59   95305  5618104  58.93
1950-1959       15      0.00071  0.00071  0.50   95275      67   95242  5522799  57.97
1950-1959       16      0.00083  0.00083  0.50   95208      79   95169  5427558  57.01
1950-1959       17      0.00098  0.00098  0.50   95129      93   95083  5332389  56.05
1950-1959       18      0.00107  0.00107  0.50   95036     102   94985  5237306  55.11
1950-1959       19      0.00114  0.00114  0.50   94934     108   94881  5142321  54.17
1950-1959       20      0.00124  0.00124  0.50   94827     117   94768  5047440  53.23
1950-1959       21      0.00129  0.00129  0.50   94709     122   94649  4952672  52.29
1950-1959       22      0.00124  0.00124  0.50   94588     118   94529  4858024  51.36
1950-1959       23      0.00124  0.00124  0.50   94470     117   94411  4763495  50.42
1950-1959       24      0.00122  0.00122  0.50   94353     115   94295  4669083  49.49
1950-1959       25      0.00126  0.00126  0.50   94237     119   94178  4574788  48.55
1950-1959       26      0.00128  0.00128  0.50   94119     120   94059  4480610  47.61
1950-1959       27      0.00128  0.00128  0.50   93998     121   93938  4386552  46.67
1950-1959       28      0.00129  0.00129  0.50   93878     121   93817  4292613  45.73
1950-1959       29      0.00134  0.00134  0.50   93757     125   93694  4198796  44.78
1950-1959       30      0.00140  0.00140  0.50   93631     131   93566  4105102  43.84
1950-1959       31      0.00139  0.00139  0.50   93500     130   93435  4011537  42.90
1950-1959       32      0.00149  0.00149  0.50   93370     139   93301  3918102  41.96
1950-1959       33      0.00153  0.00153  0.50   93231     143   93160  3824801  41.02
1950-1959       34      0.00170  0.00170  0.50   93089     158   93009  3731641  40.09
1950-1959       35      0.00172  0.00171  0.50   92930     159   92851  3638632  39.15
1950-1959       36      0.00185  0.00185  0.50   92771     172   92685  3545781  38.22
1950-1959       37      0.00203  0.00203  0.50   92599     188   92505  3453096  37.29
1950-1959       38      0.00221  0.00220  0.50   92411     204   92309  3360591  36.37
1950-1959       39      0.00234  0.00234  0.50   92207     216   92100  3268282  35.44
1950-1959       40      0.00258  0.00257  0.50   91992     237   91873  3176182  34.53
1950-1959       41      0.00272  0.00272  0.50   91755     249   91630  3084309  33.61
1950-1959       42      0.00326  0.00325  0.50   91505     297   91357  2992679  32.70
1950-1959       43      0.00343  0.00343  0.50   91208     313   91052  2901322  31.81
1950-1959       44      0.00373  0.00372  0.50   90895     338   90726  2810270  30.92
1950-1959       45      0.00410  0.00410  0.50   90557     371   90372  2719544  30.03
1950-1959       46      0.00448  0.00447  0.50   90186     403   89985  2629172  29.15
1950-1959       47      0.00500  0.00499  0.50   89783     448   89559  2539187  28.28
1950-1959       48      0.00547  0.00546  0.50   89336     487   89092  2449628  27.42
1950-1959       49      0.00607  0.00605  0.50   88848     538   88579  2360536  26.57
1950-1959       50      0.00670  0.00668  0.50   88310     590   88015  2271957  25.73
1950-1959       51      0.00704  0.00701  0.50   87721     615   87413  2183941  24.90
1950-1959       52      0.00819  0.00816  0.50   87105     711   86750  2096528  24.07
1950-1959       53      0.00870  0.00866  0.50   86394     749   86020  2009778  23.26
1950-1959       54      0.00964  0.00959  0.50   85646     822   85235  1923758  22.46
1950-1959       55      0.01014  0.01008  0.50   84824     855   84397  1838523  21.67
1950-1959       56      0.01142  0.01135  0.50   83969     953   83492  1754126  20.89
1950-1959       57      0.01248  0.01240  0.50   83016    1029   82501  1670634  20.12
1950-1959       58      0.01397  0.01387  0.50   81986    1137   81418  1588133  19.37
1950-1959       59      0.01487  0.01476  0.50   80849    1194   80252  1506715  18.64
1950-1959       60      0.01638  0.01624  0.50   79655    1294   79008  1426463  17.91
1950-1959       61      0.01673  0.01659  0.50   78361    1300   77711  1347455  17.20
1950-1959       62      0.02004  0.01984  0.50   77061    1529   76297  1269743  16.48
1950-1959       63      0.02189  0.02165  0.50   75532    1635   74715  1193447  15.80
1950-1959       64      0.02368  0.02340  0.50   73897    1729   73032  1118732  15.14
1950-1959       65      0.02644  0.02610  0.50   72168    1884   71226  1045700  14.49
1950-1959       66      0.02601  0.02567  0.50   70284    1804   69382   974474  13.86
1950-1959       67      0.02919  0.02877  0.50   68480    1970   67495   905092  13.22
1950-1959       68      0.03243  0.03191  0.50   66509    2122   65448   837597  12.59
1950-1959       69      0.03562  0.03500  0.50   64387    2254   63260   772149  11.99
1950-1959       70      0.03852  0.03779  0.50   62133    2348   60959   708889  11.41
1950-1959       71      0.03892  0.03818  0.50   59785    2283   58644   647930  10.84
1950-1959       72      0.04660  0.04553  0.50   57503    2618   56194   589286  10.25
1950-1959       73      0.05183  0.05052  0.50   54884    2773   53498   533092   9.71
1950-1959       74      0.05647  0.05492  0.50   52112    2862   50680   479594   9.20
1950-1959       75      0.06197  0.06011  0.50   49249    2960   47769   428914   8.71
1950-1959       76      0.06927  0.06695  0.50   46289    3099   44739   381144   8.23
1950-1959       77      0.07419  0.07154  0.50   43190    3090   41645   336405   7.79
1950-1959       78      0.08448  0.08106  0.50   40100    3250   38475   294760   7.35
1950-1959       79      0.09073  0.08679  0.50   36850    3198   35250   256285   6.95
1950-1959       80      0.09525  0.09092  0.50   33651    3059   32121   221035   6.57
1950-1959       81      0.09910  0.09442  0.50   30592    2889   29147   188914   6.18
1950-1959       82      0.11473  0.10850  0.50   27703    3006   26200   159766   5.77
1950-1959       83      0.12925  0.12140  0.50   24697    2998   23198   133566   5.41
1950-1959       84      0.14231  0.13286  0.50   21699    2883   20258   110368   5.09
1950-1959       85      0.15050  0.13997  0.50   18816    2634   17499    90110   4.79
1950-1959       86      0.17175  0.15817  0.50   16182    2560   14903    72611   4.49
1950-1959       87      0.18598  0.17016  0.50   13623    2318   12464    57708   4.24
1950-1959       88      0.19802  0.18018  0.50   11305    2037   10286    45245   4.00
1950-1959       89      0.21326  0.19271  0.50    9268    1786    8375    34958   3.77
1950-1959       90      0.22973  0.20606  0.50    7482    1542    6711    26583   3.55
1950-1959       91      0.23723  0.21208  0.50    5940    1260    5310    19872   3.35
1950-1959       92      0.26773  0.23612  0.50    4680    1105    4128    14562   3.11
1950-1959       93      0.29101  0.25405  0.50    3575     908    3121    10435   2.92
1950-1959       94      0.31796  0.27435  0.50    2667     732    2301     7313   2.74
1950-1959       95      0.34049  0.29095  0.50    1935     563    1654     5012   2.59
1950-1959       96      0.36481  0.30853  0.50    1372     423    1161     3359   2.45
1950-1959       97      0.38985  0.32626  0.50     949     310     794     2198   2.32
1950-1959       98      0.41551  0.34404  0.50     639     220     529     1404   2.20
1950-1959       99      0.44166  0.36177  0.50     419     152     343      875   2.09
1950-1959      100      0.46815  0.37935  0.50     268     102     217      531   1.99
1950-1959      101      0.49484  0.39669  0.50     166      66     133      314   1.89
1950-1959      102      0.52158  0.41370  0.50     100      41      79      181   1.81
1950-1959      103      0.54823  0.43028  0.50      59      25      46      102   1.73
1950-1959      104      0.57461  0.44637  0.50      33      15      26       56   1.66
1950-1959      105      0.60061  0.46190  0.50      19       9      14       30   1.60
1950-1959      106      0.62606  0.47681  0.50      10       5       8       15   1.54
1950-1959      107      0.65086  0.49106  0.50       5       3       4        8   1.49
1950-1959      108      0.67489  0.50461  0.50       3       1       2        4   1.45
1950-1959      109      0.69804  0.51744  0.50       1       1       1        2   1.41
1950-1959      110+     0.72025  1.00000  1.39       1       1       1        1   1.39
1960-1969        0      0.02466  0.02414  0.12  100000    2414   97884  7165672  71.66
1960-1969        1      0.00158  0.00158  0.50   97586     154   97509  7067787  72.43
1960-1969        2      0.00100  0.00100  0.50   97432      97   97384  6970278  71.54
1960-1969        3      0.00082  0.00082  0.50   97335      80   97295  6872894  70.61
1960-1969        4      0.00072  0.00072  0.50   97255      70   97220  6775599  69.67
1960-1969        5      0.00065  0.00065  0.50   97186      63   97154  6678378  68.72
1960-1969        6      0.00058  0.00058  0.50   97123      56   97095  6581224  67.76
1960-1969        7      0.00050  0.00050  0.50   97067      49   97043  6484129  66.80
1960-1969        8      0.00045  0.00045  0.50   97018      43   96997  6387087  65.83
1960-1969        9      0.00042  0.00042  0.50   96975      40   96955  6290090  64.86
1960-1969       10      0.00037  0.00037  0.50   96934      36   96916  6193136  63.89
1960-1969       11      0.00038  0.00038  0.50   96898      37   96880  6096219  62.91
1960-1969       12      0.00041  0.00041  0.50   96861      39   96842  5999339  61.94
1960-1969       13      0.00044  0.00044  0.50   96822      43   96801  5902497  60.96
1960-1969       14      0.00050  0.00050  0.50   96779      49   96755  5805697  59.99
1960-1969       15      0.00057  0.00057  0.50   96730      55   96703  5708942  59.02
1960-1969       16      0.00075  0.00075  0.50   96676      72   96640  5612239  58.05
1960-1969       17      0.00088  0.00088  0.50   96604      85   96561  5515599  57.10
1960-1969       18      0.00104  0.00104  0.50   96518     100   96468  5419038  56.15
1960-1969       19      0.00115  0.00115  0.50   96418     111   96363  5322569  55.20
1960-1969       20      0.00119  0.00119  0.50   96307     115   96250  5226207  54.27
1960-1969       21      0.00123  0.00123  0.50   96192     118   96133  5129957  53.33
1960-1969       22      0.00119  0.00119  0.50   96074     115   96017  5033824  52.40
1960-1969       23      0.00110  0.00110  0.50   95960     105   95907  4937807  51.46
1960-1969       24      0.00111  0.00111  0.50   95855     106   95801  4841900  50.51
1960-1969       25      0.00108  0.00108  0.50   95748     104   95696  4746098  49.57
1960-1969       26      0.00104  0.00104  0.50   95645     100   95595  4650402  48.62
1960-1969       27      0.00108  0.00108  0.50   95545     104   95493  4554807  47.67
1960-1969       28      0.00107  0.00107  0.50   95441     102   95390  4459314  46.72
1960-1969       29      0.00114  0.00114  0.50   95339     108   95285  4363924  45.77
1960-1969       30      0.00115  0.00115  0.50   95231     109   95176  4268639  44.82
1960-1969       31      0.00119  0.00119  0.50   95121     113   95065  4173463  43.88
1960-1969       32      0.00124  0.00124  0.50   95009     118   94949  4078398  42.93
1960-1969       33      0.00133  0.00133  0.50   94890     126   94827  3983449  41.98
1960-1969       34      0.00140  0.00140  0.50   94765     133   94698  3888621  41.03
1960-1969       35      0.00153  0.00153  0.50   94632     145   94559  3793923  40.09
1960-1969       36      0.00162  0.00162  0.50   94487     153   94410  3699364  39.15
1960-1969       37      0.00177  0.00177  0.50   94334     167   94250  3604954  38.21
1960-1969       38      0.00193  0.00193  0.50   94167     181   94076  3510703  37.28
1960-1969       39      0.00212  0.00212  0.50   93986     199   93886  3416627  36.35
1960-1969       40      0.00220  0.00220  0.50   93787     206   93684  3322741  35.43
1960-1969       41      0.00249  0.00249  0.50   93580     233   93464  3229057  34.51
1960-1969       42      0.00276  0.00276  0.50   93347     257   93219  3135593  33.59
1960-1969       43      0.00310  0.00309  0.50   93090     288   92946  3042375  32.68
1960-1969       44      0.00330  0.00329  0.50   92802     306   92649  2949429  31.78
1960-1969       45      0.00363  0.00363  0.50   92497     336   92329  2856779  30.89
1960-1969       46      0.00412  0.00411  0.50   92161     379   91972  2764450  30.00
1960-1969       47      0.00450  0.00449  0.50   91782     412   91576  2672479  29.12
1960-1969       48      0.00496  0.00495  0.50   91370     452   91144  2580902  28.25
1960-1969       49      0.00548  0.00546  0.50   90918     497   90670  2489758  27.38
1960-1969       50      0.00602  0.00601  0.50   90422     543   90150  2399088  26.53
1960-1969       51      0.00646  0.00644  0.50   89879     578   89590  2308938  25.69
1960-1969       52      0.00729  0.00726  0.50   89300     649   88976  2219348  24.85
1960-1969       53      0.00808  0.00804  0.50   88652     713   88295  2130372  24.03
1960-1969       54      0.00895  0.00891  0.50   87939     784   87547  2042077  23.22
1960-1969       55      0.00940  0.00936  0.50   87155     816   86747  1954530  22.43
1960-1969       56      0.01043  0.01038  0.50   86339     896   85891  1867783  21.63
1960-1969       57      0.01157  0.01151  0.50   85443     983   84952  1781892  20.85
1960-1969       58      0.01281  0.01273  0.50   84460    1075   83923  1696940  20.09
1960-1969       59      0.01411  0.01401  0.50   83385    1168   82801  1613018  19.34
1960-1969       60      0.01525  0.01514  0.50   82217    1244   81595  1530217  18.61
1960-1969       61      0.01630  0.01617  0.50   80973    1309   80318  1448622  17.89
1960-1969       62      0.01835  0.01818  0.50   79664    1448   78939  1368304  17.18
1960-1969       63      0.01982  0.01962  0.50   78215    1535   77448  1289364  16.48
1960-1969       64      0.02144  0.02122  0.50   76680    1627   75867  1211916  15.80
1960-1969       65      0.02385  0.02357  0.50   75053    1769   74169  1136049  15.14
1960-1969       66      0.02469  0.02439  0.50   73285    1788   72391  1061880  14.49
1960-1969       67      0.02729  0.02692  0.50   71497    1925   70535   989489  13.84
1960-1969       68      0.03010  0.02965  0.50   69572    2063   68541   918955  13.21
1960-1969       69      0.03243  0.03191  0.50   67509    2154   66432   850414  12.60
1960-1969       70      0.03548  0.03487  0.50   65355    2279   64216   783982  12.00
1960-1969       71      0.03672  0.03606  0.50   63076    2274   61939   719766  11.41
1960-1969       72      0.04337  0.04245  0.50   60802    2581   59511   657827  10.82
1960-1969       73      0.04650  0.04544  0.50   58221    2646   56898   598315  10.28
1960-1969       74      0.05113  0.04986  0.50   55575    2771   54190   541417   9.74
1960-1969       75      0.05611  0.05458  0.50   52804    2882   51363   487228   9.23
1960-1969       76      0.06160  0.05976  0.50   49923    2983   48431   435864   8.73
1960-1969       77      0.06715  0.06497  0.50   46939    3050   45414   387433   8.25
1960-1969       78      0.07499  0.07228  0.50   43890    3172   42303   342019   7.79
1960-1969       79      0.08225  0.07900  0.50   40717    3217   39109   299715   7.36
1960-1969       80      0.08658  0.08299  0.50   37500    3112   35944   260607   6.95
1960-1969       81      0.09183  0.08780  0.50   34388    3019   32879   224662   6.53
1960-1969       82      0.10467  0.09947  0.50   31369    3120   29809   191783   6.11
1960-1969       83      0.11712  0.11064  0.50   28249    3126   26686   161974   5.73
1960-1969       84      0.13007  0.12213  0.50   25123    3068   23589   135288   5.38
1960-1969       85      0.13948  0.13039  0.50   22055    2876   20617   111699   5.06
1960-1969       86      0.15446  0.14339  0.50   19179    2750   17804    91081   4.75
1960-1969       87      0.16877  0.15564  0.50   16429    2557   15151    73277   4.46
1960-1969       88      0.18385  0.16837  0.50   13872    2336   12704    58126   4.19
1960-1969       89      0.19984  0.18168  0.50   11537    2096   10489    45421   3.94
1960-1969       90      0.21636  0.19524  0.50    9441    1843    8519    34933   3.70
1960-1969       91      0.22668  0.20361  0.50    7597    1547    6824    26414   3.48
1960-1969       92      0.25728  0.22795  0.50    6051    1379    5361    19590   3.24
1960-1969       93      0.27725  0.24349  0.50    4671    1137    4103    14229   3.05
1960-1969       94      0.29874  0.25992  0.50    3534     919    3075    10126   2.87
1960-1969       95      0.32300  0.27809  0.50    2615     727    2252     7052   2.70
1960-1969       96      0.34728  0.29590  0.50    1888     559    1609     4800   2.54
1960-1969       97      0.37242  0.31396  0.50    1329     417    1121     3191   2.40
1960-1969       98      0.39833  0.33217  0.50     912     303     761     2071   2.27
1960-1969       99      0.42487  0.35043  0.50     609     213     502     1310   2.15
1960-1969      100      0.45191  0.36862  0.50     396     146     323      808   2.04
1960-1969      101      0.47929  0.38663  0.50     250      97     202      485   1.94
1960-1969      102      0.50685  0.40437  0.50     153      62     122      284   1.85
1960-1969      103      0.53442  0.42173  0.50      91      38      72      161   1.77
1960-1969      104      0.56184  0.43862  0.50      53      23      41       89   1.69
1960-1969      105      0.58894  0.45496  0.50      30      13      23       48   1.62
1960-1969      106      0.61556  0.47069  0.50      16       8      12       25   1.56
1960-1969      107      0.64156  0.48574  0.50       9       4       6       13   1.51
1960-1969      108      0.66680  0.50007  0.50       4       2       3        6   1.46
1960-1969      109      0.69116  0.51365  0.50       2       1       2        3   1.42
1960-1969      110+     0.71455  1.00000  1.40       1       1       1        1   1.40
1970-1979        0      0.01488  0.01469  0.12  100000    1469   98706  7355883  73.56
1970-1979        1      0.00104  0.00104  0.50   98531     102   98480  7257177  73.65
1970-1979        2      0.00074  0.00074  0.50   98429      73   98393  7158697  72.73
1970-1979        3      0.00062  0.00062  0.50   98356      61   98326  7060304  71.78
1970-1979        4      0.00054  0.00054  0.50   98295      54   98268  6961979  70.83
1970-1979        5      0.00051  0.00051  0.50   98241      50   98216  6863711  69.87
1970-1979        6      0.00047  0.00047  0.50   98191      46   98168  6765495  68.90
1970-1979        7      0.00042  0.00042  0.50   98145      42   98124  6667326  67.93
1970-1979        8      0.00036  0.00036  0.50   98103      36   98086  6569202  66.96
1970-1979        9      0.00034  0.00034  0.50   98068      34   98051  6471117  65.99
1970-1979       10      0.00034  0.00034  0.50   98034      33   98018  6373066  65.01
1970-1979       11      0.00032  0.00032  0.50   98001      32   97985  6275048  64.03
1970-1979       12      0.00035  0.00035  0.50   97969      34   97952  6177063  63.05
1970-1979       13      0.00039  0.00039  0.50   97936      39   97916  6079110  62.07
1970-1979       14      0.00048  0.00048  0.50   97897      47   97873  5981194  61.10
1970-1979       15      0.00061  0.00061  0.50   97850      60   97820  5883321  60.13
1970-1979       16      0.00086  0.00086  0.50   97789      84   97747  5785501  59.16
1970-1979       17      0.00108  0.00108  0.50   97705     105   97653  5687754  58.21
1970-1979       18      0.00124  0.00124  0.50   97600     121   97539  5590101  57.28
1970-1979       19      0.00133  0.00133  0.50   97479     129   97414  5492562  56.35
1970-1979       20      0.00131  0.00131  0.50   97349     128   97285  5395148  55.42
1970-1979       21      0.00126  0.00126  0.50   97222     123   97160  5297863  54.49
1970-1979       22      0.00115  0.00115  0.50   97099     112   97043  5200703  53.56
1970-1979       23      0.00111  0.00111  0.50   96987     107   96933  5103660  52.62
1970-1979       24      0.00107  0.00107  0.50   96880     104   96828  5006726  51.68
1970-1979       25      0.00101  0.00101  0.50   96776      98   96726  4909899  50.73
1970-1979       26      0.00101  0.00101  0.50   96677      98   96629  4813172  49.79
1970-1979       27      0.00099  0.00099  0.50   96580      96   96532  4716544  48.84
1970-1979       28      0.00104  0.00104  0.50   96484     100   96434  4620012  47.88
1970-1979       29      0.00100  0.00100  0.50   96384      97   96336  4523578  46.93
1970-1979       30      0.00107  0.00107  0.50   96287     103   96236  4427242  45.98
1970-1979       31      0.00108  0.00108  0.50   96185     104   96133  4331006  45.03
1970-1979       32      0.00114  0.00114  0.50   96080     109   96026  4234874  44.08
1970-1979       33      0.00119  0.00119  0.50   95971     114   95914  4138848  43.13
1970-1979       34      0.00131  0.00131  0.50   95857     125   95795  4042934  42.18
1970-1979       35      0.00141  0.00141  0.50   95732     135   95664  3947139  41.23
1970-1979       36      0.00151  0.00151  0.50   95597     144   95525  3851475  40.29
1970-1979       37      0.00164  0.00164  0.50   95452     157   95374  3755951  39.35
1970-1979       38      0.00178  0.00178  0.50   95295     170   95211  3660577  38.41
1970-1979       39      0.00201  0.00201  0.50   95126     191   95030  3565366  37.48
1970-1979       40      0.00213  0.00213  0.50   94935     202   94834  3470336  36.56
1970-1979       41      0.00237  0.00236  0.50   94733     224   94621  3375502  35.63
1970-1979       42      0.00263  0.00263  0.50   94509     248   94385  3280881  34.72
1970-1979       43      0.00287  0.00286  0.50   94261     270   94126  3186496  33.81
1970-1979       44      0.00312  0.00312  0.50   93991     293   93845  3092370  32.90
1970-1979       45      0.00342  0.00342  0.50   93698     320   93538  2998526  32.00
1970-1979       46      0.00384  0.00383  0.50   93378     358   93199  2904988  31.11
1970-1979       47      0.00421  0.00420  0.50   93020     391   92825  2811789  30.23
1970-1979       48      0.00465  0.00464  0.50   92629     430   92414  2718964  29.35
1970-1979       49      0.00512  0.00511  0.50   92199     471   91964  2626549  28.49
1970-1979       50      0.00559  0.00557  0.50   91729     511   91473  2534585  27.63
1970-1979       51      0.00610  0.00608  0.50   91218     555   90941  2443112  26.78
1970-1979       52      0.00672  0.00670  0.50   90663     608   90359  2352172  25.94
1970-1979       53      0.00723  0.00720  0.50   90056     649   89731  2261812  25.12
1970-1979       54      0.00809  0.00806  0.50   89407     721   89047  2172081  24.29
1970-1979       55      0.00865  0.00861  0.50   88687     763   88305  2083034  23.49
1970-1979       56      0.00957  0.00952  0.50   87923     837   87505  1994729  22.69
1970-1979       57      0.01044  0.01038  0.50   87086     904   86634  1907225  21.90
1970-1979       58      0.01145  0.01139  0.50   86182     981   85691  1820591  21.12
1970-1979       59      0.01255  0.01247  0.50   85201    1062   84669  1734899  20.36
1970-1979       60      0.01370  0.01361  0.50   84138    1145   83565  1650230  19.61
1970-1979       61      0.01486  0.01475  0.50   82993    1224   82381  1566665  18.88
1970-1979       62      0.01634  0.01621  0.50   81769    1325   81106  1484284  18.15
1970-1979       63      0.01754  0.01739  0.50   80444    1399   79744  1403178  17.44
1970-1979       64      0.01894  0.01876  0.50   79045    1483   78303  1323433  16.74
1970-1979       65      0.02114  0.02092  0.50   77561    1623   76750  1245130  16.05
1970-1979       66      0.02246  0.02221  0.50   75939    1687   75095  1168380  15.39
1970-1979       67      0.02477  0.02447  0.50   74252    1817   73344  1093285  14.72
1970-1979       68      0.02674  0.02639  0.50   72435    1911   71480  1019941  14.08
1970-1979       69      0.02944  0.02901  0.50   70524    2046   69501   948461  13.45
1970-1979       70      0.03208  0.03158  0.50   68478    2162   67397   878960  12.84
1970-1979       71      0.03450  0.03391  0.50   66316    2249   65191   811563  12.24
1970-1979       72      0.03807  0.03736  0.50   64067    2394   62870   746372  11.65
1970-1979       73      0.04105  0.04022  0.50   61673    2481   60433   683502  11.08
1970-1979       74      0.04475  0.04377  0.50   59192    2591   57897   623070  10.53
1970-1979       75      0.04932  0.04813  0.50   56602    2724   55240   565173   9.99
1970-1979       76      0.05313  0.05176  0.50   53877    2789   52483   509933   9.46
1970-1979       77      0.05773  0.05611  0.50   51089    2867   49655   457450   8.95
1970-1979       78      0.06421  0.06221  0.50   48222    3000   46722   407795   8.46
1970-1979       79      0.07128  0.06882  0.50   45222    3112   43666   361073   7.98
1970-1979       80      0.07707  0.07421  0.50   42110    3125   40547   317407   7.54
1970-1979       81      0.08282  0.07953  0.50   38985    3100   37435   276860   7.10
1970-1979       82      0.09289  0.08877  0.50   35884    3185   34292   239425   6.67
1970-1979       83      0.10146  0.09656  0.50   32699    3157   31120   205133   6.27
1970-1979       84      0.11286  0.10683  0.50   29542    3156   27964   174013   5.89
1970-1979       85      0.12322  0.11607  0.50   26386    3063   24854   146050   5.54
1970-1979       86      0.13647  0.12775  0.50   23323    2980   21833   121195   5.20
1970-1979       87      0.14790  0.13772  0.50   20343    2802   18943    99362   4.88
1970-1979       88      0.16074  0.14878  0.50   17542    2610   16237    80419   4.58
1970-1979       89      0.17488  0.16082  0.50   14932    2401   13731    64183   4.30
1970-1979       90      0.19336  0.17632  0.50   12530    2209   11426    50452   4.03
1970-1979       91      0.20663  0.18728  0.50   10321    1933    9355    39026   3.78
1970-1979       92      0.23102  0.20710  0.50    8388    1737    7520    29671   3.54
1970-1979       93      0.24912  0.22153  0.50    6651    1473    5914    22151   3.33
1970-1979       94      0.26875  0.23691  0.50    5178    1227    4564    16237   3.14
1970-1979       95      0.28851  0.25214  0.50    3951     996    3453    11673   2.95
1970-1979       96      0.31106  0.26919  0.50    2955     795    2557     8220   2.78
1970-1979       97      0.33461  0.28665  0.50    2159     619    1850     5663   2.62
1970-1979       98      0.35909  0.30443  0.50    1540     469    1306     3813   2.48
1970-1979       99      0.38439  0.32243  0.50    1071     345     899     2507   2.34
1970-1979      100      0.41043  0.34054  0.50     726     247     602     1608   2.22
1970-1979      101      0.43705  0.35867  0.50     479     172     393     1006   2.10
1970-1979      102      0.46413  0.37671  0.50     307     116     249      613   2.00
1970-1979      103      0.49151  0.39455  0.50     191      76     154      364   1.90
1970-1979      104      0.51902  0.41208  0.50     116      48      92      210   1.81
1970-1979      105      0.54651  0.42922  0.50      68      29      54      118   1.74
1970-1979      106      0.57379  0.44587  0.50      39      17      30       65   1.66
1970-1979      107      0.60071  0.46196  0.50      22      10      17       35   1.60
1970-1979      108      0.62711  0.47741  0.50      12       6       9       18   1.55
1970-1979      109      0.65285  0.49219  0.50       6       3       5        9   1.50
1970-1979      110+     0.67779  1.00000  1.48       3       3       5        5   1.48
1980-1989        0      0.00843  0.00837  0.13  100000     837   99273  7624996  76.25
1980-1989        1      0.00066  0.00066  0.50   99163      65   99130  7525723  75.89
1980-1989        2      0.00046  0.00046  0.50   99098      46   99075  7426592  74.94
1980-1989        3      0.00037  0.00037  0.50   99052      37   99033  7327518  73.98
1980-1989        4      0.00034  0.00034  0.50   99015      34   98998  7228485  73.00
1980-1989        5      0.00030  0.00030  0.50   98981      29   98967  7129487  72.03
1980-1989        6      0.00025  0.00025  0.50   98952      25   98939  7030520  71.05
1980-1989        7      0.00024  0.00024  0.50   98927      24   98915  6931581  70.07
1980-1989        8      0.00021  0.00021  0.50   98903      21   98892  6832666  69.08
1980-1989        9      0.00021  0.00021  0.50   98882      21   98871  6733774  68.10
1980-1989       10      0.00022  0.00022  0.50   98861      22   98850  6634902  67.11
1980-1989       11      0.00022  0.00022  0.50   98839      22   98828  6536053  66.13
1980-1989       12      0.00024  0.00024  0.50   98817      23   98805  6437225  65.14
1980-1989       13      0.00027  0.00027  0.50   98794      27   98780  6338420  64.16
1980-1989       14      0.00035  0.00035  0.50   98766      35   98749  6239640  63.18
1980-1989       15      0.00046  0.00046  0.50   98732      45   98709  6140891  62.20
1980-1989       16      0.00065  0.00065  0.50   98686      64   98654  6042182  61.23
1980-1989       17      0.00077  0.00077  0.50   98622      76   98584  5943527  60.27
1980-1989       18      0.00092  0.00091  0.50   98546      90   98501  5844943  59.31
1980-1989       19      0.00099  0.00099  0.50   98456      97   98407  5746442  58.37
1980-1989       20      0.00096  0.00096  0.50   98359      95   98312  5648035  57.42
1980-1989       21      0.00094  0.00094  0.50   98264      92   98218  5549723  56.48
1980-1989       22      0.00088  0.00088  0.50   98172      86   98129  5451505  55.53
1980-1989       23      0.00085  0.00085  0.50   98086      83   98045  5353376  54.58
1980-1989       24      0.00082  0.00082  0.50   98003      80   97963  5255331  53.62
1980-1989       25      0.00083  0.00083  0.50   97923      81   97883  5157368  52.67
1980-1989       26      0.00085  0.00085  0.50   97842      83   97801  5059486  51.71
1980-1989       27      0.00085  0.00085  0.50   97760      83   97718  4961685  50.75
1980-1989       28      0.00083  0.00083  0.50   97676      81   97636  4863967  49.80
1980-1989       29      0.00086  0.00086  0.50   97596      84   97554  4766331  48.84
1980-1989       30      0.00087  0.00087  0.50   97512      85   97470  4668777  47.88
1980-1989       31      0.00090  0.00090  0.50   97427      87   97384  4571307  46.92
1980-1989       32      0.00095  0.00095  0.50   97340      92   97294  4473923  45.96
1980-1989       33      0.00099  0.00099  0.50   97248      97   97200  4376629  45.00
1980-1989       34      0.00102  0.00102  0.50   97151      99   97102  4279430  44.05
1980-1989       35      0.00108  0.00108  0.50   97052     104   97000  4182328  43.09
1980-1989       36      0.00112  0.00112  0.50   96948     109   96894  4085327  42.14
1980-1989       37      0.00122  0.00122  0.50   96839     118   96780  3988434  41.19
1980-1989       38      0.00133  0.00133  0.50   96721     129   96657  3891653  40.24
1980-1989       39      0.00144  0.00144  0.50   96593     139   96523  3794996  39.29
1980-1989       40      0.00158  0.00158  0.50   96453     152   96377  3698473  38.34
1980-1989       41      0.00170  0.00169  0.50   96301     163   96220  3602096  37.40
1980-1989       42      0.00191  0.00191  0.50   96138     184   96047  3505876  36.47
1980-1989       43      0.00209  0.00209  0.50   95955     201   95854  3409829  35.54
1980-1989       44      0.00231  0.00231  0.50   95754     221   95644  3313975  34.61
1980-1989       45      0.00253  0.00253  0.50   95533     242   95413  3218331  33.69
1980-1989       46      0.00279  0.00279  0.50   95292     266   95159  3122919  32.77
1980-1989       47      0.00315  0.00315  0.50   95026     299   94877  3027760  31.86
1980-1989       48      0.00348  0.00348  0.50   94727     329   94562  2932883  30.96
1980-1989       49      0.00395  0.00394  0.50   94398     372   94211  2838321  30.07
1980-1989       50      0.00434  0.00434  0.50   94025     408   93821  2744109  29.18
1980-1989       51      0.00480  0.00479  0.50   93618     449   93393  2650288  28.31
1980-1989       52      0.00529  0.00528  0.50   93169     492   92923  2556895  27.44
1980-1989       53      0.00577  0.00575  0.50   92677     533   92411  2463971  26.59
1980-1989       54      0.00643  0.00641  0.50   92144     591   91849  2371561  25.74
1980-1989       55      0.00699  0.00697  0.50   91553     638   91234  2279712  24.90
1980-1989       56      0.00785  0.00782  0.50   90915     711   90559  2188478  24.07
1980-1989       57      0.00852  0.00848  0.50   90204     765   89821  2097919  23.26
1980-1989       58      0.00924  0.00920  0.50   89438     823   89027  2008098  22.45
1980-1989       59      0.01026  0.01020  0.50   88616     904   88164  1919071  21.66
1980-1989       60      0.01125  0.01119  0.50   87712     981   87221  1830907  20.87
1980-1989       61      0.01220  0.01212  0.50   86731    1051   86205  1743686  20.10
1980-1989       62      0.01346  0.01337  0.50   85679    1146   85106  1657481  19.35
1980-1989       63      0.01445  0.01434  0.50   84534    1212   83927  1572374  18.60
1980-1989       64      0.01591  0.01578  0.50   83321    1315   82664  1488447  17.86
1980-1989       65      0.01760  0.01744  0.50   82006    1431   81291  1405783  17.14
1980-1989       66      0.01911  0.01893  0.50   80576    1526   79813  1324492  16.44
1980-1989       67      0.02093  0.02071  0.50   79050    1637   78231  1244680  15.75
1980-1989       68      0.02276  0.02251  0.50   77413    1742   76542  1166448  15.07
1980-1989       69      0.02508  0.02476  0.50   75671    1874   74734  1089906  14.40
1980-1989       70      0.02725  0.02689  0.50   73797    1984   72805  1015173  13.76
1980-1989       71      0.02951  0.02908  0.50   71813    2088   70768   942368  13.12
1980-1989       72      0.03292  0.03239  0.50   69724    2258   68595   871600  12.50
1980-1989       73      0.03584  0.03520  0.50   67466    2375   66278   803005  11.90
1980-1989       74      0.03907  0.03832  0.50   65091    2494   63844   736727  11.32
1980-1989       75      0.04272  0.04183  0.50   62596    2618   61287   672883  10.75
1980-1989       76      0.04672  0.04566  0.50   59978    2738   58609   611596  10.20
1980-1989       77      0.05107  0.04980  0.50   57240    2851   55814   552987   9.66
1980-1989       78      0.05608  0.05455  0.50   54389    2967   52906   497173   9.14
1980-1989       79      0.06162  0.05978  0.50   51422    3074   49885   444267   8.64
1980-1989       80      0.06889  0.06660  0.50   48348    3220   46739   394382   8.16
1980-1989       81      0.07472  0.07203  0.50   45129    3251   43503   347643   7.70
1980-1989       82      0.08201  0.07878  0.50   41878    3299   40228   304140   7.26
1980-1989       83      0.08966  0.08581  0.50   38579    3311   36923   263912   6.84
1980-1989       84      0.09894  0.09427  0.50   35268    3325   33606   226988   6.44
1980-1989       85      0.10707  0.10163  0.50   31943    3246   30320   193383   6.05
1980-1989       86      0.11876  0.11211  0.50   28697    3217   27088   163063   5.68
1980-1989       87      0.12936  0.12150  0.50   25480    3096   23932   135974   5.34
1980-1989       88      0.14104  0.13175  0.50   22384    2949   20909   112043   5.01
1980-1989       89      0.15399  0.14298  0.50   19435    2779   18045    91133   4.69
1980-1989       90      0.17022  0.15687  0.50   16656    2613   15350    73088   4.39
1980-1989       91      0.18788  0.17174  0.50   14043    2412   12837    57738   4.11
1980-1989       92      0.20448  0.18551  0.50   11631    2158   10552    44901   3.86
1980-1989       93      0.22177  0.19963  0.50    9474    1891    8528    34348   3.63
1980-1989       94      0.24052  0.21470  0.50    7582    1628    6768    25820   3.41
1980-1989       95      0.25995  0.23005  0.50    5954    1370    5270    19052   3.20
1980-1989       96      0.28145  0.24673  0.50    4585    1131    4019    13783   3.01
1980-1989       97      0.30408  0.26395  0.50    3453     912    2998     9764   2.83
1980-1989       98      0.32779  0.28163  0.50    2542     716    2184     6766   2.66
1980-1989       99      0.35248  0.29967  0.50    1826     547    1552     4582   2.51
1980-1989      100      0.37807  0.31796  0.50    1279     407    1076     3029   2.37
1980-1989      101      0.40443  0.33640  0.50     872     293     726     1954   2.24
1980-1989      102      0.43142  0.35487  0.50     579     205     476     1228   2.12
1980-1989      103      0.45888  0.37324  0.50     373     139     304      752   2.01
1980-1989      104      0.48666  0.39141  0.50     234      92     188      449   1.92
1980-1989      105      0.51456  0.40927  0.50     142      58     113      260   1.83
1980-1989      106      0.54242  0.42670  0.50      84      36      66      147   1.75
1980-1989      107      0.57006  0.44362  0.50      48      21      38       81   1.68
1980-1989      108      0.59730  0.45994  0.50      27      12      21       43   1.62
1980-1989      109      0.62397  0.47559  0.50      14       7      11       23   1.57
1980-1989      110+     0.64994  1.00000  1.54       8       8      12       12   1.54
1990-1999        0      0.00595  0.00592  0.14  100000     592   99489  7809314  78.09
1990-1999        1      0.00045  0.00045  0.50   99408      44   99386  7709824  77.56
1990-1999        2      0.00030  0.00030  0.50   99364      30   99349  7610438  76.59
1990-1999        3      0.00025  0.00025  0.50   99334      25   99322  7511089  75.61
1990-1999        4      0.00021  0.00021  0.50   99310      21   99299  7411768  74.63
1990-1999        5      0.00019  0.00019  0.50   99289      18   99280  7312468  73.65
1990-1999        6      0.00017  0.00017  0.50   99270      17   99262  7213189  72.66
1990-1999        7      0.00015  0.00015  0.50   99253      15   99246  7113927  71.67
1990-1999        8      0.00015  0.00015  0.50   99238      15   99230  7014681  70.69
1990-1999        9      0.00015  0.00015  0.50   99223      15   99215  6915451  69.70
1990-1999       10      0.00015  0.00015  0.50   99208      15   99200  6816236  68.71
1990-1999       11      0.00015  0.00015  0.50   99192      15   99185  6717036  67.72
1990-1999       12      0.00018  0.00018  0.50   99177      18   99168  6617851  66.73
1990-1999       13      0.00021  0.00021  0.50   99159      20   99149  6518683  65.74
1990-1999       14      0.00027  0.00027  0.50   99139      27   99125  6419534  64.75
1990-1999       15      0.00035  0.00035  0.50   99112      34   99095  6320408  63.77
1990-1999       16      0.00049  0.00049  0.50   99078      49   99053  6221313  62.79
1990-1999       17      0.00057  0.00057  0.50   99029      56   99001  6122260  61.82
1990-1999       18      0.00070  0.00070  0.50   98973      69   98938  6023259  60.86
1990-1999       19      0.00077  0.00077  0.50   98904      76   98866  5924321  59.90
1990-1999       20      0.00073  0.00073  0.50   98828      72   98792  5825456  58.95
1990-1999       21      0.00072  0.00072  0.50   98755      71   98720  5726664  57.99
1990-1999       22      0.00070  0.00070  0.50   98685      69   98650  5627944  57.03
1990-1999       23      0.00068  0.00068  0.50   98616      67   98582  5529294  56.07
1990-1999       24      0.00068  0.00068  0.50   98549      67   98515  5430711  55.11
1990-1999       25      0.00070  0.00070  0.50   98482      69   98448  5332196  54.14
1990-1999       26      0.00071  0.00071  0.50   98413      70   98378  5233749  53.18
1990-1999       27      0.00071  0.00071  0.50   98343      70   98308  5135370  52.22
1990-1999       28      0.00074  0.00074  0.50   98273      73   98237  5037062  51.26
1990-1999       29      0.00080  0.00080  0.50   98200      79   98161  4938825  50.29
1990-1999       30      0.00081  0.00081  0.50   98122      80   98082  4840664  49.33
1990-1999       31      0.00086  0.00086  0.50   98042      84   98000  4742582  48.37
1990-1999       32      0.00091  0.00091  0.50   97958      89   97913  4644583  47.41
1990-1999       33      0.00092  0.00092  0.50   97869      90   97823  4546669  46.46
1990-1999       34      0.00096  0.00096  0.50   97778      94   97731  4448846  45.50
1990-1999       35      0.00106  0.00106  0.50   97684     103   97632  4351115  44.54
1990-1999       36      0.00113  0.00113  0.50   97581     110   97526  4253482  43.59
1990-1999       37      0.00118  0.00118  0.50   97471     115   97413  4155957  42.64
1990-1999       38      0.00123  0.00123  0.50   97356     120   97296  4058543  41.69
1990-1999       39      0.00133  0.00133  0.50   97236     130   97171  3961247  40.74
1990-1999       40      0.00146  0.00146  0.50   97106     142   97035  3864076  39.79
1990-1999       41      0.00157  0.00157  0.50   96965     153   96888  3767041  38.85
1990-1999       42      0.00165  0.00165  0.50   96812     159   96732  3670152  37.91
1990-1999       43      0.00179  0.00179  0.50   96653     173   96566  3573420  36.97
1990-1999       44      0.00192  0.00192  0.50   96480     185   96387  3476854  36.04
1990-1999       45      0.00207  0.00207  0.50   96295     199   96195  3380466  35.11
1990-1999       46      0.00230  0.00230  0.50   96095     221   95985  3284271  34.18
1990-1999       47      0.00251  0.00250  0.50   95874     240   95754  3188286  33.25
1990-1999       48      0.00277  0.00277  0.50   95634     265   95502  3092532  32.34
1990-1999       49      0.00308  0.00308  0.50   95370     293   95223  2997030  31.43
1990-1999       50      0.00333  0.00332  0.50   95076     316   94918  2901807  30.52
1990-1999       51      0.00373  0.00372  0.50   94760     353   94584  2806889  29.62
1990-1999       52      0.00405  0.00404  0.50   94408     382   94217  2712305  28.73
1990-1999       53      0.00443  0.00442  0.50   94026     416   93818  2618088  27.84
1990-1999       54      0.00498  0.00497  0.50   93610     465   93378  2524269  26.97
1990-1999       55      0.00550  0.00549  0.50   93145     511   92889  2430892  26.10
1990-1999       56      0.00614  0.00612  0.50   92634     567   92350  2338002  25.24
1990-1999       57      0.00686  0.00684  0.50   92067     629   91752  2245652  24.39
1990-1999       58      0.00741  0.00738  0.50   91437     675   91100  2153900  23.56
1990-1999       59      0.00816  0.00812  0.50   90763     737   90394  2062800  22.73
1990-1999       60      0.00898  0.00894  0.50   90025     805   89623  1972406  21.91
1990-1999       61      0.01011  0.01006  0.50   89220     898   88771  1882783  21.10
1990-1999       62      0.01096  0.01090  0.50   88322     963   87841  1794012  20.31
1990-1999       63      0.01208  0.01201  0.50   87359    1049   86835  1706171  19.53
1990-1999       64      0.01324  0.01316  0.50   86311    1136   85743  1619336  18.76
1990-1999       65      0.01470  0.01459  0.50   85175    1243   84554  1533593  18.01
1990-1999       66      0.01615  0.01602  0.50   83932    1344   83260  1449039  17.26
1990-1999       67      0.01758  0.01743  0.50   82588    1439   81868  1365779  16.54
1990-1999       68      0.01908  0.01890  0.50   81149    1534   80382  1283911  15.82
1990-1999       69      0.02114  0.02092  0.50   79615    1665   78782  1203529  15.12
1990-1999       70      0.02315  0.02289  0.50   77949    1784   77057  1124747  14.43
1990-1999       71      0.02535  0.02503  0.50   76165    1906   75212  1047690  13.76
1990-1999       72      0.02765  0.02727  0.50   74259    2025   73246   972478  13.10
1990-1999       73      0.03030  0.02985  0.50   72234    2156   71156   899231  12.45
1990-1999       74      0.03352  0.03297  0.50   70078    2310   68922   828076  11.82
1990-1999       75      0.03687  0.03620  0.50   67767    2453   66541   759153  11.20
1990-1999       76      0.04078  0.03996  0.50   65314    2610   64009   692612  10.60
1990-1999       77      0.04471  0.04373  0.50   62704    2742   61333   628603  10.02
1990-1999       78      0.04948  0.04828  0.50   59962    2895   58514   567270   9.46
1990-1999       79      0.05524  0.05376  0.50   57067    3068   55533   508756   8.92
1990-1999       80      0.06238  0.06049  0.50   53999    3267   52366   453223   8.39
1990-1999       81      0.06876  0.06647  0.50   50732    3372   49046   400857   7.90
1990-1999       82      0.07589  0.07311  0.50   47360    3463   45629   351811   7.43
1990-1999       83      0.08431  0.08090  0.50   43898    3551   42122   306182   6.97
1990-1999       84      0.09345  0.08928  0.50   40346    3602   38545   264060   6.54
1990-1999       85      0.10265  0.09764  0.50   36744    3588   34950   225515   6.14
1990-1999       86      0.11268  0.10667  0.50   33156    3537   31388   190564   5.75
1990-1999       87      0.12475  0.11742  0.50   29620    3478   27881   159176   5.37
1990-1999       88      0.13754  0.12869  0.50   26142    3364   24460   131296   5.02
1990-1999       89      0.15274  0.14191  0.50   22777    3232   21161   106836   4.69
1990-1999       90      0.16723  0.15432  0.50   19545    3016   18037    85675   4.38
1990-1999       91      0.18506  0.16939  0.50   16529    2800   15129    67638   4.09
1990-1999       92      0.20198  0.18345  0.50   13729    2519   12470    52509   3.82
1990-1999       93      0.22376  0.20125  0.50   11210    2256   10082    40039   3.57
1990-1999       94      0.24206  0.21593  0.50    8954    1933    7988    29957   3.35
1990-1999       95      0.26421  0.23338  0.50    7021    1639    6202    21969   3.13
1990-1999       96      0.28756  0.25141  0.50    5382    1353    4706    15767   2.93
1990-1999       97      0.31221  0.27005  0.50    4029    1088    3485    11062   2.75
1990-1999       98      0.33810  0.28921  0.50    2941     851    2516     7576   2.58
1990-1999       99      0.36512  0.30875  0.50    2090     645    1768     5061   2.42
1990-1999      100      0.39314  0.32855  0.50    1445     475    1208     3293   2.28
1990-1999      101      0.42200  0.34847  0.50     970     338     801     2085   2.15
1990-1999      102      0.45153  0.36837  0.50     632     233     516     1284   2.03
1990-1999      103      0.48152  0.38808  0.50     399     155     322      768   1.92
1990-1999      104      0.51175  0.40748  0.50     244     100     195      446   1.83
1990-1999      105      0.54200  0.42643  0.50     145      62     114      252   1.74
1990-1999      106      0.57203  0.44481  0.50      83      37      65      138   1.66
1990-1999      107      0.60163  0.46250  0.50      46      21      35       73   1.59
1990-1999      108      0.63058  0.47942  0.50      25      12      19       38   1.53
1990-1999      109      0.65869  0.49550  0.50      13       6      10       19   1.49
1990-1999      110+     0.68578  1.00000  1.46       7       7       9        9   1.46
2000-2009        0      0.00523  0.00520  0.14  100000     520   99552  8013427  80.13
2000-2009        1      0.00034  0.00034  0.50   99480      33   99463  7913875  79.55
2000-2009        2      0.00020  0.00020  0.50   99446      20   99436  7814412  78.58
2000-2009        3      0.00015  0.00015  0.50   99426      15   99419  7714976  77.59
2000-2009        4      0.00014  0.00014  0.50   99411      14   99404  7615557  76.61
2000-2009        5      0.00013  0.00013  0.50   99397      13   99390  7516153  75.62
2000-2009        6      0.00011  0.00011  0.50   99384      11   99378  7416763  74.63
2000-2009        7      0.00011  0.00011  0.50   99373      11   99367  7317385  73.64
2000-2009        8      0.00009  0.00009  0.50   99362       9   99357  7218017  72.64
2000-2009        9      0.00011  0.00011  0.50   99352      11   99347  7118660  71.65
2000-2009       10      0.00010  0.00010  0.50   99341      10   99336  7019313  70.66
2000-2009       11      0.00010  0.00010  0.50   99331       9   99327  6919977  69.67
2000-2009       12      0.00013  0.00013  0.50   99322      13   99316  6820650  68.67
2000-2009       13      0.00015  0.00015  0.50   99309      15   99302  6721335  67.68
2000-2009       14      0.00021  0.00020  0.50   99295      20   99284  6622033  66.69
2000-2009       15      0.00027  0.00027  0.50   99274      27   99261  6522748  65.70
2000-2009       16      0.00036  0.00036  0.50   99247      36   99229  6423488  64.72
2000-2009       17      0.00046  0.00046  0.50   99211      45   99189  6324258  63.75
2000-2009       18      0.00055  0.00055  0.50   99166      54   99139  6225070  62.77
2000-2009       19      0.00059  0.00059  0.50   99112      58   99083  6125931  61.81
2000-2009       20      0.00062  0.00062  0.50   99054      61   99023  6026848  60.84
2000-2009       21      0.00058  0.00058  0.50   98993      57   98964  5927825  59.88
2000-2009       22      0.00057  0.00057  0.50   98935      57   98907  5828861  58.92
2000-2009       23      0.00058  0.00058  0.50   98878      57   98850  5729955  57.95
2000-2009       24      0.00057  0.00057  0.50   98821      56   98793  5631105  56.98
2000-2009       25      0.00055  0.00055  0.50   98765      55   98738  5532312  56.01
2000-2009       26      0.00057  0.00057  0.50   98710      56   98682  5433574  55.05
2000-2009       27      0.00056  0.00056  0.50   98654      55   98627  5334892  54.08
2000-2009       28      0.00058  0.00058  0.50   98599      57   98571  5236265  53.11
2000-2009       29      0.00061  0.00061  0.50   98542      60   98512  5137694  52.14
2000-2009       30      0.00062  0.00062  0.50   98482      61   98451  5039182  51.17
2000-2009       31      0.00064  0.00064  0.50   98421      63   98390  4940731  50.20
2000-2009       32      0.00068  0.00068  0.50   98358      66   98325  4842341  49.23
2000-2009       33      0.00070  0.00070  0.50   98292      69   98257  4744016  48.26
2000-2009       34      0.00075  0.00075  0.50   98223      73   98186  4645759  47.30
2000-2009       35      0.00082  0.00082  0.50   98149      81   98109  4547573  46.33
2000-2009       36      0.00084  0.00084  0.50   98069      82   98028  4449464  45.37
2000-2009       37      0.00091  0.00091  0.50   97986      89   97942  4351436  44.41
2000-2009       38      0.00103  0.00103  0.50   97897     100   97847  4253494  43.45
2000-2009       39      0.00108  0.00108  0.50   97797     106   97744  4155647  42.49
2000-2009       40      0.00117  0.00117  0.50   97691     114   97634  4057904  41.54
2000-2009       41      0.00125  0.00125  0.50   97576     122   97515  3960270  40.59
2000-2009       42      0.00137  0.00137  0.50   97454     134   97387  3862755  39.64
2000-2009       43      0.00149  0.00149  0.50   97320     145   97248  3765368  38.69
2000-2009       44      0.00164  0.00164  0.50   97175     159   97096  3668120  37.75
2000-2009       45      0.00182  0.00182  0.50   97016     176   96928  3571024  36.81
2000-2009       46      0.00202  0.00202  0.50   96840     196   96742  3474096  35.87
2000-2009       47      0.00218  0.00218  0.50   96644     211   96539  3377354  34.95
2000-2009       48      0.00237  0.00236  0.50   96434     228   96320  3280815  34.02
2000-2009       49      0.00267  0.00267  0.50   96206     257   96077  3184495  33.10
2000-2009       50      0.00290  0.00290  0.50   95949     278   95810  3088418  32.19
2000-2009       51      0.00315  0.00315  0.50   95671     301   95520  2992608  31.28
2000-2009       52      0.00350  0.00350  0.50   95370     333   95203  2897088  30.38
2000-2009       53      0.00379  0.00378  0.50   95036     359   94856  2801885  29.48
2000-2009       54      0.00417  0.00416  0.50   94677     394   94480  2707028  28.59
2000-2009       55      0.00452  0.00451  0.50   94283     426   94070  2612549  27.71
2000-2009       56      0.00495  0.00494  0.50   93857     463   93626  2518478  26.83
2000-2009       57      0.00550  0.00549  0.50   93394     512   93138  2424853  25.96
2000-2009       58      0.00594  0.00592  0.50   92882     550   92607  2331715  25.10
2000-2009       59      0.00648  0.00646  0.50   92332     597   92033  2239108  24.25
2000-2009       60      0.00727  0.00724  0.50   91735     664   91403  2147075  23.41
2000-2009       61      0.00790  0.00787  0.50   91071     717   90712  2055672  22.57
2000-2009       62      0.00866  0.00863  0.50   90354     780   89964  1964960  21.75
2000-2009       63      0.00946  0.00941  0.50   89575     843   89153  1874995  20.93
2000-2009       64      0.01055  0.01050  0.50   88731     931   88266  1785842  20.13
2000-2009       65      0.01142  0.01136  0.50   87800     997   87302  1697576  19.33
2000-2009       66      0.01266  0.01258  0.50   86803    1092   86257  1610275  18.55
2000-2009       67      0.01392  0.01383  0.50   85711    1185   85119  1524018  17.78
2000-2009       68      0.01539  0.01527  0.50   84526    1291   83881  1438899  17.02
2000-2009       69      0.01676  0.01662  0.50   83235    1384   82543  1355018  16.28
2000-2009       70      0.01870  0.01853  0.50   81852    1517   81093  1272475  15.55
2000-2009       71      0.02013  0.01993  0.50   80335    1601   79534  1191382  14.83
2000-2009       72      0.02248  0.02223  0.50   78734    1750   77859  1111847  14.12
2000-2009       73      0.02470  0.02440  0.50   76984    1878   76045  1033988  13.43
2000-2009       74      0.02739  0.02702  0.50   75106    2030   74091   957943  12.75
2000-2009       75      0.03005  0.02961  0.50   73076    2164   71994   883853  12.09
2000-2009       76      0.03332  0.03277  0.50   70912    2324   69750   811858  11.45
2000-2009       77      0.03685  0.03619  0.50   68588    2482   67347   742108  10.82
2000-2009       78      0.04091  0.04009  0.50   66106    2650   64781   674761  10.21
2000-2009       79      0.04523  0.04423  0.50   63456    2806   62053   609980   9.61
2000-2009       80      0.05167  0.05037  0.50   60649    3055   59122   547927   9.03
2000-2009       81      0.05718  0.05559  0.50   57594    3202   55993   488805   8.49
2000-2009       82      0.06408  0.06209  0.50   54392    3377   52704   432812   7.96
2000-2009       83      0.07099  0.06855  0.50   51015    3497   49267   380108   7.45
2000-2009       84      0.07973  0.07667  0.50   47518    3643   45696   330842   6.96
2000-2009       85      0.08920  0.08540  0.50   43875    3747   42001   285145   6.50
2000-2009       86      0.09931  0.09461  0.50   40128    3797   38230   243144   6.06
2000-2009       87      0.11265  0.10664  0.50   36331    3874   34394   204915   5.64
2000-2009       88      0.12466  0.11735  0.50   32457    3809   30553   170521   5.25
2000-2009       89      0.13937  0.13029  0.50   28648    3733   26782   139968   4.89
2000-2009       90      0.15414  0.14311  0.50   24916    3566   23133   113186   4.54
2000-2009       91      0.17381  0.15992  0.50   21350    3414   19643    90053   4.22
2000-2009       92      0.19243  0.17554  0.50   17936    3149   16362    70411   3.93
2000-2009       93      0.21166  0.19141  0.50   14787    2830   13372    54049   3.66
2000-2009       94      0.23282  0.20854  0.50   11957    2494   10710    40677   3.40
2000-2009       95      0.25624  0.22714  0.50    9463    2150    8389    29967   3.17
2000-2009       96      0.28117  0.24651  0.50    7314    1803    6412    21578   2.95
2000-2009       97      0.30762  0.26661  0.50    5511    1469    4776    15166   2.75
2000-2009       98      0.33549  0.28730  0.50    4042    1161    3461    10390   2.57
2000-2009       99      0.36467  0.30843  0.50    2880     888    2436     6929   2.41
2000-2009      100      0.39499  0.32984  0.50    1992     657    1664     4492   2.26
2000-2009      101      0.42624  0.35136  0.50    1335     469    1100     2829   2.12
2000-2009      102      0.45821  0.37280  0.50     866     323     705     1728   2.00
2000-2009      103      0.49062  0.39398  0.50     543     214     436     1024   1.89
2000-2009      104      0.52322  0.41472  0.50     329     137     261      588   1.79
2000-2009      105      0.55571  0.43488  0.50     193      84     151      327   1.70
2000-2009      106      0.58783  0.45430  0.50     109      49      84      176   1.62
2000-2009      107      0.61929  0.47287  0.50      59      28      45       92   1.55
2000-2009      108      0.64985  0.49048  0.50      31      15      24       47   1.49
2000-2009      109      0.67929  0.50707  0.50      16       8      12       23   1.44
2000-2009      110+     0.70742  1.00000  1.41       8       8      11       11   1.41
2010-2019        0      0.00470  0.00468  0.14  100000     468   99597  8188576  81.89
2010-2019        1      0.00029  0.00029  0.50   99532      29   99517  8088979  81.27
2010-2019        2      0.00017  0.00017  0.50   99503      17   99494  7989462  80.29
2010-2019        3      0.00012  0.00012  0.50   99485      12   99479  7889968  79.31
2010-2019        4      0.00012  0.00012  0.50   99473      12   99467  7790488  78.32
2010-2019        5      0.00009  0.00009  0.50   99461       9   99457  7691021  77.33
2010-2019        6      0.00009  0.00009  0.50   99452       9   99448  7591565  76.33
2010-2019        7      0.00008  0.00008  0.50   99444       8   99440  7492117  75.34
2010-2019        8      0.00007  0.00007  0.50   99436       7   99432  7392677  74.35
2010-2019        9      0.00009  0.00009  0.50   99429       9   99424  7293245  73.35
2010-2019       10      0.00008  0.00008  0.50   99420       8   99416  7193820  72.36
2010-2019       11      0.00009  0.00009  0.50   99413       8   99408  7094404  71.36
2010-2019       12      0.00011  0.00011  0.50   99404      11   99399  6994996  70.37
2010-2019       13      0.00012  0.00012  0.50   99393      12   99387  6895597  69.38
2010-2019       14      0.00016  0.00016  0.50   99381      16   99373  6796210  68.39
2010-2019       15      0.00021  0.00021  0.50   99365      21   99354  6696837  67.40
2010-2019       16      0.00025  0.00025  0.50   99344      25   99331  6597482  66.41
2010-2019       17      0.00036  0.00036  0.50   99319      35   99301  6498151  65.43
2010-2019       18      0.00042  0.00042  0.50   99283      42   99263  6398850  64.45
2010-2019       19      0.00048  0.00048  0.50   99242      47   99218  6299587  63.48
2010-2019       20      0.00050  0.00050  0.50   99194      49   99170  6200369  62.51
2010-2019       21      0.00050  0.00050  0.50   99145      50   99120  6101200  61.54
2010-2019       22      0.00053  0.00053  0.50   99095      53   99069  6002080  60.57
2010-2019       23      0.00056  0.00056  0.50   99042      55   99015  5903011  59.60
2010-2019       24      0.00057  0.00057  0.50   98987      57   98959  5803997  58.63
2010-2019       25      0.00060  0.00060  0.50   98930      60   98901  5705038  57.67
2010-2019       26      0.00060  0.00060  0.50   98871      59   98841  5606137  56.70
2010-2019       27      0.00063  0.00063  0.50   98812      62   98781  5507296  55.74
2010-2019       28      0.00060  0.00059  0.50   98750      59   98720  5408515  54.77
2010-2019       29      0.00065  0.00065  0.50   98691      64   98659  5309795  53.80
2010-2019       30      0.00066  0.00066  0.50   98626      65   98594  5211137  52.84
2010-2019       31      0.00067  0.00067  0.50   98561      66   98528  5112543  51.87
2010-2019       32      0.00070  0.00070  0.50   98495      69   98461  5014015  50.91
2010-2019       33      0.00074  0.00074  0.50   98426      73   98390  4915554  49.94
2010-2019       34      0.00076  0.00076  0.50   98353      75   98316  4817165  48.98
2010-2019       35      0.00080  0.00080  0.50   98279      79   98239  4718849  48.01
2010-2019       36      0.00082  0.00082  0.50   98200      81   98160  4620610  47.05
2010-2019       37      0.00085  0.00085  0.50   98119      84   98078  4522450  46.09
2010-2019       38      0.00090  0.00090  0.50   98036      88   97992  4424372  45.13
2010-2019       39      0.00096  0.00096  0.50   97948      94   97901  4326381  44.17
2010-2019       40      0.00103  0.00103  0.50   97854     101   97803  4228480  43.21
2010-2019       41      0.00110  0.00110  0.50   97753     107   97699  4130677  42.26
2010-2019       42      0.00121  0.00121  0.50   97646     118   97587  4032977  41.30
2010-2019       43      0.00127  0.00127  0.50   97527     124   97465  3935391  40.35
2010-2019       44      0.00145  0.00145  0.50   97404     141   97333  3837925  39.40
2010-2019       45      0.00156  0.00155  0.50   97262     151   97187  3740592  38.46
2010-2019       46      0.00169  0.00169  0.50   97111     164   97029  3643406  37.52
2010-2019       47      0.00186  0.00186  0.50   96947     181   96857  3546376  36.58
2010-2019       48      0.00204  0.00204  0.50   96767     197   96668  3449520  35.65
2010-2019       49      0.00221  0.00221  0.50   96569     213   96463  3352852  34.72
2010-2019       50      0.00248  0.00248  0.50   96356     239   96237  3256389  33.80
2010-2019       51      0.00269  0.00269  0.50   96118     258   95989  3160152  32.88
2010-2019       52      0.00296  0.00295  0.50   95860     283   95718  3064163  31.97
2010-2019       53      0.00326  0.00326  0.50   95576     312   95421  2968445  31.06
2010-2019       54      0.00359  0.00359  0.50   95265     342   95094  2873025  30.16
2010-2019       55      0.00394  0.00393  0.50   94923     374   94737  2777930  29.27
2010-2019       56      0.00431  0.00430  0.50   94550     406   94347  2683194  28.38
2010-2019       57      0.00473  0.00472  0.50   94143     445   93921  2588847  27.50
2010-2019       58      0.00520  0.00518  0.50   93699     486   93456  2494926  26.63
2010-2019       59      0.00561  0.00559  0.50   93213     521   92953  2401470  25.76
2010-2019       60      0.00616  0.00614  0.50   92692     569   92408  2308518  24.91
2010-2019       61      0.00681  0.00679  0.50   92123     625   91810  2216110  24.06
2010-2019       62      0.00732  0.00729  0.50   91498     667   91164  2124299  23.22
2010-2019       63      0.00794  0.00791  0.50   90831     719   90471  2033135  22.38
2010-2019       64      0.00873  0.00869  0.50   90112     783   89720  1942664  21.56
2010-2019       65      0.00954  0.00950  0.50   89329     848   88905  1852943  20.74
2010-2019       66      0.01042  0.01037  0.50   88480     917   88022  1764039  19.94
2010-2019       67      0.01130  0.01124  0.50   87563     984   87071  1676017  19.14
2010-2019       68      0.01229  0.01222  0.50   86579    1058   86050  1588946  18.35
2010-2019       69      0.01367  0.01357  0.50   85521    1161   84941  1502896  17.57
2010-2019       70      0.01495  0.01484  0.50   84361    1252   83734  1417955  16.81
2010-2019       71      0.01644  0.01631  0.50   83108    1355   82431  1334220  16.05
2010-2019       72      0.01825  0.01808  0.50   81753    1478   81014  1251789  15.31
2010-2019       73      0.02006  0.01986  0.50   80275    1594   79478  1170775  14.58
2010-2019       74      0.02199  0.02175  0.50   78681    1712   77825  1091298  13.87
2010-2019       75      0.02413  0.02384  0.50   76969    1835   76052  1013473  13.17
2010-2019       76      0.02689  0.02653  0.50   75134    1993   74137   937421  12.48
2010-2019       77      0.02977  0.02934  0.50   73141    2146   72068   863283  11.80
2010-2019       78      0.03305  0.03251  0.50   70995    2308   69841   791216  11.14
2010-2019       79      0.03729  0.03661  0.50   68687    2514   67429   721375  10.50
2010-2019       80      0.04203  0.04117  0.50   66172    2724   64810   653945   9.88
2010-2019       81      0.04601  0.04498  0.50   63448    2854   62021   589135   9.29
2010-2019       82      0.05280  0.05144  0.50   60594    3117   59036   527114   8.70
2010-2019       83      0.05930  0.05759  0.50   57477    3310   55822   468078   8.14
2010-2019       84      0.06666  0.06451  0.50   54167    3494   52420   412255   7.61
2010-2019       85      0.07476  0.07207  0.50   50673    3652   48847   359835   7.10
2010-2019       86      0.08417  0.08077  0.50   47021    3798   45122   310988   6.61
2010-2019       87      0.09495  0.09065  0.50   43223    3918   41264   265866   6.15
2010-2019       88      0.10752  0.10203  0.50   39305    4010   37300   224602   5.71
2010-2019       89      0.11952  0.11278  0.50   35295    3981   33304   187302   5.31
2010-2019       90      0.13568  0.12706  0.50   31314    3979   29325   153998   4.92
2010-2019       91      0.15280  0.14196  0.50   27335    3880   25395   124674   4.56
2010-2019       92      0.17021  0.15686  0.50   23455    3679   21615    99279   4.23
2010-2019       93      0.18973  0.17329  0.50   19776    3427   18062    77664   3.93
2010-2019       94      0.21082  0.19072  0.50   16349    3118   14790    59601   3.65
2010-2019       95      0.23235  0.20816  0.50   13231    2754   11854    44812   3.39
2010-2019       96      0.25663  0.22744  0.50   10477    2383    9285    32958   3.15
2010-2019       97      0.28258  0.24760  0.50    8094    2004    7092    23673   2.92
2010-2019       98      0.31014  0.26850  0.50    6090    1635    5272    16581   2.72
2010-2019       99      0.33920  0.29001  0.50    4455    1292    3809    11309   2.54
2010-2019      100      0.36962  0.31197  0.50    3163     987    2669     7500   2.37
2010-2019      101      0.40123  0.33419  0.50    2176     727    1812     4831   2.22
2010-2019      102      0.43378  0.35647  0.50    1449     516    1191     3018   2.08
2010-2019      103      0.46703  0.37862  0.50     932     353     756     1828   1.96
2010-2019      104      0.50069  0.40044  0.50     579     232     463     1072   1.85
2010-2019      105      0.53444  0.42174  0.50     347     146     274      608   1.75
2010-2019      106      0.56799  0.44236  0.50     201      89     156      334   1.66
2010-2019      107      0.60101  0.46214  0.50     112      52      86      178   1.59
2010-2019      108      0.63323  0.48095  0.50      60      29      46       92   1.52
2010-2019      109      0.66438  0.49871  0.50      31      16      23       46   1.47
2010-2019      110+     0.69422  1.00000  1.44      16      16      23       23   1.44
