Czechia, Life tables (period 1x10), Total	Last modified: 23 May 2021;  Methods Protocol: v6 (2017)

  Year          Age         mx       qx    ax      lx      dx      Lx       Tx     ex
1950-1959        0      0.03723  0.03611  0.17  100000    3611   96995  6784048  67.84
1950-1959        1      0.00318  0.00318  0.50   96389     306   96236  6687053  69.38
1950-1959        2      0.00166  0.00166  0.50   96082     159   96003  6590817  68.60
1950-1959        3      0.00114  0.00114  0.50   95923     109   95869  6494814  67.71
1950-1959        4      0.00086  0.00086  0.50   95814      82   95773  6398946  66.79
1950-1959        5      0.00067  0.00067  0.50   95732      64   95700  6303173  65.84
1950-1959        6      0.00063  0.00063  0.50   95668      60   95638  6207473  64.89
1950-1959        7      0.00058  0.00058  0.50   95608      56   95580  6111835  63.93
1950-1959        8      0.00051  0.00051  0.50   95552      48   95528  6016255  62.96
1950-1959        9      0.00048  0.00048  0.50   95504      46   95481  5920727  61.99
1950-1959       10      0.00049  0.00049  0.50   95458      47   95435  5825246  61.02
1950-1959       11      0.00049  0.00049  0.50   95412      47   95388  5729811  60.05
1950-1959       12      0.00050  0.00050  0.50   95365      48   95341  5634423  59.08
1950-1959       13      0.00054  0.00054  0.50   95317      51   95291  5539082  58.11
1950-1959       14      0.00061  0.00061  0.50   95265      58   95236  5443791  57.14
1950-1959       15      0.00068  0.00068  0.50   95208      65   95175  5348555  56.18
1950-1959       16      0.00082  0.00082  0.50   95142      78   95104  5253380  55.22
1950-1959       17      0.00101  0.00101  0.50   95065      96   95017  5158276  54.26
1950-1959       18      0.00125  0.00125  0.50   94969     118   94909  5063259  53.32
1950-1959       19      0.00130  0.00130  0.50   94850     123   94789  4968350  52.38
1950-1959       20      0.00128  0.00128  0.50   94727     121   94667  4873561  51.45
1950-1959       21      0.00138  0.00138  0.50   94606     131   94541  4778895  50.51
1950-1959       22      0.00140  0.00140  0.50   94476     132   94410  4684354  49.58
1950-1959       23      0.00147  0.00147  0.50   94344     139   94274  4589944  48.65
1950-1959       24      0.00139  0.00139  0.50   94205     131   94139  4495670  47.72
1950-1959       25      0.00148  0.00148  0.50   94074     139   94005  4401530  46.79
1950-1959       26      0.00147  0.00147  0.50   93935     138   93866  4307526  45.86
1950-1959       27      0.00145  0.00145  0.50   93797     136   93729  4213660  44.92
1950-1959       28      0.00145  0.00145  0.50   93661     136   93593  4119931  43.99
1950-1959       29      0.00150  0.00150  0.50   93525     140   93455  4026338  43.05
1950-1959       30      0.00159  0.00159  0.50   93385     149   93311  3932883  42.11
1950-1959       31      0.00162  0.00162  0.50   93236     151   93161  3839572  41.18
1950-1959       32      0.00166  0.00166  0.50   93086     154   93009  3746411  40.25
1950-1959       33      0.00177  0.00176  0.50   92932     164   92850  3653402  39.31
1950-1959       34      0.00187  0.00187  0.50   92768     173   92681  3560553  38.38
1950-1959       35      0.00206  0.00205  0.50   92594     190   92499  3467872  37.45
1950-1959       36      0.00207  0.00207  0.50   92404     191   92309  3375373  36.53
1950-1959       37      0.00223  0.00222  0.50   92213     205   92111  3283064  35.60
1950-1959       38      0.00233  0.00233  0.50   92008     214   91901  3190954  34.68
1950-1959       39      0.00260  0.00260  0.50   91794     238   91675  3099053  33.76
1950-1959       40      0.00283  0.00283  0.50   91555     259   91426  3007378  32.85
1950-1959       41      0.00301  0.00301  0.50   91296     274   91159  2915952  31.94
1950-1959       42      0.00326  0.00325  0.50   91022     296   90874  2824793  31.03
1950-1959       43      0.00353  0.00352  0.50   90726     320   90566  2733919  30.13
1950-1959       44      0.00378  0.00377  0.50   90406     341   90236  2643353  29.24
1950-1959       45      0.00422  0.00421  0.50   90066     380   89876  2553117  28.35
1950-1959       46      0.00449  0.00448  0.50   89686     402   89485  2463241  27.47
1950-1959       47      0.00499  0.00498  0.50   89284     445   89062  2373756  26.59
1950-1959       48      0.00549  0.00548  0.50   88840     487   88596  2284694  25.72
1950-1959       49      0.00630  0.00628  0.50   88353     555   88076  2196098  24.86
1950-1959       50      0.00697  0.00695  0.50   87798     610   87493  2108022  24.01
1950-1959       51      0.00762  0.00759  0.50   87188     662   86857  2020529  23.17
1950-1959       52      0.00847  0.00843  0.50   86527     729   86162  1933671  22.35
1950-1959       53      0.00939  0.00934  0.50   85797     802   85396  1847510  21.53
1950-1959       54      0.01040  0.01035  0.50   84995     879   84556  1762113  20.73
1950-1959       55      0.01134  0.01127  0.50   84116     948   83642  1677558  19.94
1950-1959       56      0.01259  0.01251  0.50   83168    1040   82648  1593916  19.17
1950-1959       57      0.01363  0.01354  0.50   82128    1112   81572  1511268  18.40
1950-1959       58      0.01499  0.01488  0.50   81016    1205   80414  1429696  17.65
1950-1959       59      0.01648  0.01635  0.50   79811    1305   79159  1349282  16.91
1950-1959       60      0.01832  0.01815  0.50   78506    1425   77794  1270123  16.18
1950-1959       61      0.01998  0.01978  0.50   77081    1525   76319  1192330  15.47
1950-1959       62      0.02179  0.02156  0.50   75556    1629   74742  1116011  14.77
1950-1959       63      0.02364  0.02336  0.50   73927    1727   73064  1041269  14.09
1950-1959       64      0.02632  0.02598  0.50   72200    1876   71262   968206  13.41
1950-1959       65      0.02935  0.02892  0.50   70324    2034   69307   896943  12.75
1950-1959       66      0.03190  0.03140  0.50   68290    2144   67218   827636  12.12
1950-1959       67      0.03555  0.03493  0.50   66146    2310   64991   760418  11.50
1950-1959       68      0.03936  0.03860  0.50   63836    2464   62604   695427  10.89
1950-1959       69      0.04333  0.04241  0.50   61372    2603   60071   632824  10.31
1950-1959       70      0.04807  0.04694  0.50   58769    2759   57390   572753   9.75
1950-1959       71      0.05304  0.05167  0.50   56010    2894   54563   515363   9.20
1950-1959       72      0.05894  0.05725  0.50   53116    3041   51596   460800   8.68
1950-1959       73      0.06476  0.06273  0.50   50075    3141   48505   409204   8.17
1950-1959       74      0.07181  0.06932  0.50   46934    3253   45308   360700   7.69
1950-1959       75      0.07880  0.07581  0.50   43681    3312   42025   315392   7.22
1950-1959       76      0.08766  0.08398  0.50   40369    3390   38674   273367   6.77
1950-1959       77      0.09614  0.09173  0.50   36979    3392   35283   234693   6.35
1950-1959       78      0.10766  0.10216  0.50   33587    3431   31871   199410   5.94
1950-1959       79      0.11928  0.11257  0.50   30156    3395   28458   167538   5.56
1950-1959       80      0.13231  0.12410  0.50   26761    3321   25101   139080   5.20
1950-1959       81      0.14400  0.13433  0.50   23440    3149   21866   113980   4.86
1950-1959       82      0.15921  0.14747  0.50   20291    2992   18795    92114   4.54
1950-1959       83      0.17730  0.16286  0.50   17299    2817   15890    73319   4.24
1950-1959       84      0.19408  0.17691  0.50   14482    2562   13201    57428   3.97
1950-1959       85      0.21060  0.19053  0.50   11920    2271   10784    44228   3.71
1950-1959       86      0.23295  0.20865  0.50    9649    2013    8642    33444   3.47
1950-1959       87      0.25099  0.22301  0.50    7635    1703    6784    24802   3.25
1950-1959       88      0.27473  0.24155  0.50    5933    1433    5216    18018   3.04
1950-1959       89      0.30477  0.26447  0.50    4500    1190    3905    12802   2.85
1950-1959       90      0.31734  0.27388  0.50    3310     906    2856     8897   2.69
1950-1959       91      0.35205  0.29935  0.50    2403     719    2043     6041   2.51
1950-1959       92      0.37347  0.31470  0.50    1684     530    1419     3997   2.37
1950-1959       93      0.40970  0.34004  0.50    1154     392     958     2578   2.23
1950-1959       94      0.42743  0.35217  0.50     762     268     627     1621   2.13
1950-1959       95      0.45831  0.37287  0.50     493     184     401      993   2.01
1950-1959       96      0.48676  0.39148  0.50     309     121     249      592   1.91
1950-1959       97      0.51529  0.40973  0.50     188      77     150      343   1.82
1950-1959       98      0.54372  0.42750  0.50     111      48      87      193   1.74
1950-1959       99      0.57187  0.44471  0.50      64      28      49      106   1.66
1950-1959      100      0.59955  0.46127  0.50      35      16      27       56   1.60
1950-1959      101      0.62662  0.47713  0.50      19       9      14       29   1.54
1950-1959      102      0.65293  0.49223  0.50      10       5       8       15   1.48
1950-1959      103      0.67834  0.50654  0.50       5       3       4        7   1.43
1950-1959      104      0.70275  0.52002  0.50       2       1       2        3   1.39
1950-1959      105      0.72606  0.53268  0.50       1       1       1        2   1.35
1950-1959      106      0.74821  0.54451  0.50       1       0       0        1   1.31
1950-1959      107      0.76915  0.55552  0.50       0       0       0        0   1.28
1950-1959      108      0.78886  0.56572  0.50       0       0       0        0   1.25
1950-1959      109      0.80731  0.57515  0.50       0       0       0        0   1.23
1950-1959      110+     0.82453  1.00000  1.21       0       0       0        0   1.21
1960-1969        0      0.02140  0.02100  0.11  100000    2100   98135  7021241  70.21
1960-1969        1      0.00155  0.00154  0.50   97900     151   97824  6923106  70.72
1960-1969        2      0.00091  0.00091  0.50   97749      89   97704  6825281  69.82
1960-1969        3      0.00071  0.00071  0.50   97660      69   97625  6727577  68.89
1960-1969        4      0.00059  0.00059  0.50   97591      58   97562  6629952  67.94
1960-1969        5      0.00050  0.00050  0.50   97533      49   97508  6532390  66.98
1960-1969        6      0.00048  0.00048  0.50   97484      47   97460  6434882  66.01
1960-1969        7      0.00046  0.00046  0.50   97437      45   97415  6337421  65.04
1960-1969        8      0.00041  0.00041  0.50   97392      40   97372  6240007  64.07
1960-1969        9      0.00038  0.00038  0.50   97352      37   97334  6142634  63.10
1960-1969       10      0.00036  0.00036  0.50   97316      35   97298  6045300  62.12
1960-1969       11      0.00034  0.00034  0.50   97281      33   97264  5948002  61.14
1960-1969       12      0.00035  0.00035  0.50   97248      34   97231  5850738  60.16
1960-1969       13      0.00038  0.00038  0.50   97213      37   97195  5753507  59.18
1960-1969       14      0.00044  0.00044  0.50   97177      42   97155  5656312  58.21
1960-1969       15      0.00052  0.00052  0.50   97134      50   97109  5559156  57.23
1960-1969       16      0.00066  0.00066  0.50   97084      64   97052  5462047  56.26
1960-1969       17      0.00092  0.00092  0.50   97020      89   96975  5364996  55.30
1960-1969       18      0.00113  0.00113  0.50   96931     109   96876  5268020  54.35
1960-1969       19      0.00107  0.00106  0.50   96821     103   96770  5171144  53.41
1960-1969       20      0.00111  0.00111  0.50   96718     107   96665  5074374  52.47
1960-1969       21      0.00118  0.00117  0.50   96611     114   96555  4977709  51.52
1960-1969       22      0.00118  0.00118  0.50   96498     114   96441  4881155  50.58
1960-1969       23      0.00118  0.00118  0.50   96384     113   96327  4784714  49.64
1960-1969       24      0.00115  0.00115  0.50   96270     111   96215  4688386  48.70
1960-1969       25      0.00114  0.00114  0.50   96159     110   96105  4592171  47.76
1960-1969       26      0.00115  0.00115  0.50   96050     110   95995  4496067  46.81
1960-1969       27      0.00113  0.00113  0.50   95940     108   95885  4400072  45.86
1960-1969       28      0.00115  0.00115  0.50   95831     110   95776  4304187  44.91
1960-1969       29      0.00124  0.00124  0.50   95722     118   95662  4208410  43.97
1960-1969       30      0.00125  0.00125  0.50   95603     120   95543  4112748  43.02
1960-1969       31      0.00124  0.00124  0.50   95483     119   95424  4017205  42.07
1960-1969       32      0.00143  0.00143  0.50   95365     136   95297  3921780  41.12
1960-1969       33      0.00149  0.00149  0.50   95229     142   95158  3826484  40.18
1960-1969       34      0.00155  0.00154  0.50   95087     147   95014  3731326  39.24
1960-1969       35      0.00158  0.00158  0.50   94940     150   94865  3636312  38.30
1960-1969       36      0.00175  0.00175  0.50   94791     166   94708  3541446  37.36
1960-1969       37      0.00189  0.00189  0.50   94625     179   94535  3446739  36.43
1960-1969       38      0.00199  0.00199  0.50   94446     188   94352  3352203  35.49
1960-1969       39      0.00221  0.00221  0.50   94258     208   94154  3257852  34.56
1960-1969       40      0.00242  0.00242  0.50   94050     227   93936  3163698  33.64
1960-1969       41      0.00261  0.00261  0.50   93822     245   93700  3069762  32.72
1960-1969       42      0.00279  0.00278  0.50   93577     260   93447  2976062  31.80
1960-1969       43      0.00312  0.00312  0.50   93317     291   93172  2882615  30.89
1960-1969       44      0.00354  0.00354  0.50   93026     329   92862  2789443  29.99
1960-1969       45      0.00382  0.00381  0.50   92697     354   92520  2696582  29.09
1960-1969       46      0.00414  0.00413  0.50   92343     382   92153  2604061  28.20
1960-1969       47      0.00436  0.00435  0.50   91962     400   91762  2511909  27.31
1960-1969       48      0.00494  0.00493  0.50   91562     451   91336  2420147  26.43
1960-1969       49      0.00530  0.00529  0.50   91111     482   90870  2328811  25.56
1960-1969       50      0.00588  0.00587  0.50   90629     532   90363  2237941  24.69
1960-1969       51      0.00659  0.00657  0.50   90097     592   89801  2147578  23.84
1960-1969       52      0.00723  0.00720  0.50   89505     645   89183  2057777  22.99
1960-1969       53      0.00814  0.00810  0.50   88861     720   88501  1968594  22.15
1960-1969       54      0.00891  0.00887  0.50   88140     782   87750  1880093  21.33
1960-1969       55      0.00993  0.00988  0.50   87359     863   86927  1792344  20.52
1960-1969       56      0.01098  0.01092  0.50   86496     945   86024  1705416  19.72
1960-1969       57      0.01225  0.01218  0.50   85551    1042   85030  1619392  18.93
1960-1969       58      0.01371  0.01361  0.50   84509    1150   83934  1534362  18.16
1960-1969       59      0.01540  0.01528  0.50   83359    1274   82722  1450428  17.40
1960-1969       60      0.01714  0.01700  0.50   82085    1395   81388  1367706  16.66
1960-1969       61      0.01903  0.01885  0.50   80690    1521   79930  1286318  15.94
1960-1969       62      0.02067  0.02046  0.50   79169    1620   78359  1206388  15.24
1960-1969       63      0.02321  0.02294  0.50   77549    1779   76660  1128029  14.55
1960-1969       64      0.02533  0.02501  0.50   75770    1895   74823  1051369  13.88
1960-1969       65      0.02789  0.02751  0.50   73875    2032   72859   976546  13.22
1960-1969       66      0.03096  0.03049  0.50   71843    2191   70748   903687  12.58
1960-1969       67      0.03408  0.03351  0.50   69652    2334   68485   832939  11.96
1960-1969       68      0.03735  0.03666  0.50   67319    2468   66084   764454  11.36
1960-1969       69      0.04089  0.04007  0.50   64850    2599   63551   698370  10.77
1960-1969       70      0.04490  0.04392  0.50   62252    2734   60885   634819  10.20
1960-1969       71      0.04956  0.04836  0.50   59518    2878   58079   573934   9.64
1960-1969       72      0.05498  0.05351  0.50   56639    3031   55124   515855   9.11
1960-1969       73      0.06011  0.05836  0.50   53609    3128   52045   460731   8.59
1960-1969       74      0.06639  0.06425  0.50   50480    3244   48859   408687   8.10
1960-1969       75      0.07324  0.07066  0.50   47237    3338   45568   359828   7.62
1960-1969       76      0.07986  0.07680  0.50   43899    3371   42214   314260   7.16
1960-1969       77      0.08980  0.08595  0.50   40528    3483   38786   272047   6.71
1960-1969       78      0.09719  0.09268  0.50   37045    3433   35328   233260   6.30
1960-1969       79      0.10871  0.10311  0.50   33611    3466   31879   197932   5.89
1960-1969       80      0.12114  0.11422  0.50   30146    3443   28424   166054   5.51
1960-1969       81      0.13397  0.12556  0.50   26703    3353   25026   137629   5.15
1960-1969       82      0.14789  0.13771  0.50   23350    3215   21742   112603   4.82
1960-1969       83      0.16299  0.15071  0.50   20134    3034   18617    90861   4.51
1960-1969       84      0.17819  0.16361  0.50   17100    2798   15701    72244   4.22
1960-1969       85      0.19588  0.17841  0.50   14302    2552   13026    56543   3.95
1960-1969       86      0.21285  0.19238  0.50   11751    2261   10620    43517   3.70
1960-1969       87      0.23286  0.20857  0.50    9490    1979    8500    32896   3.47
1960-1969       88      0.25532  0.22642  0.50    7511    1701    6660    24396   3.25
1960-1969       89      0.27563  0.24224  0.50    5810    1407    5106    17736   3.05
1960-1969       90      0.29703  0.25862  0.50    4403    1139    3833    12629   2.87
1960-1969       91      0.31946  0.27546  0.50    3264     899    2814     8796   2.69
1960-1969       92      0.35044  0.29819  0.50    2365     705    2012     5981   2.53
1960-1969       93      0.37207  0.31371  0.50    1660     521    1399     3969   2.39
1960-1969       94      0.39902  0.33265  0.50    1139     379     950     2570   2.26
1960-1969       95      0.42856  0.35294  0.50     760     268     626     1620   2.13
1960-1969       96      0.45646  0.37164  0.50     492     183     400      994   2.02
1960-1969       97      0.48466  0.39012  0.50     309     121     249      594   1.92
1960-1969       98      0.51298  0.40827  0.50     188      77     150      345   1.83
1960-1969       99      0.54125  0.42597  0.50     112      48      88      195   1.75
1960-1969      100      0.56929  0.44315  0.50      64      28      50      107   1.67
1960-1969      101      0.59692  0.45971  0.50      36      16      27       57   1.60
1960-1969      102      0.62398  0.47560  0.50      19       9      15       30   1.54
1960-1969      103      0.65032  0.49075  0.50      10       5       8       15   1.49
1960-1969      104      0.67580  0.50512  0.50       5       3       4        7   1.44
1960-1969      105      0.70031  0.51869  0.50       3       1       2        4   1.39
1960-1969      106      0.72375  0.53143  0.50       1       1       1        2   1.35
1960-1969      107      0.74605  0.54336  0.50       1       0       0        1   1.31
1960-1969      108      0.76715  0.55447  0.50       0       0       0        0   1.28
1960-1969      109      0.78702  0.56478  0.50       0       0       0        0   1.26
1960-1969      110+     0.80565  1.00000  1.24       0       0       0        0   1.24
1970-1979        0      0.01929  0.01897  0.11  100000    1897   98311  7029835  70.30
1970-1979        1      0.00093  0.00093  0.50   98103      91   98058  6931524  70.66
1970-1979        2      0.00062  0.00062  0.50   98012      60   97982  6833467  69.72
1970-1979        3      0.00052  0.00052  0.50   97951      51   97926  6735485  68.76
1970-1979        4      0.00049  0.00049  0.50   97901      48   97877  6637559  67.80
1970-1979        5      0.00044  0.00044  0.50   97853      43   97831  6539682  66.83
1970-1979        6      0.00040  0.00040  0.50   97810      39   97790  6441851  65.86
1970-1979        7      0.00040  0.00040  0.50   97771      39   97751  6344060  64.89
1970-1979        8      0.00035  0.00035  0.50   97732      34   97715  6246309  63.91
1970-1979        9      0.00030  0.00030  0.50   97698      30   97683  6148594  62.93
1970-1979       10      0.00032  0.00032  0.50   97668      31   97653  6050911  61.95
1970-1979       11      0.00032  0.00032  0.50   97637      32   97622  5953258  60.97
1970-1979       12      0.00029  0.00029  0.50   97606      29   97592  5855636  59.99
1970-1979       13      0.00032  0.00032  0.50   97577      31   97562  5758045  59.01
1970-1979       14      0.00041  0.00041  0.50   97546      40   97526  5660483  58.03
1970-1979       15      0.00046  0.00046  0.50   97506      45   97483  5562957  57.05
1970-1979       16      0.00063  0.00063  0.50   97461      61   97430  5465474  56.08
1970-1979       17      0.00082  0.00082  0.50   97399      80   97360  5368043  55.11
1970-1979       18      0.00094  0.00094  0.50   97320      91   97274  5270684  54.16
1970-1979       19      0.00093  0.00093  0.50   97229      91   97183  5173409  53.21
1970-1979       20      0.00093  0.00093  0.50   97138      91   97093  5076226  52.26
1970-1979       21      0.00102  0.00102  0.50   97047      99   96998  4979133  51.31
1970-1979       22      0.00097  0.00097  0.50   96948      94   96901  4882135  50.36
1970-1979       23      0.00096  0.00096  0.50   96854      93   96808  4785234  49.41
1970-1979       24      0.00099  0.00099  0.50   96761      95   96713  4688426  48.45
1970-1979       25      0.00102  0.00102  0.50   96666      98   96617  4591713  47.50
1970-1979       26      0.00098  0.00098  0.50   96567      95   96520  4495097  46.55
1970-1979       27      0.00104  0.00103  0.50   96472     100   96422  4398577  45.59
1970-1979       28      0.00101  0.00101  0.50   96372      98   96324  4302154  44.64
1970-1979       29      0.00108  0.00108  0.50   96275     104   96223  4205831  43.69
1970-1979       30      0.00112  0.00111  0.50   96171     107   96118  4109608  42.73
1970-1979       31      0.00120  0.00120  0.50   96064     115   96007  4013490  41.78
1970-1979       32      0.00127  0.00126  0.50   95949     121   95888  3917483  40.83
1970-1979       33      0.00136  0.00136  0.50   95828     130   95763  3821595  39.88
1970-1979       34      0.00143  0.00143  0.50   95698     137   95629  3725832  38.93
1970-1979       35      0.00156  0.00156  0.50   95560     149   95486  3630203  37.99
1970-1979       36      0.00169  0.00169  0.50   95411     161   95331  3534718  37.05
1970-1979       37      0.00192  0.00192  0.50   95250     183   95159  3439387  36.11
1970-1979       38      0.00209  0.00209  0.50   95068     198   94969  3344228  35.18
1970-1979       39      0.00219  0.00219  0.50   94869     208   94766  3249259  34.25
1970-1979       40      0.00243  0.00242  0.50   94662     229   94547  3154493  33.32
1970-1979       41      0.00275  0.00274  0.50   94432     259   94303  3059946  32.40
1970-1979       42      0.00306  0.00305  0.50   94173     287   94030  2965643  31.49
1970-1979       43      0.00340  0.00339  0.50   93886     318   93727  2871614  30.59
1970-1979       44      0.00361  0.00360  0.50   93567     337   93399  2777887  29.69
1970-1979       45      0.00399  0.00398  0.50   93231     371   93045  2684488  28.79
1970-1979       46      0.00449  0.00448  0.50   92859     416   92651  2591443  27.91
1970-1979       47      0.00499  0.00498  0.50   92444     460   92214  2498792  27.03
1970-1979       48      0.00548  0.00546  0.50   91983     502   91732  2406578  26.16
1970-1979       49      0.00594  0.00593  0.50   91481     542   91210  2314846  25.30
1970-1979       50      0.00687  0.00684  0.50   90939     622   90628  2223636  24.45
1970-1979       51      0.00744  0.00741  0.50   90317     669   89982  2133008  23.62
1970-1979       52      0.00801  0.00798  0.50   89647     715   89290  2043026  22.79
1970-1979       53      0.00892  0.00888  0.50   88932     790   88537  1953736  21.97
1970-1979       54      0.00975  0.00970  0.50   88142     855   87715  1865199  21.16
1970-1979       55      0.01081  0.01075  0.50   87287     938   86818  1777485  20.36
1970-1979       56      0.01177  0.01170  0.50   86349    1010   85844  1690667  19.58
1970-1979       57      0.01284  0.01276  0.50   85339    1089   84794  1604823  18.81
1970-1979       58      0.01423  0.01413  0.50   84250    1190   83655  1520029  18.04
1970-1979       59      0.01544  0.01532  0.50   83060    1272   82424  1436374  17.29
1970-1979       60      0.01704  0.01690  0.50   81788    1382   81097  1353950  16.55
1970-1979       61      0.01918  0.01900  0.50   80406    1528   79642  1272853  15.83
1970-1979       62      0.02068  0.02046  0.50   78878    1614   78071  1193211  15.13
1970-1979       63      0.02294  0.02268  0.50   77264    1752   76388  1115140  14.43
1970-1979       64      0.02547  0.02515  0.50   75512    1899   74562  1038752  13.76
1970-1979       65      0.02818  0.02779  0.50   73612    2045   72590   964190  13.10
1970-1979       66      0.03117  0.03069  0.50   71567    2197   70469   891601  12.46
1970-1979       67      0.03423  0.03366  0.50   69370    2335   68203   821132  11.84
1970-1979       68      0.03797  0.03726  0.50   67036    2498   65787   752929  11.23
1970-1979       69      0.04224  0.04137  0.50   64538    2670   63203   687142  10.65
1970-1979       70      0.04675  0.04568  0.50   61868    2826   60455   623939  10.08
1970-1979       71      0.05125  0.04997  0.50   59042    2950   57567   563484   9.54
1970-1979       72      0.05618  0.05464  0.50   56092    3065   54559   505917   9.02
1970-1979       73      0.06195  0.06009  0.50   53027    3186   51434   451358   8.51
1970-1979       74      0.06834  0.06608  0.50   49840    3294   48194   399924   8.02
1970-1979       75      0.07540  0.07266  0.50   46547    3382   44856   351731   7.56
1970-1979       76      0.08204  0.07881  0.50   43165    3402   41464   306875   7.11
1970-1979       77      0.09117  0.08720  0.50   39763    3467   38030   265411   6.67
1970-1979       78      0.10019  0.09541  0.50   36296    3463   34564   227381   6.26
1970-1979       79      0.11158  0.10569  0.50   32833    3470   31098   192817   5.87
1970-1979       80      0.12222  0.11518  0.50   29363    3382   27672   161719   5.51
1970-1979       81      0.13340  0.12506  0.50   25981    3249   24356   134047   5.16
1970-1979       82      0.14832  0.13808  0.50   22732    3139   21162   109691   4.83
1970-1979       83      0.16073  0.14877  0.50   19593    2915   18135    88528   4.52
1970-1979       84      0.18015  0.16527  0.50   16678    2756   15300    70393   4.22
1970-1979       85      0.19384  0.17671  0.50   13922    2460   12692    55093   3.96
1970-1979       86      0.21189  0.19160  0.50   11462    2196   10364    42402   3.70
1970-1979       87      0.23717  0.21203  0.50    9266    1965    8283    32038   3.46
1970-1979       88      0.25180  0.22364  0.50    7301    1633    6485    23755   3.25
1970-1979       89      0.27438  0.24128  0.50    5668    1368    4984    17270   3.05
1970-1979       90      0.29426  0.25652  0.50    4301    1103    3749    12286   2.86
1970-1979       91      0.32392  0.27877  0.50    3197     891    2752     8537   2.67
1970-1979       92      0.35699  0.30292  0.50    2306     699    1957     5785   2.51
1970-1979       93      0.37907  0.31867  0.50    1608     512    1351     3828   2.38
1970-1979       94      0.39793  0.33189  0.50    1095     364     913     2477   2.26
1970-1979       95      0.42714  0.35197  0.50     732     258     603     1563   2.14
1970-1979       96      0.45512  0.37075  0.50     474     176     386      960   2.03
1970-1979       97      0.48343  0.38932  0.50     298     116     240      574   1.92
1970-1979       98      0.51187  0.40756  0.50     182      74     145      334   1.83
1970-1979       99      0.54025  0.42535  0.50     108      46      85      189   1.75
1970-1979      100      0.56840  0.44261  0.50      62      27      48      104   1.67
1970-1979      101      0.59613  0.45925  0.50      35      16      27       55   1.60
1970-1979      102      0.62328  0.47519  0.50      19       9      14       29   1.54
1970-1979      103      0.64968  0.49038  0.50      10       5       7       15   1.49
1970-1979      104      0.67520  0.50478  0.50       5       3       4        7   1.44
1970-1979      105      0.69973  0.51837  0.50       2       1       2        3   1.39
1970-1979      106      0.72316  0.53112  0.50       1       1       1        2   1.35
1970-1979      107      0.74543  0.54303  0.50       1       0       0        1   1.32
1970-1979      108      0.76649  0.55412  0.50       0       0       0        0   1.28
1970-1979      109      0.78629  0.56440  0.50       0       0       0        0   1.26
1970-1979      110+     0.80484  1.00000  1.24       0       0       0        0   1.24
1980-1989        0      0.01340  0.01324  0.12  100000    1324   98836  7103665  71.04
1980-1989        1      0.00076  0.00076  0.50   98676      75   98638  7004828  70.99
1980-1989        2      0.00046  0.00046  0.50   98601      45   98578  6906190  70.04
1980-1989        3      0.00039  0.00039  0.50   98556      39   98536  6807612  69.07
1980-1989        4      0.00038  0.00038  0.50   98517      38   98498  6709075  68.10
1980-1989        5      0.00034  0.00034  0.50   98479      33   98463  6610577  67.13
1980-1989        6      0.00035  0.00035  0.50   98446      34   98429  6512115  66.15
1980-1989        7      0.00034  0.00034  0.50   98412      33   98395  6413686  65.17
1980-1989        8      0.00028  0.00028  0.50   98379      27   98365  6315290  64.19
1980-1989        9      0.00027  0.00027  0.50   98351      26   98338  6216925  63.21
1980-1989       10      0.00024  0.00024  0.50   98325      23   98314  6118587  62.23
1980-1989       11      0.00024  0.00024  0.50   98302      24   98290  6020273  61.24
1980-1989       12      0.00023  0.00023  0.50   98278      23   98267  5921983  60.26
1980-1989       13      0.00027  0.00027  0.50   98255      26   98242  5823717  59.27
1980-1989       14      0.00030  0.00030  0.50   98229      29   98214  5725475  58.29
1980-1989       15      0.00037  0.00037  0.50   98199      36   98181  5627261  57.30
1980-1989       16      0.00048  0.00048  0.50   98163      47   98140  5529079  56.33
1980-1989       17      0.00062  0.00062  0.50   98117      61   98086  5430939  55.35
1980-1989       18      0.00076  0.00076  0.50   98055      75   98018  5332853  54.39
1980-1989       19      0.00072  0.00072  0.50   97980      71   97945  5234835  53.43
1980-1989       20      0.00068  0.00068  0.50   97910      67   97876  5136890  52.47
1980-1989       21      0.00075  0.00075  0.50   97843      73   97806  5039014  51.50
1980-1989       22      0.00079  0.00079  0.50   97770      77   97731  4941208  50.54
1980-1989       23      0.00083  0.00083  0.50   97692      81   97652  4843477  49.58
1980-1989       24      0.00087  0.00087  0.50   97611      84   97569  4745826  48.62
1980-1989       25      0.00083  0.00083  0.50   97526      81   97486  4648257  47.66
1980-1989       26      0.00083  0.00083  0.50   97446      81   97405  4550771  46.70
1980-1989       27      0.00086  0.00086  0.50   97365      84   97323  4453366  45.74
1980-1989       28      0.00093  0.00093  0.50   97281      90   97236  4356043  44.78
1980-1989       29      0.00093  0.00093  0.50   97190      91   97145  4258807  43.82
1980-1989       30      0.00103  0.00103  0.50   97099     100   97049  4161662  42.86
1980-1989       31      0.00107  0.00107  0.50   96999     104   96947  4064613  41.90
1980-1989       32      0.00117  0.00116  0.50   96895     113   96839  3967666  40.95
1980-1989       33      0.00122  0.00122  0.50   96782     118   96723  3870827  40.00
1980-1989       34      0.00132  0.00132  0.50   96664     128   96600  3774103  39.04
1980-1989       35      0.00143  0.00143  0.50   96536     138   96467  3677503  38.09
1980-1989       36      0.00163  0.00163  0.50   96398     157   96320  3581036  37.15
1980-1989       37      0.00173  0.00173  0.50   96241     166   96158  3484716  36.21
1980-1989       38      0.00196  0.00196  0.50   96075     188   95981  3388558  35.27
1980-1989       39      0.00217  0.00216  0.50   95887     207   95783  3292577  34.34
1980-1989       40      0.00245  0.00245  0.50   95679     234   95562  3196794  33.41
1980-1989       41      0.00269  0.00269  0.50   95445     256   95317  3101232  32.49
1980-1989       42      0.00303  0.00303  0.50   95189     288   95045  3005916  31.58
1980-1989       43      0.00332  0.00331  0.50   94901     315   94743  2910871  30.67
1980-1989       44      0.00359  0.00359  0.50   94586     339   94416  2816128  29.77
1980-1989       45      0.00404  0.00403  0.50   94247     380   94057  2721711  28.88
1980-1989       46      0.00460  0.00459  0.50   93867     431   93651  2627654  27.99
1980-1989       47      0.00498  0.00497  0.50   93436     464   93204  2534003  27.12
1980-1989       48      0.00549  0.00547  0.50   92972     509   92717  2440799  26.25
1980-1989       49      0.00628  0.00626  0.50   92463     579   92173  2348081  25.39
1980-1989       50      0.00673  0.00671  0.50   91884     617   91575  2255908  24.55
1980-1989       51      0.00761  0.00758  0.50   91267     692   90921  2164333  23.71
1980-1989       52      0.00812  0.00808  0.50   90576     732   90209  2073411  22.89
1980-1989       53      0.00910  0.00906  0.50   89843     814   89436  1983202  22.07
1980-1989       54      0.00994  0.00989  0.50   89029     881   88589  1893766  21.27
1980-1989       55      0.01085  0.01079  0.50   88148     951   87673  1805177  20.48
1980-1989       56      0.01203  0.01195  0.50   87197    1042   86676  1717504  19.70
1980-1989       57      0.01329  0.01320  0.50   86155    1137   85586  1630828  18.93
1980-1989       58      0.01473  0.01462  0.50   85017    1243   84396  1545242  18.18
1980-1989       59      0.01621  0.01608  0.50   83774    1347   83101  1460847  17.44
1980-1989       60      0.01776  0.01760  0.50   82428    1451   81702  1377746  16.71
1980-1989       61      0.01958  0.01939  0.50   80977    1570   80192  1296043  16.01
1980-1989       62      0.02140  0.02118  0.50   79407    1682   78566  1215852  15.31
1980-1989       63      0.02347  0.02320  0.50   77725    1803   76824  1137285  14.63
1980-1989       64      0.02529  0.02498  0.50   75922    1896   74974  1060461  13.97
1980-1989       65      0.02823  0.02784  0.50   74026    2061   72996   985487  13.31
1980-1989       66      0.03035  0.02990  0.50   71965    2151   70890   912492  12.68
1980-1989       67      0.03330  0.03275  0.50   69814    2287   68671   841602  12.05
1980-1989       68      0.03647  0.03582  0.50   67527    2419   66318   772932  11.45
1980-1989       69      0.04039  0.03959  0.50   65109    2578   63820   706614  10.85
1980-1989       70      0.04461  0.04364  0.50   62531    2729   61167   642794  10.28
1980-1989       71      0.04852  0.04737  0.50   59802    2833   58386   581627   9.73
1980-1989       72      0.05362  0.05222  0.50   56969    2975   55482   523241   9.18
1980-1989       73      0.05985  0.05811  0.50   53995    3138   52426   467759   8.66
1980-1989       74      0.06527  0.06321  0.50   50857    3215   49250   415333   8.17
1980-1989       75      0.07215  0.06964  0.50   47642    3318   45983   366084   7.68
1980-1989       76      0.07959  0.07654  0.50   44324    3393   42628   320100   7.22
1980-1989       77      0.08850  0.08475  0.50   40932    3469   39197   277472   6.78
1980-1989       78      0.09855  0.09392  0.50   37463    3519   35703   238275   6.36
1980-1989       79      0.10763  0.10213  0.50   33944    3467   32211   202572   5.97
1980-1989       80      0.11970  0.11294  0.50   30477    3442   28756   170361   5.59
1980-1989       81      0.13113  0.12306  0.50   27035    3327   25371   141605   5.24
1980-1989       82      0.14433  0.13461  0.50   23708    3191   22112   116234   4.90
1980-1989       83      0.15809  0.14651  0.50   20517    3006   19014    94121   4.59
1980-1989       84      0.17516  0.16105  0.50   17511    2820   16101    75108   4.29
1980-1989       85      0.19225  0.17539  0.50   14691    2577   13402    59007   4.02
1980-1989       86      0.20924  0.18942  0.50   12114    2295   10967    45605   3.76
1980-1989       87      0.22778  0.20449  0.50    9819    2008    8815    34638   3.53
1980-1989       88      0.24709  0.21992  0.50    7811    1718    6952    25823   3.31
1980-1989       89      0.26628  0.23500  0.50    6093    1432    5378    18870   3.10
1980-1989       90      0.29039  0.25357  0.50    4662    1182    4071    13493   2.89
1980-1989       91      0.31597  0.27286  0.50    3480     949    3005     9422   2.71
1980-1989       92      0.34318  0.29291  0.50    2530     741    2160     6417   2.54
1980-1989       93      0.38028  0.31952  0.50    1789     572    1503     4258   2.38
1980-1989       94      0.39735  0.33149  0.50    1217     404    1016     2755   2.26
1980-1989       95      0.42593  0.35115  0.50     814     286     671     1739   2.14
1980-1989       96      0.45475  0.37051  0.50     528     196     430     1068   2.02
1980-1989       97      0.48393  0.38965  0.50     332     130     268      638   1.92
1980-1989       98      0.51325  0.40844  0.50     203      83     161      370   1.83
1980-1989       99      0.54251  0.42675  0.50     120      51      94      209   1.74
1980-1989      100      0.57151  0.44449  0.50      69      31      54      114   1.66
1980-1989      101      0.60002  0.46155  0.50      38      18      29       61   1.59
1980-1989      102      0.62788  0.47786  0.50      21      10      16       32   1.53
1980-1989      103      0.65491  0.49336  0.50      11       5       8       16   1.48
1980-1989      104      0.68095  0.50799  0.50       5       3       4        8   1.42
1980-1989      105      0.70589  0.52174  0.50       3       1       2        4   1.38
1980-1989      106      0.72963  0.53460  0.50       1       1       1        2   1.34
1980-1989      107      0.75209  0.54656  0.50       1       0       0        1   1.30
1980-1989      108      0.77322  0.55763  0.50       0       0       0        0   1.27
1980-1989      109      0.79300  0.56785  0.50       0       0       0        0   1.25
1980-1989      110+     0.81144  1.00000  1.23       0       0       0        0   1.23
1990-1999        0      0.00793  0.00787  0.13  100000     787   99317  7313992  73.14
1990-1999        1      0.00062  0.00062  0.50   99213      61   99182  7214675  72.72
1990-1999        2      0.00037  0.00037  0.50   99152      37   99133  7115493  71.76
1990-1999        3      0.00031  0.00031  0.50   99115      31   99099  7016359  70.79
1990-1999        4      0.00024  0.00024  0.50   99084      24   99072  6917260  69.81
1990-1999        5      0.00023  0.00023  0.50   99060      22   99049  6818188  68.83
1990-1999        6      0.00022  0.00022  0.50   99037      22   99026  6719140  67.84
1990-1999        7      0.00022  0.00022  0.50   99015      22   99004  6620113  66.86
1990-1999        8      0.00023  0.00023  0.50   98993      22   98982  6521109  65.87
1990-1999        9      0.00020  0.00020  0.50   98971      20   98961  6422127  64.89
1990-1999       10      0.00021  0.00021  0.50   98951      20   98941  6323166  63.90
1990-1999       11      0.00017  0.00017  0.50   98931      17   98922  6224225  62.92
1990-1999       12      0.00022  0.00022  0.50   98914      22   98903  6125303  61.93
1990-1999       13      0.00021  0.00021  0.50   98892      20   98882  6026399  60.94
1990-1999       14      0.00026  0.00026  0.50   98872      26   98859  5927518  59.95
1990-1999       15      0.00034  0.00034  0.50   98846      34   98829  5828659  58.97
1990-1999       16      0.00044  0.00044  0.50   98812      43   98791  5729830  57.99
1990-1999       17      0.00060  0.00060  0.50   98769      60   98739  5631039  57.01
1990-1999       18      0.00072  0.00072  0.50   98709      71   98674  5532300  56.05
1990-1999       19      0.00072  0.00072  0.50   98638      71   98603  5433626  55.09
1990-1999       20      0.00075  0.00075  0.50   98567      73   98530  5335024  54.13
1990-1999       21      0.00075  0.00075  0.50   98494      74   98457  5236493  53.17
1990-1999       22      0.00074  0.00074  0.50   98420      73   98383  5138037  52.21
1990-1999       23      0.00078  0.00078  0.50   98347      76   98309  5039653  51.24
1990-1999       24      0.00077  0.00077  0.50   98271      76   98233  4941345  50.28
1990-1999       25      0.00078  0.00078  0.50   98195      76   98157  4843112  49.32
1990-1999       26      0.00075  0.00075  0.50   98118      74   98081  4744955  48.36
1990-1999       27      0.00078  0.00078  0.50   98044      76   98006  4646874  47.40
1990-1999       28      0.00084  0.00084  0.50   97968      82   97927  4548868  46.43
1990-1999       29      0.00084  0.00084  0.50   97886      82   97845  4450941  45.47
1990-1999       30      0.00089  0.00089  0.50   97804      87   97761  4353095  44.51
1990-1999       31      0.00099  0.00099  0.50   97717      97   97669  4255335  43.55
1990-1999       32      0.00103  0.00103  0.50   97620     101   97570  4157666  42.59
1990-1999       33      0.00109  0.00108  0.50   97519     106   97467  4060096  41.63
1990-1999       34      0.00119  0.00119  0.50   97414     116   97356  3962630  40.68
1990-1999       35      0.00127  0.00127  0.50   97298     124   97236  3865274  39.73
1990-1999       36      0.00145  0.00145  0.50   97174     141   97103  3768038  38.78
1990-1999       37      0.00159  0.00159  0.50   97033     154   96956  3670935  37.83
1990-1999       38      0.00179  0.00178  0.50   96879     173   96793  3573979  36.89
1990-1999       39      0.00202  0.00202  0.50   96706     196   96608  3477186  35.96
1990-1999       40      0.00215  0.00215  0.50   96511     207   96407  3380578  35.03
1990-1999       41      0.00242  0.00242  0.50   96304     233   96187  3284171  34.10
1990-1999       42      0.00265  0.00265  0.50   96071     254   95944  3187984  33.18
1990-1999       43      0.00305  0.00304  0.50   95817     291   95671  3092040  32.27
1990-1999       44      0.00332  0.00331  0.50   95525     316   95367  2996369  31.37
1990-1999       45      0.00371  0.00370  0.50   95209     353   95033  2901002  30.47
1990-1999       46      0.00403  0.00402  0.50   94857     382   94666  2805969  29.58
1990-1999       47      0.00461  0.00460  0.50   94475     435   94258  2711303  28.70
1990-1999       48      0.00496  0.00494  0.50   94040     465   93808  2617046  27.83
1990-1999       49      0.00547  0.00546  0.50   93575     510   93320  2523238  26.96
1990-1999       50      0.00601  0.00600  0.50   93065     558   92786  2429918  26.11
1990-1999       51      0.00652  0.00650  0.50   92507     601   92206  2337132  25.26
1990-1999       52      0.00718  0.00715  0.50   91905     657   91577  2244926  24.43
1990-1999       53      0.00794  0.00790  0.50   91248     721   90887  2153349  23.60
1990-1999       54      0.00873  0.00869  0.50   90527     786   90134  2062462  22.78
1990-1999       55      0.00960  0.00955  0.50   89740     857   89312  1972328  21.98
1990-1999       56      0.01032  0.01027  0.50   88883     913   88427  1883016  21.19
1990-1999       57      0.01141  0.01135  0.50   87971     998   87471  1794589  20.40
1990-1999       58      0.01244  0.01236  0.50   86972    1075   86434  1707118  19.63
1990-1999       59      0.01382  0.01373  0.50   85897    1179   85307  1620684  18.87
1990-1999       60      0.01534  0.01522  0.50   84718    1289   84073  1535376  18.12
1990-1999       61      0.01645  0.01632  0.50   83428    1361   82748  1451303  17.40
1990-1999       62      0.01816  0.01800  0.50   82067    1477   81329  1368556  16.68
1990-1999       63      0.01985  0.01966  0.50   80590    1584   79798  1287227  15.97
1990-1999       64      0.02147  0.02124  0.50   79006    1678   78167  1207429  15.28
1990-1999       65      0.02359  0.02332  0.50   77328    1803   76426  1129262  14.60
1990-1999       66      0.02582  0.02549  0.50   75525    1925   74562  1052836  13.94
1990-1999       67      0.02785  0.02747  0.50   73600    2022   72589   978274  13.29
1990-1999       68      0.03088  0.03041  0.50   71578    2176   70490   905685  12.65
1990-1999       69      0.03375  0.03319  0.50   69402    2303   68250   835195  12.03
1990-1999       70      0.03683  0.03617  0.50   67098    2427   65885   766945  11.43
1990-1999       71      0.04044  0.03963  0.50   64672    2563   63390   701060  10.84
1990-1999       72      0.04410  0.04315  0.50   62108    2680   60768   637670  10.27
1990-1999       73      0.04819  0.04706  0.50   59428    2797   58030   576901   9.71
1990-1999       74      0.05245  0.05111  0.50   56632    2895   55185   518871   9.16
1990-1999       75      0.05816  0.05652  0.50   53737    3037   52219   463687   8.63
1990-1999       76      0.06510  0.06305  0.50   50700    3197   49102   411468   8.12
1990-1999       77      0.07182  0.06933  0.50   47503    3293   45857   362366   7.63
1990-1999       78      0.07979  0.07672  0.50   44210    3392   42514   316509   7.16
1990-1999       79      0.08843  0.08469  0.50   40818    3457   39090   273995   6.71
1990-1999       80      0.09895  0.09428  0.50   37361    3523   35600   234905   6.29
1990-1999       81      0.10831  0.10275  0.50   33839    3477   32100   199305   5.89
1990-1999       82      0.12047  0.11363  0.50   30362    3450   28637   167205   5.51
1990-1999       83      0.13231  0.12410  0.50   26912    3340   25242   138568   5.15
1990-1999       84      0.14475  0.13498  0.50   23572    3182   21981   113325   4.81
1990-1999       85      0.15900  0.14729  0.50   20391    3003   18889    91344   4.48
1990-1999       86      0.17798  0.16344  0.50   17387    2842   15966    72455   4.17
1990-1999       87      0.19659  0.17900  0.50   14545    2604   13244    56489   3.88
1990-1999       88      0.21666  0.19548  0.50   11942    2334   10775    43245   3.62
1990-1999       89      0.23483  0.21016  0.50    9607    2019    8598    32471   3.38
1990-1999       90      0.26210  0.23173  0.50    7588    1758    6709    23873   3.15
1990-1999       91      0.28361  0.24839  0.50    5830    1448    5106    17164   2.94
1990-1999       92      0.31200  0.26990  0.50    4382    1183    3790    12058   2.75
1990-1999       93      0.33626  0.28786  0.50    3199     921    2739     8267   2.58
1990-1999       94      0.36491  0.30861  0.50    2278     703    1927     5529   2.43
1990-1999       95      0.39036  0.32661  0.50    1575     514    1318     3602   2.29
1990-1999       96      0.41993  0.34706  0.50    1061     368     877     2284   2.15
1990-1999       97      0.45021  0.36748  0.50     693     255     565     1407   2.03
1990-1999       98      0.48096  0.38772  0.50     438     170     353      842   1.92
1990-1999       99      0.51196  0.40762  0.50     268     109     214      489   1.82
1990-1999      100      0.54297  0.42703  0.50     159      68     125      275   1.73
1990-1999      101      0.57373  0.44584  0.50      91      41      71      150   1.65
1990-1999      102      0.60401  0.46391  0.50      50      23      39       80   1.58
1990-1999      103      0.63359  0.48116  0.50      27      13      21       41   1.52
1990-1999      104      0.66226  0.49751  0.50      14       7      11       20   1.46
1990-1999      105      0.68983  0.51292  0.50       7       4       5       10   1.41
1990-1999      106      0.71617  0.52734  0.50       3       2       3        5   1.36
1990-1999      107      0.74116  0.54076  0.50       2       1       1        2   1.32
1990-1999      108      0.76470  0.55319  0.50       1       0       1        1   1.29
1990-1999      109      0.78675  0.56464  0.50       0       0       0        0   1.26
1990-1999      110+     0.80728  1.00000  1.24       0       0       0        0   1.24
2000-2009        0      0.00355  0.00354  0.14  100000     354   99696  7612831  76.13
2000-2009        1      0.00034  0.00034  0.50   99646      34   99629  7513135  75.40
2000-2009        2      0.00021  0.00021  0.50   99611      21   99601  7413507  74.42
2000-2009        3      0.00017  0.00017  0.50   99591      17   99582  7313906  73.44
2000-2009        4      0.00014  0.00014  0.50   99573      14   99566  7214324  72.45
2000-2009        5      0.00013  0.00013  0.50   99559      13   99553  7114757  71.46
2000-2009        6      0.00015  0.00015  0.50   99546      15   99539  7015205  70.47
2000-2009        7      0.00014  0.00014  0.50   99532      14   99525  6915666  69.48
2000-2009        8      0.00012  0.00012  0.50   99518      12   99512  6816141  68.49
2000-2009        9      0.00013  0.00013  0.50   99506      13   99500  6716629  67.50
2000-2009       10      0.00015  0.00015  0.50   99493      15   99486  6617129  66.51
2000-2009       11      0.00013  0.00013  0.50   99478      13   99472  6517643  65.52
2000-2009       12      0.00015  0.00015  0.50   99466      15   99458  6418171  64.53
2000-2009       13      0.00015  0.00015  0.50   99451      15   99443  6318713  63.54
2000-2009       14      0.00020  0.00020  0.50   99436      20   99426  6219269  62.55
2000-2009       15      0.00025  0.00025  0.50   99416      25   99403  6119843  61.56
2000-2009       16      0.00032  0.00032  0.50   99391      31   99375  6020440  60.57
2000-2009       17      0.00038  0.00038  0.50   99360      38   99341  5921064  59.59
2000-2009       18      0.00057  0.00057  0.50   99321      57   99293  5821724  58.61
2000-2009       19      0.00058  0.00058  0.50   99265      58   99236  5722431  57.65
2000-2009       20      0.00062  0.00062  0.50   99207      62   99176  5623195  56.68
2000-2009       21      0.00063  0.00063  0.50   99146      62   99115  5524018  55.72
2000-2009       22      0.00063  0.00063  0.50   99084      62   99053  5424904  54.75
2000-2009       23      0.00064  0.00064  0.50   99022      63   98990  5325851  53.78
2000-2009       24      0.00065  0.00065  0.50   98958      64   98926  5226861  52.82
2000-2009       25      0.00061  0.00061  0.50   98894      60   98864  5127935  51.85
2000-2009       26      0.00064  0.00064  0.50   98834      63   98802  5029071  50.88
2000-2009       27      0.00059  0.00059  0.50   98771      59   98742  4930269  49.92
2000-2009       28      0.00064  0.00064  0.50   98712      63   98681  4831527  48.95
2000-2009       29      0.00066  0.00066  0.50   98649      65   98617  4732846  47.98
2000-2009       30      0.00069  0.00069  0.50   98584      68   98550  4634230  47.01
2000-2009       31      0.00071  0.00071  0.50   98516      70   98481  4535679  46.04
2000-2009       32      0.00074  0.00074  0.50   98446      73   98410  4437198  45.07
2000-2009       33      0.00086  0.00086  0.50   98373      84   98331  4338789  44.11
2000-2009       34      0.00089  0.00089  0.50   98289      88   98245  4240458  43.14
2000-2009       35      0.00092  0.00092  0.50   98201      91   98156  4142213  42.18
2000-2009       36      0.00106  0.00106  0.50   98110     104   98058  4044058  41.22
2000-2009       37      0.00119  0.00119  0.50   98006     117   97948  3945999  40.26
2000-2009       38      0.00131  0.00131  0.50   97889     128   97825  3848052  39.31
2000-2009       39      0.00140  0.00140  0.50   97761     137   97693  3750227  38.36
2000-2009       40      0.00161  0.00160  0.50   97624     157   97546  3652534  37.41
2000-2009       41      0.00174  0.00173  0.50   97468     169   97383  3554988  36.47
2000-2009       42      0.00199  0.00199  0.50   97299     194   97202  3457604  35.54
2000-2009       43      0.00218  0.00218  0.50   97105     212   96999  3360403  34.61
2000-2009       44      0.00245  0.00245  0.50   96893     237   96774  3263404  33.68
2000-2009       45      0.00265  0.00264  0.50   96656     255   96528  3166629  32.76
2000-2009       46      0.00314  0.00314  0.50   96400     302   96249  3070101  31.85
2000-2009       47      0.00345  0.00344  0.50   96098     331   95933  2973852  30.95
2000-2009       48      0.00388  0.00387  0.50   95767     371   95582  2877919  30.05
2000-2009       49      0.00436  0.00435  0.50   95397     415   95189  2782337  29.17
2000-2009       50      0.00477  0.00476  0.50   94982     452   94756  2687148  28.29
2000-2009       51      0.00517  0.00515  0.50   94530     487   94286  2592392  27.42
2000-2009       52      0.00570  0.00568  0.50   94042     535   93775  2498106  26.56
2000-2009       53      0.00637  0.00635  0.50   93508     594   93211  2404331  25.71
2000-2009       54      0.00694  0.00691  0.50   92914     642   92593  2311120  24.87
2000-2009       55      0.00770  0.00767  0.50   92272     708   91918  2218527  24.04
2000-2009       56      0.00824  0.00821  0.50   91564     751   91188  2126609  23.23
2000-2009       57      0.00903  0.00899  0.50   90813     816   90404  2035421  22.41
2000-2009       58      0.00997  0.00992  0.50   89996     893   89549  1945016  21.61
2000-2009       59      0.01099  0.01093  0.50   89103     974   88616  1855467  20.82
2000-2009       60      0.01176  0.01169  0.50   88129    1031   87613  1766851  20.05
2000-2009       61      0.01295  0.01287  0.50   87098    1121   86538  1679238  19.28
2000-2009       62      0.01391  0.01381  0.50   85977    1187   85383  1592700  18.52
2000-2009       63      0.01516  0.01505  0.50   84790    1276   84152  1507317  17.78
2000-2009       64      0.01640  0.01626  0.50   83514    1358   82835  1423165  17.04
2000-2009       65      0.01774  0.01759  0.50   82156    1445   81433  1340330  16.31
2000-2009       66      0.01931  0.01912  0.50   80711    1543   79939  1258897  15.60
2000-2009       67      0.02123  0.02100  0.50   79167    1663   78336  1178958  14.89
2000-2009       68      0.02317  0.02291  0.50   77504    1776   76617  1100622  14.20
2000-2009       69      0.02544  0.02512  0.50   75729    1903   74778  1024006  13.52
2000-2009       70      0.02780  0.02742  0.50   73826    2025   72814   949228  12.86
2000-2009       71      0.03040  0.02994  0.50   71802    2150   70727   876414  12.21
2000-2009       72      0.03338  0.03283  0.50   69652    2287   68509   805687  11.57
2000-2009       73      0.03686  0.03619  0.50   67365    2438   66146   737179  10.94
2000-2009       74      0.04066  0.03985  0.50   64928    2587   63634   671032  10.34
2000-2009       75      0.04529  0.04429  0.50   62340    2761   60960   607399   9.74
2000-2009       76      0.05029  0.04906  0.50   59579    2923   58118   546439   9.17
2000-2009       77      0.05597  0.05444  0.50   56657    3085   55114   488321   8.62
2000-2009       78      0.06242  0.06053  0.50   53572    3243   51951   433206   8.09
2000-2009       79      0.06878  0.06650  0.50   50330    3347   48656   381255   7.58
2000-2009       80      0.07755  0.07466  0.50   46983    3508   45229   332599   7.08
2000-2009       81      0.08596  0.08242  0.50   43475    3583   41684   287370   6.61
2000-2009       82      0.09713  0.09263  0.50   39892    3695   38045   245687   6.16
2000-2009       83      0.10771  0.10221  0.50   36197    3700   34347   207642   5.74
2000-2009       84      0.11814  0.11155  0.50   32497    3625   30685   173295   5.33
2000-2009       85      0.13468  0.12618  0.50   28872    3643   27050   142610   4.94
2000-2009       86      0.15109  0.14047  0.50   25229    3544   23457   115560   4.58
2000-2009       87      0.16927  0.15606  0.50   21685    3384   19993    92103   4.25
2000-2009       88      0.18774  0.17163  0.50   18301    3141   16730    72110   3.94
2000-2009       89      0.20939  0.18955  0.50   15160    2874   13723    55380   3.65
2000-2009       90      0.23194  0.20784  0.50   12286    2554   11009    41657   3.39
2000-2009       91      0.25833  0.22878  0.50    9733    2227    8619    30648   3.15
2000-2009       92      0.28323  0.24810  0.50    7506    1862    6575    22028   2.93
2000-2009       93      0.30980  0.26825  0.50    5644    1514    4887    15453   2.74
2000-2009       94      0.33793  0.28908  0.50    4130    1194    3533    10567   2.56
2000-2009       95      0.36552  0.30904  0.50    2936     907    2482     7034   2.40
2000-2009       96      0.39659  0.33096  0.50    2029     671    1693     4551   2.24
2000-2009       97      0.42859  0.35295  0.50    1357     479    1118     2858   2.11
2000-2009       98      0.46127  0.37482  0.50     878     329     714     1741   1.98
2000-2009       99      0.49436  0.39638  0.50     549     218     440     1027   1.87
2000-2009      100      0.52756  0.41745  0.50     331     138     262      587   1.77
2000-2009      101      0.56059  0.43786  0.50     193      85     151      325   1.68
2000-2009      102      0.59314  0.45747  0.50     109      50      84      174   1.60
2000-2009      103      0.62495  0.47616  0.50      59      28      45       90   1.53
2000-2009      104      0.65577  0.49385  0.50      31      15      23       45   1.47
2000-2009      105      0.68538  0.51045  0.50      16       8      12       22   1.41
2000-2009      106      0.71359  0.52594  0.50       8       4       6       10   1.36
2000-2009      107      0.74026  0.54028  0.50       4       2       3        5   1.32
2000-2009      108      0.76530  0.55350  0.50       2       1       1        2   1.28
2000-2009      109      0.78864  0.56561  0.50       1       0       1        1   1.25
2000-2009      110+     0.81025  1.00000  1.23       0       0       0        0   1.23
2010-2019        0      0.00258  0.00258  0.14  100000     258   99779  7851135  78.51
2010-2019        1      0.00024  0.00024  0.50   99742      24   99730  7751356  77.71
2010-2019        2      0.00015  0.00015  0.50   99718      15   99711  7651626  76.73
2010-2019        3      0.00011  0.00011  0.50   99703      11   99698  7551916  75.74
2010-2019        4      0.00011  0.00011  0.50   99692      11   99686  7452218  74.75
2010-2019        5      0.00009  0.00009  0.50   99681       9   99676  7352532  73.76
2010-2019        6      0.00009  0.00009  0.50   99672       9   99667  7252855  72.77
2010-2019        7      0.00009  0.00009  0.50   99663       9   99658  7153188  71.77
2010-2019        8      0.00009  0.00009  0.50   99654       9   99649  7053529  70.78
2010-2019        9      0.00008  0.00008  0.50   99644       8   99640  6953880  69.79
2010-2019       10      0.00008  0.00008  0.50   99636       8   99633  6854240  68.79
2010-2019       11      0.00009  0.00009  0.50   99629       9   99624  6754607  67.80
2010-2019       12      0.00010  0.00010  0.50   99619      10   99614  6654983  66.80
2010-2019       13      0.00010  0.00010  0.50   99609      10   99604  6555369  65.81
2010-2019       14      0.00013  0.00013  0.50   99599      13   99593  6455765  64.82
2010-2019       15      0.00017  0.00017  0.50   99586      17   99578  6356172  63.83
2010-2019       16      0.00022  0.00022  0.50   99569      22   99558  6256595  62.84
2010-2019       17      0.00031  0.00031  0.50   99547      31   99531  6157037  61.85
2010-2019       18      0.00043  0.00043  0.50   99516      42   99495  6057505  60.87
2010-2019       19      0.00049  0.00049  0.50   99473      49   99449  5958011  59.90
2010-2019       20      0.00049  0.00049  0.50   99424      49   99400  5858562  58.92
2010-2019       21      0.00047  0.00047  0.50   99375      47   99352  5759162  57.95
2010-2019       22      0.00048  0.00048  0.50   99328      48   99304  5659810  56.98
2010-2019       23      0.00049  0.00049  0.50   99281      49   99256  5560506  56.01
2010-2019       24      0.00054  0.00054  0.50   99232      53   99205  5461250  55.04
2010-2019       25      0.00051  0.00051  0.50   99178      50   99153  5362045  54.06
2010-2019       26      0.00049  0.00049  0.50   99128      49   99104  5262892  53.09
2010-2019       27      0.00053  0.00053  0.50   99079      52   99053  5163788  52.12
2010-2019       28      0.00056  0.00056  0.50   99027      55   99000  5064735  51.14
2010-2019       29      0.00053  0.00053  0.50   98972      52   98946  4965735  50.17
2010-2019       30      0.00057  0.00057  0.50   98920      56   98892  4866790  49.20
2010-2019       31      0.00062  0.00062  0.50   98864      61   98833  4767898  48.23
2010-2019       32      0.00066  0.00066  0.50   98803      65   98770  4669065  47.26
2010-2019       33      0.00067  0.00067  0.50   98737      66   98704  4570295  46.29
2010-2019       34      0.00073  0.00073  0.50   98671      72   98635  4471590  45.32
2010-2019       35      0.00081  0.00081  0.50   98599      80   98559  4372955  44.35
2010-2019       36      0.00082  0.00082  0.50   98519      81   98479  4274397  43.39
2010-2019       37      0.00091  0.00091  0.50   98438      90   98393  4175918  42.42
2010-2019       38      0.00097  0.00097  0.50   98348      95   98301  4077525  41.46
2010-2019       39      0.00107  0.00107  0.50   98253     105   98201  3979224  40.50
2010-2019       40      0.00120  0.00120  0.50   98148     118   98089  3881023  39.54
2010-2019       41      0.00128  0.00127  0.50   98030     125   97968  3782934  38.59
2010-2019       42      0.00145  0.00145  0.50   97905     142   97834  3684966  37.64
2010-2019       43      0.00160  0.00160  0.50   97763     157   97685  3587131  36.69
2010-2019       44      0.00178  0.00178  0.50   97607     174   97520  3489446  35.75
2010-2019       45      0.00199  0.00199  0.50   97433     193   97336  3391927  34.81
2010-2019       46      0.00223  0.00222  0.50   97239     216   97131  3294590  33.88
2010-2019       47      0.00253  0.00252  0.50   97023     245   96901  3197459  32.96
2010-2019       48      0.00274  0.00273  0.50   96778     265   96646  3100558  32.04
2010-2019       49      0.00307  0.00306  0.50   96514     296   96366  3003912  31.12
2010-2019       50      0.00341  0.00340  0.50   96218     327   96054  2907547  30.22
2010-2019       51      0.00378  0.00377  0.50   95891     362   95710  2811492  29.32
2010-2019       52      0.00420  0.00419  0.50   95529     400   95329  2715782  28.43
2010-2019       53      0.00472  0.00471  0.50   95129     448   94905  2620453  27.55
2010-2019       54      0.00511  0.00509  0.50   94681     482   94440  2525549  26.67
2010-2019       55      0.00570  0.00569  0.50   94199     536   93931  2431109  25.81
2010-2019       56      0.00630  0.00628  0.50   93663     588   93369  2337178  24.95
2010-2019       57      0.00698  0.00695  0.50   93074     647   92751  2243809  24.11
2010-2019       58      0.00783  0.00780  0.50   92427     721   92067  2151058  23.27
2010-2019       59      0.00860  0.00856  0.50   91707     785   91314  2058991  22.45
2010-2019       60      0.00950  0.00945  0.50   90922     859   90492  1967677  21.64
2010-2019       61      0.01054  0.01048  0.50   90062     944   89590  1877185  20.84
2010-2019       62      0.01154  0.01148  0.50   89118    1023   88607  1787595  20.06
2010-2019       63      0.01274  0.01266  0.50   88095    1115   87538  1698988  19.29
2010-2019       64      0.01389  0.01379  0.50   86980    1200   86380  1611450  18.53
2010-2019       65      0.01514  0.01503  0.50   85780    1289   85136  1525070  17.78
2010-2019       66      0.01631  0.01618  0.50   84491    1367   83808  1439934  17.04
2010-2019       67      0.01779  0.01763  0.50   83125    1466   82392  1356126  16.31
2010-2019       68      0.01945  0.01926  0.50   81659    1573   80873  1273734  15.60
2010-2019       69      0.02080  0.02059  0.50   80086    1649   79262  1192861  14.89
2010-2019       70      0.02295  0.02269  0.50   78437    1780   77547  1113600  14.20
2010-2019       71      0.02473  0.02442  0.50   76657    1872   75721  1036052  13.52
2010-2019       72      0.02694  0.02658  0.50   74785    1988   73791   960331  12.84
2010-2019       73      0.02968  0.02925  0.50   72797    2129   71733   886540  12.18
2010-2019       74      0.03236  0.03184  0.50   70668    2250   69543   814807  11.53
2010-2019       75      0.03528  0.03467  0.50   68418    2372   67232   745264  10.89
2010-2019       76      0.03907  0.03832  0.50   66046    2531   64780   678032  10.27
2010-2019       77      0.04339  0.04247  0.50   63515    2698   62166   613252   9.66
2010-2019       78      0.04813  0.04700  0.50   60817    2859   59388   551086   9.06
2010-2019       79      0.05406  0.05263  0.50   57959    3051   56433   491698   8.48
2010-2019       80      0.06093  0.05913  0.50   54908    3247   53285   435265   7.93
2010-2019       81      0.06866  0.06638  0.50   51661    3429   49947   381980   7.39
2010-2019       82      0.07717  0.07431  0.50   48232    3584   46440   332034   6.88
2010-2019       83      0.08826  0.08453  0.50   44648    3774   42761   285594   6.40
2010-2019       84      0.09837  0.09376  0.50   40874    3832   38958   242833   5.94
2010-2019       85      0.11242  0.10644  0.50   37041    3943   35070   203875   5.50
2010-2019       86      0.12686  0.11930  0.50   33099    3949   31125   168805   5.10
2010-2019       87      0.14190  0.13250  0.50   29150    3862   27219   137680   4.72
2010-2019       88      0.15975  0.14793  0.50   25288    3741   23418   110461   4.37
2010-2019       89      0.18131  0.16624  0.50   21547    3582   19756    87044   4.04
2010-2019       90      0.20231  0.18372  0.50   17965    3301   16315    67287   3.75
2010-2019       91      0.22218  0.19996  0.50   14665    2932   13198    50973   3.48
2010-2019       92      0.24853  0.22106  0.50   11732    2593   10435    37774   3.22
2010-2019       93      0.27094  0.23862  0.50    9139    2181    8048    27339   2.99
2010-2019       94      0.29712  0.25869  0.50    6958    1800    6058    19290   2.77
2010-2019       95      0.33230  0.28495  0.50    5158    1470    4423    13232   2.57
2010-2019       96      0.36400  0.30795  0.50    3688    1136    3120     8809   2.39
2010-2019       97      0.39704  0.33127  0.50    2552     846    2130     5689   2.23
2010-2019       98      0.43116  0.35469  0.50    1707     605    1404     3559   2.09
2010-2019       99      0.46605  0.37797  0.50    1101     416     893     2155   1.96
2010-2019      100      0.50139  0.40089  0.50     685     275     548     1262   1.84
2010-2019      101      0.53680  0.42321  0.50     410     174     324      714   1.74
2010-2019      102      0.57195  0.44476  0.50     237     105     184      390   1.65
2010-2019      103      0.60646  0.46535  0.50     131      61     101      206   1.57
2010-2019      104      0.64002  0.48486  0.50      70      34      53      105   1.50
2010-2019      105      0.67232  0.50317  0.50      36      18      27       52   1.43
2010-2019      106      0.70313  0.52024  0.50      18       9      13       25   1.38
2010-2019      107      0.73225  0.53600  0.50       9       5       6       11   1.33
2010-2019      108      0.75953  0.55048  0.50       4       2       3        5   1.29
2010-2019      109      0.78488  0.56367  0.50       2       1       1        2   1.26
2010-2019      110+     0.80826  1.00000  1.24       1       1       1        1   1.24
