Estonia, Life tables (period 1x10), Total	Last modified: 21 Jan 2021;  Methods Protocol: v6 (2017)

  Year          Age         mx       qx    ax      lx      dx      Lx       Tx     ex
1960-1969        0      0.02345  0.02297  0.12  100000    2297   97976  7024407  70.24
1960-1969        1      0.00223  0.00223  0.50   97703     218   97594  6926431  70.89
1960-1969        2      0.00119  0.00119  0.50   97485     116   97427  6828837  70.05
1960-1969        3      0.00090  0.00090  0.50   97369      88   97325  6731410  69.13
1960-1969        4      0.00071  0.00071  0.50   97281      69   97247  6634085  68.20
1960-1969        5      0.00061  0.00061  0.50   97212      59   97183  6536838  67.24
1960-1969        6      0.00062  0.00062  0.50   97153      60   97123  6439656  66.28
1960-1969        7      0.00070  0.00070  0.50   97093      68   97059  6342533  65.32
1960-1969        8      0.00055  0.00055  0.50   97025      53   96998  6245474  64.37
1960-1969        9      0.00052  0.00052  0.50   96972      50   96947  6148475  63.40
1960-1969       10      0.00039  0.00039  0.50   96922      38   96903  6051528  62.44
1960-1969       11      0.00048  0.00048  0.50   96884      46   96861  5954626  61.46
1960-1969       12      0.00043  0.00043  0.50   96838      42   96817  5857765  60.49
1960-1969       13      0.00051  0.00051  0.50   96796      50   96771  5760948  59.52
1960-1969       14      0.00062  0.00062  0.50   96746      60   96716  5664176  58.55
1960-1969       15      0.00064  0.00064  0.50   96687      62   96656  5567460  57.58
1960-1969       16      0.00083  0.00083  0.50   96625      80   96585  5470804  56.62
1960-1969       17      0.00098  0.00098  0.50   96545      94   96498  5374219  55.67
1960-1969       18      0.00129  0.00129  0.50   96451     125   96388  5277722  54.72
1960-1969       19      0.00135  0.00135  0.50   96326     130   96261  5181333  53.79
1960-1969       20      0.00130  0.00130  0.50   96196     125   96133  5085072  52.86
1960-1969       21      0.00153  0.00152  0.50   96071     146   95998  4988939  51.93
1960-1969       22      0.00160  0.00160  0.50   95924     153   95848  4892941  51.01
1960-1969       23      0.00174  0.00174  0.50   95771     166   95688  4797094  50.09
1960-1969       24      0.00181  0.00180  0.50   95605     172   95519  4701405  49.18
1960-1969       25      0.00176  0.00176  0.50   95432     168   95348  4605887  48.26
1960-1969       26      0.00182  0.00182  0.50   95264     173   95178  4510539  47.35
1960-1969       27      0.00200  0.00200  0.50   95091     190   94996  4415361  46.43
1960-1969       28      0.00180  0.00180  0.50   94901     171   94815  4320365  45.53
1960-1969       29      0.00200  0.00200  0.50   94730     190   94635  4225550  44.61
1960-1969       30      0.00209  0.00209  0.50   94540     197   94442  4130915  43.69
1960-1969       31      0.00226  0.00226  0.50   94343     213   94236  4036473  42.79
1960-1969       32      0.00225  0.00225  0.50   94130     212   94024  3942237  41.88
1960-1969       33      0.00238  0.00238  0.50   93918     223   93806  3848213  40.97
1960-1969       34      0.00250  0.00250  0.50   93695     234   93578  3754407  40.07
1960-1969       35      0.00255  0.00255  0.50   93461     238   93342  3660829  39.17
1960-1969       36      0.00270  0.00270  0.50   93223     252   93097  3567488  38.27
1960-1969       37      0.00284  0.00283  0.50   92971     263   92839  3474391  37.37
1960-1969       38      0.00274  0.00274  0.50   92708     254   92581  3381552  36.48
1960-1969       39      0.00296  0.00296  0.50   92454     274   92317  3288971  35.57
1960-1969       40      0.00307  0.00306  0.50   92180     282   92039  3196654  34.68
1960-1969       41      0.00324  0.00323  0.50   91898     297   91750  3104615  33.78
1960-1969       42      0.00335  0.00334  0.50   91601     306   91448  3012865  32.89
1960-1969       43      0.00399  0.00398  0.50   91295     364   91113  2921417  32.00
1960-1969       44      0.00431  0.00430  0.50   90932     391   90736  2830303  31.13
1960-1969       45      0.00443  0.00442  0.50   90541     400   90341  2739567  30.26
1960-1969       46      0.00459  0.00458  0.50   90141     413   89934  2649226  29.39
1960-1969       47      0.00462  0.00461  0.50   89728     413   89521  2559292  28.52
1960-1969       48      0.00547  0.00546  0.50   89314     487   89071  2469771  27.65
1960-1969       49      0.00570  0.00568  0.50   88827     505   88575  2380701  26.80
1960-1969       50      0.00655  0.00653  0.50   88322     577   88034  2292126  25.95
1960-1969       51      0.00659  0.00656  0.50   87745     576   87457  2204092  25.12
1960-1969       52      0.00707  0.00705  0.50   87169     614   86862  2116635  24.28
1960-1969       53      0.00796  0.00793  0.50   86555     686   86212  2029773  23.45
1960-1969       54      0.00828  0.00825  0.50   85869     708   85515  1943561  22.63
1960-1969       55      0.00953  0.00948  0.50   85161     807   84757  1858046  21.82
1960-1969       56      0.01000  0.00995  0.50   84353     839   83934  1773289  21.02
1960-1969       57      0.01094  0.01088  0.50   83514     909   83060  1689355  20.23
1960-1969       58      0.01150  0.01144  0.50   82606     945   82134  1606295  19.45
1960-1969       59      0.01346  0.01337  0.50   81661    1092   81115  1524161  18.66
1960-1969       60      0.01447  0.01436  0.50   80569    1157   79990  1443046  17.91
1960-1969       61      0.01611  0.01598  0.50   79412    1269   78777  1363056  17.16
1960-1969       62      0.01795  0.01779  0.50   78143    1390   77448  1284278  16.44
1960-1969       63      0.01966  0.01947  0.50   76753    1494   76006  1206830  15.72
1960-1969       64      0.02077  0.02056  0.50   75259    1547   74485  1130825  15.03
1960-1969       65      0.02392  0.02364  0.50   73711    1742   72840  1056340  14.33
1960-1969       66      0.02613  0.02580  0.50   71969    1857   71041   983500  13.67
1960-1969       67      0.02810  0.02771  0.50   70112    1943   69141   912459  13.01
1960-1969       68      0.03086  0.03039  0.50   68170    2072   67134   843318  12.37
1960-1969       69      0.03487  0.03427  0.50   66098    2265   64965   776184  11.74
1960-1969       70      0.03779  0.03709  0.50   63833    2368   62649   711219  11.14
1960-1969       71      0.04080  0.03999  0.50   61465    2458   60236   648570  10.55
1960-1969       72      0.04674  0.04567  0.50   59007    2695   57660   588334   9.97
1960-1969       73      0.05124  0.04996  0.50   56312    2814   54906   530675   9.42
1960-1969       74      0.05531  0.05383  0.50   53499    2880   52059   475769   8.89
1960-1969       75      0.06289  0.06097  0.50   50619    3086   49076   423710   8.37
1960-1969       76      0.06980  0.06745  0.50   47533    3206   45930   374634   7.88
1960-1969       77      0.07561  0.07285  0.50   44327    3229   42712   328704   7.42
1960-1969       78      0.08649  0.08291  0.50   41098    3407   39394   285992   6.96
1960-1969       79      0.09456  0.09029  0.50   37690    3403   35989   246598   6.54
1960-1969       80      0.10371  0.09860  0.50   34287    3381   32597   210610   6.14
1960-1969       81      0.11189  0.10596  0.50   30907    3275   29269   178013   5.76
1960-1969       82      0.12547  0.11806  0.50   27632    3262   26000   148744   5.38
1960-1969       83      0.13768  0.12881  0.50   24369    3139   22800   122743   5.04
1960-1969       84      0.15111  0.14050  0.50   21230    2983   19739    99943   4.71
1960-1969       85      0.17024  0.15689  0.50   18248    2863   16816    80204   4.40
1960-1969       86      0.18594  0.17012  0.50   15385    2617   14076    63388   4.12
1960-1969       87      0.20259  0.18396  0.50   12767    2349   11593    49312   3.86
1960-1969       88      0.22222  0.20000  0.50   10419    2084    9377    37719   3.62
1960-1969       89      0.24178  0.21571  0.50    8335    1798    7436    28342   3.40
1960-1969       90      0.25771  0.22829  0.50    6537    1492    5791    20906   3.20
1960-1969       91      0.27524  0.24194  0.50    5045    1221    4434    15115   3.00
1960-1969       92      0.30368  0.26365  0.50    3824    1008    3320    10681   2.79
1960-1969       93      0.34239  0.29234  0.50    2816     823    2404     7360   2.61
1960-1969       94      0.35555  0.30188  0.50    1993     602    1692     4956   2.49
1960-1969       95      0.38176  0.32057  0.50    1391     446    1168     3264   2.35
1960-1969       96      0.40870  0.33935  0.50     945     321     785     2096   2.22
1960-1969       97      0.43624  0.35813  0.50     624     224     513     1311   2.10
1960-1969       98      0.46422  0.37677  0.50     401     151     325      799   1.99
1960-1969       99      0.49247  0.39516  0.50     250      99     200      473   1.89
1960-1969      100      0.52080  0.41320  0.50     151      62     120      273   1.81
1960-1969      101      0.54905  0.43079  0.50      89      38      70      153   1.72
1960-1969      102      0.57702  0.44782  0.50      50      23      39       83   1.65
1960-1969      103      0.60455  0.46422  0.50      28      13      21       44   1.59
1960-1969      104      0.63146  0.47993  0.50      15       7      11       23   1.53
1960-1969      105      0.65762  0.49489  0.50       8       4       6       11   1.47
1960-1969      106      0.68289  0.50907  0.50       4       2       3        6   1.42
1960-1969      107      0.70715  0.52243  0.50       2       1       1        3   1.38
1960-1969      108      0.73031  0.53497  0.50       1       0       1        1   1.34
1960-1969      109      0.75231  0.54668  0.50       0       0       0        1   1.31
1960-1969      110+     0.77309  1.00000  1.29       0       0       0        0   1.29
1970-1979        0      0.01751  0.01724  0.11  100000    1724   98470  7014161  70.14
1970-1979        1      0.00188  0.00188  0.50   98276     184   98183  6915691  70.37
1970-1979        2      0.00110  0.00110  0.50   98091     108   98037  6817507  69.50
1970-1979        3      0.00085  0.00085  0.50   97984      83   97942  6719470  68.58
1970-1979        4      0.00080  0.00080  0.50   97900      79   97861  6621528  67.64
1970-1979        5      0.00049  0.00049  0.50   97822      48   97798  6523667  66.69
1970-1979        6      0.00059  0.00059  0.50   97774      57   97745  6425869  65.72
1970-1979        7      0.00055  0.00055  0.50   97716      53   97690  6328124  64.76
1970-1979        8      0.00054  0.00054  0.50   97663      53   97636  6230435  63.80
1970-1979        9      0.00045  0.00045  0.50   97610      44   97588  6132798  62.83
1970-1979       10      0.00045  0.00045  0.50   97566      44   97544  6035210  61.86
1970-1979       11      0.00040  0.00040  0.50   97522      39   97502  5937666  60.89
1970-1979       12      0.00046  0.00046  0.50   97483      45   97461  5840164  59.91
1970-1979       13      0.00048  0.00048  0.50   97438      46   97415  5742704  58.94
1970-1979       14      0.00048  0.00048  0.50   97392      47   97368  5645289  57.96
1970-1979       15      0.00058  0.00058  0.50   97345      57   97317  5547920  56.99
1970-1979       16      0.00088  0.00088  0.50   97288      86   97245  5450604  56.03
1970-1979       17      0.00105  0.00105  0.50   97203     102   97152  5353358  55.07
1970-1979       18      0.00138  0.00137  0.50   97101     133   97034  5256207  54.13
1970-1979       19      0.00135  0.00135  0.50   96967     131   96902  5159173  53.21
1970-1979       20      0.00130  0.00130  0.50   96836     126   96773  5062271  52.28
1970-1979       21      0.00149  0.00149  0.50   96710     144   96638  4965498  51.34
1970-1979       22      0.00164  0.00164  0.50   96566     158   96487  4868859  50.42
1970-1979       23      0.00157  0.00156  0.50   96408     151   96333  4772372  49.50
1970-1979       24      0.00166  0.00166  0.50   96257     160   96177  4676039  48.58
1970-1979       25      0.00178  0.00177  0.50   96098     170   96012  4579862  47.66
1970-1979       26      0.00185  0.00185  0.50   95927     178   95838  4483849  46.74
1970-1979       27      0.00203  0.00203  0.50   95750     194   95653  4388011  45.83
1970-1979       28      0.00198  0.00198  0.50   95556     189   95461  4292358  44.92
1970-1979       29      0.00184  0.00184  0.50   95367     175   95279  4196897  44.01
1970-1979       30      0.00239  0.00238  0.50   95191     227   95078  4101618  43.09
1970-1979       31      0.00229  0.00229  0.50   94964     217   94856  4006540  42.19
1970-1979       32      0.00241  0.00241  0.50   94747     228   94633  3911684  41.29
1970-1979       33      0.00258  0.00258  0.50   94519     244   94397  3817051  40.38
1970-1979       34      0.00277  0.00277  0.50   94276     261   94145  3722654  39.49
1970-1979       35      0.00296  0.00295  0.50   94014     278   93876  3628509  38.60
1970-1979       36      0.00299  0.00298  0.50   93737     280   93597  3534633  37.71
1970-1979       37      0.00328  0.00328  0.50   93457     306   93304  3441036  36.82
1970-1979       38      0.00351  0.00350  0.50   93151     326   92988  3347732  35.94
1970-1979       39      0.00376  0.00375  0.50   92825     348   92651  3254745  35.06
1970-1979       40      0.00386  0.00385  0.50   92477     356   92298  3162094  34.19
1970-1979       41      0.00405  0.00404  0.50   92120     372   91934  3069796  33.32
1970-1979       42      0.00414  0.00413  0.50   91748     379   91558  2977862  32.46
1970-1979       43      0.00468  0.00467  0.50   91369     426   91156  2886303  31.59
1970-1979       44      0.00532  0.00531  0.50   90943     483   90701  2795147  30.74
1970-1979       45      0.00529  0.00528  0.50   90460     477   90221  2704446  29.90
1970-1979       46      0.00567  0.00566  0.50   89982     509   89728  2614225  29.05
1970-1979       47      0.00606  0.00604  0.50   89473     541   89203  2524498  28.22
1970-1979       48      0.00634  0.00632  0.50   88933     562   88652  2435295  27.38
1970-1979       49      0.00676  0.00674  0.50   88371     595   88073  2346643  26.55
1970-1979       50      0.00756  0.00753  0.50   87776     661   87445  2258569  25.73
1970-1979       51      0.00868  0.00864  0.50   87114     753   86738  2171124  24.92
1970-1979       52      0.00830  0.00826  0.50   86362     714   86005  2084386  24.14
1970-1979       53      0.00950  0.00946  0.50   85648     810   85243  1998381  23.33
1970-1979       54      0.00998  0.00994  0.50   84838     843   84417  1913138  22.55
1970-1979       55      0.01037  0.01032  0.50   83995     867   83562  1828722  21.77
1970-1979       56      0.01167  0.01160  0.50   83129     965   82646  1745160  20.99
1970-1979       57      0.01264  0.01256  0.50   82164    1032   81648  1662514  20.23
1970-1979       58      0.01281  0.01272  0.50   81132    1032   80616  1580866  19.49
1970-1979       59      0.01384  0.01374  0.50   80100    1101   79549  1500250  18.73
1970-1979       60      0.01474  0.01464  0.50   78999    1156   78421  1420700  17.98
1970-1979       61      0.01567  0.01555  0.50   77843    1210   77238  1342279  17.24
1970-1979       62      0.01792  0.01776  0.50   76633    1361   75952  1265041  16.51
1970-1979       63      0.01912  0.01894  0.50   75272    1426   74559  1189089  15.80
1970-1979       64      0.02148  0.02125  0.50   73846    1569   73061  1114530  15.09
1970-1979       65      0.02345  0.02318  0.50   72277    1675   71439  1041469  14.41
1970-1979       66      0.02529  0.02498  0.50   70601    1763   69720   970030  13.74
1970-1979       67      0.02804  0.02766  0.50   68838    1904   67886   900310  13.08
1970-1979       68      0.03071  0.03024  0.50   66934    2024   65922   832424  12.44
1970-1979       69      0.03548  0.03486  0.50   64910    2263   63779   766502  11.81
1970-1979       70      0.03729  0.03661  0.50   62647    2293   61500   702723  11.22
1970-1979       71      0.04122  0.04039  0.50   60354    2438   59135   641223  10.62
1970-1979       72      0.04627  0.04523  0.50   57916    2619   56607   582088  10.05
1970-1979       73      0.04996  0.04874  0.50   55297    2695   53949   525481   9.50
1970-1979       74      0.05691  0.05533  0.50   52601    2911   51146   471532   8.96
1970-1979       75      0.06155  0.05971  0.50   49691    2967   48207   420386   8.46
1970-1979       76      0.06892  0.06662  0.50   46724    3113   45167   372179   7.97
1970-1979       77      0.07862  0.07564  0.50   43611    3299   41961   327011   7.50
1970-1979       78      0.08303  0.07972  0.50   40312    3214   38705   285050   7.07
1970-1979       79      0.09440  0.09015  0.50   37098    3344   35426   246345   6.64
1970-1979       80      0.10340  0.09831  0.50   33754    3319   32095   210918   6.25
1970-1979       81      0.11298  0.10694  0.50   30436    3255   28808   178823   5.88
1970-1979       82      0.12558  0.11816  0.50   27181    3212   25575   150015   5.52
1970-1979       83      0.13498  0.12644  0.50   23969    3031   22454   124440   5.19
1970-1979       84      0.14841  0.13816  0.50   20938    2893   19492   101986   4.87
1970-1979       85      0.15883  0.14714  0.50   18046    2655   16718    82494   4.57
1970-1979       86      0.18164  0.16652  0.50   15390    2563   14109    65776   4.27
1970-1979       87      0.19317  0.17616  0.50   12828    2260   11698    51667   4.03
1970-1979       88      0.20600  0.18676  0.50   10568    1974    9581    39970   3.78
1970-1979       89      0.23481  0.21014  0.50    8594    1806    7691    30389   3.54
1970-1979       90      0.24785  0.22052  0.50    6788    1497    6040    22697   3.34
1970-1979       91      0.27264  0.23993  0.50    5291    1270    4657    16658   3.15
1970-1979       92      0.28886  0.25241  0.50    4022    1015    3514    12001   2.98
1970-1979       93      0.30832  0.26714  0.50    3007     803    2605     8487   2.82
1970-1979       94      0.32190  0.27727  0.50    2203     611    1898     5882   2.67
1970-1979       95      0.35549  0.30184  0.50    1593     481    1352     3984   2.50
1970-1979       96      0.38010  0.31940  0.50    1112     355     934     2632   2.37
1970-1979       97      0.40539  0.33707  0.50     757     255     629     1697   2.24
1970-1979       98      0.43122  0.35474  0.50     502     178     413     1068   2.13
1970-1979       99      0.45747  0.37231  0.50     324     121     263      655   2.03
1970-1979      100      0.48399  0.38968  0.50     203      79     164      392   1.93
1970-1979      101      0.51062  0.40677  0.50     124      50      99      228   1.84
1970-1979      102      0.53723  0.42348  0.50      74      31      58      130   1.76
1970-1979      103      0.56365  0.43972  0.50      42      19      33       72   1.69
1970-1979      104      0.58973  0.45544  0.50      24      11      18       39   1.62
1970-1979      105      0.61534  0.47056  0.50      13       6      10       20   1.56
1970-1979      106      0.64034  0.48504  0.50       7       3       5       10   1.51
1970-1979      107      0.66461  0.49884  0.50       4       2       3        5   1.46
1970-1979      108      0.68806  0.51194  0.50       2       1       1        3   1.42
1970-1979      109      0.71059  0.52431  0.50       1       0       1        1   1.39
1970-1979      110+     0.73214  1.00000  1.37       0       0       1        1   1.37
1980-1989        0      0.01564  0.01543  0.12  100000    1543   98638  7011822  70.12
1980-1989        1      0.00179  0.00178  0.50   98457     176   98370  6913184  70.22
1980-1989        2      0.00103  0.00103  0.50   98282     101   98231  6814815  69.34
1980-1989        3      0.00080  0.00080  0.50   98181      78   98141  6716583  68.41
1980-1989        4      0.00071  0.00071  0.50   98102      70   98067  6618442  67.46
1980-1989        5      0.00062  0.00062  0.50   98032      60   98002  6520375  66.51
1980-1989        6      0.00053  0.00053  0.50   97972      52   97946  6422372  65.55
1980-1989        7      0.00053  0.00053  0.50   97920      52   97894  6324426  64.59
1980-1989        8      0.00059  0.00059  0.50   97868      58   97839  6226532  63.62
1980-1989        9      0.00040  0.00040  0.50   97811      39   97791  6128693  62.66
1980-1989       10      0.00042  0.00042  0.50   97772      41   97751  6030902  61.68
1980-1989       11      0.00037  0.00037  0.50   97730      36   97712  5933151  60.71
1980-1989       12      0.00036  0.00036  0.50   97694      35   97677  5835438  59.73
1980-1989       13      0.00049  0.00049  0.50   97659      48   97635  5737762  58.75
1980-1989       14      0.00056  0.00056  0.50   97611      54   97584  5640127  57.78
1980-1989       15      0.00057  0.00057  0.50   97556      56   97528  5542543  56.81
1980-1989       16      0.00077  0.00077  0.50   97500      75   97463  5445015  55.85
1980-1989       17      0.00101  0.00101  0.50   97426      98   97376  5347552  54.89
1980-1989       18      0.00129  0.00129  0.50   97327     126   97265  5250176  53.94
1980-1989       19      0.00126  0.00126  0.50   97202     122   97140  5152911  53.01
1980-1989       20      0.00130  0.00130  0.50   97079     126   97016  5055771  52.08
1980-1989       21      0.00117  0.00117  0.50   96953     113   96897  4958754  51.15
1980-1989       22      0.00143  0.00143  0.50   96840     138   96771  4861858  50.21
1980-1989       23      0.00144  0.00143  0.50   96702     139   96633  4765087  49.28
1980-1989       24      0.00170  0.00170  0.50   96563     164   96481  4668454  48.35
1980-1989       25      0.00147  0.00147  0.50   96399     141   96329  4571973  47.43
1980-1989       26      0.00165  0.00165  0.50   96258     159   96179  4475645  46.50
1980-1989       27      0.00175  0.00175  0.50   96099     168   96015  4379466  45.57
1980-1989       28      0.00194  0.00193  0.50   95931     185   95839  4283451  44.65
1980-1989       29      0.00187  0.00187  0.50   95746     179   95656  4187612  43.74
1980-1989       30      0.00187  0.00187  0.50   95567     179   95477  4091956  42.82
1980-1989       31      0.00202  0.00201  0.50   95388     192   95292  3996479  41.90
1980-1989       32      0.00235  0.00234  0.50   95196     223   95084  3901187  40.98
1980-1989       33      0.00242  0.00242  0.50   94973     230   94858  3806103  40.08
1980-1989       34      0.00250  0.00250  0.50   94743     237   94625  3711245  39.17
1980-1989       35      0.00266  0.00266  0.50   94506     251   94381  3616620  38.27
1980-1989       36      0.00280  0.00280  0.50   94255     264   94123  3522240  37.37
1980-1989       37      0.00301  0.00300  0.50   93991     282   93850  3428117  36.47
1980-1989       38      0.00335  0.00335  0.50   93709     314   93552  3334267  35.58
1980-1989       39      0.00360  0.00359  0.50   93395     335   93228  3240715  34.70
1980-1989       40      0.00391  0.00390  0.50   93060     363   92878  3147487  33.82
1980-1989       41      0.00421  0.00420  0.50   92697     390   92502  3054609  32.95
1980-1989       42      0.00442  0.00441  0.50   92307     407   92104  2962107  32.09
1980-1989       43      0.00493  0.00492  0.50   91901     452   91675  2870003  31.23
1980-1989       44      0.00493  0.00491  0.50   91449     449   91224  2778328  30.38
1980-1989       45      0.00579  0.00577  0.50   90999     525   90736  2687104  29.53
1980-1989       46      0.00653  0.00650  0.50   90474     588   90179  2596368  28.70
1980-1989       47      0.00658  0.00656  0.50   89885     590   89590  2506189  27.88
1980-1989       48      0.00669  0.00667  0.50   89296     596   88998  2416598  27.06
1980-1989       49      0.00758  0.00755  0.50   88700     670   88365  2327600  26.24
1980-1989       50      0.00815  0.00811  0.50   88030     714   87673  2239235  25.44
1980-1989       51      0.00871  0.00867  0.50   87316     757   86937  2151563  24.64
1980-1989       52      0.00980  0.00975  0.50   86559     844   86137  2064626  23.85
1980-1989       53      0.01006  0.01001  0.50   85715     858   85286  1978489  23.08
1980-1989       54      0.01091  0.01085  0.50   84857     920   84396  1893203  22.31
1980-1989       55      0.01222  0.01215  0.50   83936    1020   83426  1808807  21.55
1980-1989       56      0.01266  0.01258  0.50   82917    1043   82395  1725380  20.81
1980-1989       57      0.01361  0.01352  0.50   81873    1107   81320  1642986  20.07
1980-1989       58      0.01455  0.01445  0.50   80767    1167   80183  1561665  19.34
1980-1989       59      0.01549  0.01537  0.50   79600    1224   78988  1481482  18.61
1980-1989       60      0.01681  0.01667  0.50   78376    1307   77723  1402494  17.89
1980-1989       61      0.01785  0.01769  0.50   77070    1363   76388  1324771  17.19
1980-1989       62      0.01958  0.01939  0.50   75706    1468   74972  1248383  16.49
1980-1989       63      0.02071  0.02050  0.50   74238    1522   73477  1173410  15.81
1980-1989       64      0.02337  0.02310  0.50   72716    1680   71876  1099933  15.13
1980-1989       65      0.02452  0.02422  0.50   71037    1721   70176  1028057  14.47
1980-1989       66      0.02740  0.02703  0.50   69316    1874   68379   957880  13.82
1980-1989       67      0.02878  0.02837  0.50   67442    1913   66486   889501  13.19
1980-1989       68      0.03241  0.03190  0.50   65529    2090   64484   823016  12.56
1980-1989       69      0.03401  0.03344  0.50   63439    2121   62378   758532  11.96
1980-1989       70      0.03772  0.03702  0.50   61317    2270   60183   696154  11.35
1980-1989       71      0.04092  0.04010  0.50   59048    2368   57864   635971  10.77
1980-1989       72      0.04608  0.04504  0.50   56680    2553   55403   578107  10.20
1980-1989       73      0.04913  0.04796  0.50   54127    2596   52829   522704   9.66
1980-1989       74      0.05466  0.05321  0.50   51531    2742   50160   469875   9.12
1980-1989       75      0.06058  0.05880  0.50   48789    2869   47355   419715   8.60
1980-1989       76      0.06481  0.06277  0.50   45920    2883   44479   372360   8.11
1980-1989       77      0.07452  0.07184  0.50   43038    3092   41492   327881   7.62
1980-1989       78      0.08276  0.07947  0.50   39946    3174   38359   286389   7.17
1980-1989       79      0.09063  0.08670  0.50   36771    3188   35177   248030   6.75
1980-1989       80      0.09830  0.09370  0.50   33583    3147   32010   212853   6.34
1980-1989       81      0.11091  0.10508  0.50   30437    3198   28838   180843   5.94
1980-1989       82      0.12038  0.11355  0.50   27238    3093   25692   152005   5.58
1980-1989       83      0.13183  0.12368  0.50   24146    2986   22652   126313   5.23
1980-1989       84      0.15007  0.13960  0.50   21159    2954   19682   103661   4.90
1980-1989       85      0.16230  0.15012  0.50   18205    2733   16839    83979   4.61
1980-1989       86      0.17629  0.16201  0.50   15472    2507   14219    67140   4.34
1980-1989       87      0.19188  0.17509  0.50   12966    2270   11831    52921   4.08
1980-1989       88      0.20322  0.18447  0.50   10696    1973    9709    41090   3.84
1980-1989       89      0.22352  0.20105  0.50    8723    1754    7846    31381   3.60
1980-1989       90      0.24141  0.21541  0.50    6969    1501    6218    23535   3.38
1980-1989       91      0.26159  0.23133  0.50    5468    1265    4835    17317   3.17
1980-1989       92      0.28011  0.24570  0.50    4203    1033    3687    12481   2.97
1980-1989       93      0.31326  0.27084  0.50    3170     859    2741     8795   2.77
1980-1989       94      0.33892  0.28981  0.50    2312     670    1977     6054   2.62
1980-1989       95      0.35744  0.30324  0.50    1642     498    1393     4077   2.48
1980-1989       96      0.38288  0.32136  0.50    1144     368     960     2684   2.35
1980-1989       97      0.40902  0.33957  0.50     776     264     644     1724   2.22
1980-1989       98      0.43572  0.35778  0.50     513     183     421     1080   2.11
1980-1989       99      0.46284  0.37586  0.50     329     124     267      659   2.00
1980-1989      100      0.49022  0.39372  0.50     205      81     165      392   1.91
1980-1989      101      0.51769  0.41124  0.50     125      51      99      226   1.82
1980-1989      102      0.54508  0.42834  0.50      73      31      58      127   1.74
1980-1989      103      0.57222  0.44492  0.50      42      19      33       70   1.67
1980-1989      104      0.59896  0.46092  0.50      23      11      18       37   1.60
1980-1989      105      0.62515  0.47628  0.50      13       6      10       19   1.54
1980-1989      106      0.65064  0.49093  0.50       7       3       5       10   1.49
1980-1989      107      0.67531  0.50485  0.50       3       2       3        5   1.44
1980-1989      108      0.69906  0.51800  0.50       2       1       1        2   1.40
1980-1989      109      0.72180  0.53038  0.50       1       0       1        1   1.37
1980-1989      110+     0.74346  1.00000  1.35       0       0       1        1   1.35
1990-1999        0      0.01250  0.01237  0.12  100000    1237   98916  6920180  69.20
1990-1999        1      0.00130  0.00130  0.50   98763     129   98699  6821263  69.07
1990-1999        2      0.00087  0.00087  0.50   98635      86   98592  6722564  68.16
1990-1999        3      0.00069  0.00069  0.50   98549      68   98515  6623972  67.22
1990-1999        4      0.00050  0.00050  0.50   98481      50   98456  6525458  66.26
1990-1999        5      0.00046  0.00046  0.50   98431      46   98409  6427001  65.29
1990-1999        6      0.00044  0.00044  0.50   98386      43   98364  6328593  64.32
1990-1999        7      0.00046  0.00046  0.50   98343      45   98320  6230228  63.35
1990-1999        8      0.00043  0.00043  0.50   98298      42   98277  6131908  62.38
1990-1999        9      0.00039  0.00039  0.50   98256      38   98237  6033631  61.41
1990-1999       10      0.00038  0.00038  0.50   98218      38   98199  5935395  60.43
1990-1999       11      0.00037  0.00037  0.50   98180      37   98162  5837196  59.45
1990-1999       12      0.00040  0.00040  0.50   98143      40   98123  5739034  58.48
1990-1999       13      0.00035  0.00035  0.50   98104      35   98086  5640911  57.50
1990-1999       14      0.00051  0.00051  0.50   98069      50   98044  5542825  56.52
1990-1999       15      0.00065  0.00065  0.50   98019      64   97986  5444781  55.55
1990-1999       16      0.00065  0.00065  0.50   97954      64   97922  5346794  54.58
1990-1999       17      0.00101  0.00101  0.50   97890      99   97841  5248872  53.62
1990-1999       18      0.00139  0.00139  0.50   97792     136   97724  5151031  52.67
1990-1999       19      0.00163  0.00163  0.50   97656     159   97577  5053307  51.75
1990-1999       20      0.00177  0.00177  0.50   97497     172   97411  4955730  50.83
1990-1999       21      0.00166  0.00166  0.50   97325     161   97244  4858319  49.92
1990-1999       22      0.00182  0.00182  0.50   97163     177   97075  4761075  49.00
1990-1999       23      0.00186  0.00186  0.50   96987     180   96896  4664000  48.09
1990-1999       24      0.00175  0.00175  0.50   96806     169   96722  4567103  47.18
1990-1999       25      0.00188  0.00188  0.50   96637     182   96547  4470381  46.26
1990-1999       26      0.00204  0.00204  0.50   96456     197   96357  4373835  45.35
1990-1999       27      0.00210  0.00209  0.50   96259     201   96158  4277477  44.44
1990-1999       28      0.00208  0.00208  0.50   96058     199   95958  4181319  43.53
1990-1999       29      0.00208  0.00207  0.50   95858     199   95759  4085361  42.62
1990-1999       30      0.00226  0.00226  0.50   95659     216   95551  3989602  41.71
1990-1999       31      0.00246  0.00246  0.50   95444     235   95326  3894051  40.80
1990-1999       32      0.00271  0.00270  0.50   95209     258   95080  3798725  39.90
1990-1999       33      0.00290  0.00290  0.50   94951     275   94814  3703645  39.01
1990-1999       34      0.00304  0.00304  0.50   94676     288   94532  3608831  38.12
1990-1999       35      0.00337  0.00337  0.50   94388     318   94229  3514299  37.23
1990-1999       36      0.00360  0.00359  0.50   94070     338   93901  3420070  36.36
1990-1999       37      0.00411  0.00410  0.50   93732     384   93540  3326169  35.49
1990-1999       38      0.00413  0.00412  0.50   93348     385   93156  3232629  34.63
1990-1999       39      0.00464  0.00463  0.50   92963     431   92748  3139473  33.77
1990-1999       40      0.00501  0.00500  0.50   92532     462   92301  3046725  32.93
1990-1999       41      0.00510  0.00509  0.50   92070     468   91836  2954424  32.09
1990-1999       42      0.00563  0.00562  0.50   91602     515   91344  2862588  31.25
1990-1999       43      0.00638  0.00636  0.50   91087     579   90797  2771244  30.42
1990-1999       44      0.00658  0.00656  0.50   90508     594   90211  2680446  29.62
1990-1999       45      0.00719  0.00716  0.50   89914     644   89592  2590235  28.81
1990-1999       46      0.00807  0.00804  0.50   89270     718   88911  2500643  28.01
1990-1999       47      0.00796  0.00793  0.50   88553     702   88201  2411732  27.24
1990-1999       48      0.00881  0.00877  0.50   87850     770   87465  2323531  26.45
1990-1999       49      0.00929  0.00924  0.50   87080     805   86677  2236066  25.68
1990-1999       50      0.01012  0.01007  0.50   86275     869   85840  2149389  24.91
1990-1999       51      0.01042  0.01037  0.50   85406     885   84963  2063548  24.16
1990-1999       52      0.01196  0.01189  0.50   84521    1005   84018  1978585  23.41
1990-1999       53      0.01271  0.01263  0.50   83516    1055   82988  1894567  22.69
1990-1999       54      0.01295  0.01286  0.50   82461    1061   81931  1811579  21.97
1990-1999       55      0.01477  0.01466  0.50   81400    1193   80804  1729648  21.25
1990-1999       56      0.01489  0.01478  0.50   80207    1186   79614  1648844  20.56
1990-1999       57      0.01612  0.01599  0.50   79021    1264   78390  1569230  19.86
1990-1999       58      0.01678  0.01664  0.50   77758    1294   77111  1490841  19.17
1990-1999       59      0.01819  0.01803  0.50   76464    1379   75775  1413730  18.49
1990-1999       60      0.01935  0.01917  0.50   75085    1439   74366  1337955  17.82
1990-1999       61      0.02136  0.02114  0.50   73646    1557   72868  1263589  17.16
1990-1999       62      0.02287  0.02261  0.50   72090    1630   71275  1190721  16.52
1990-1999       63      0.02482  0.02451  0.50   70460    1727   69596  1119447  15.89
1990-1999       64      0.02575  0.02542  0.50   68733    1747   67859  1049850  15.27
1990-1999       65      0.02711  0.02675  0.50   66985    1792   66090   981992  14.66
1990-1999       66      0.02924  0.02882  0.50   65194    1879   64254   915902  14.05
1990-1999       67      0.03106  0.03058  0.50   63315    1936   62347   851648  13.45
1990-1999       68      0.03238  0.03187  0.50   61379    1956   60401   789301  12.86
1990-1999       69      0.03478  0.03419  0.50   59423    2031   58407   728900  12.27
1990-1999       70      0.03795  0.03725  0.50   57391    2138   56322   670493  11.68
1990-1999       71      0.04036  0.03956  0.50   55254    2186   54161   614171  11.12
1990-1999       72      0.04476  0.04378  0.50   53068    2323   51906   560010  10.55
1990-1999       73      0.04728  0.04619  0.50   50744    2344   49572   508104  10.01
1990-1999       74      0.05211  0.05079  0.50   48400    2458   47171   458532   9.47
1990-1999       75      0.05725  0.05565  0.50   45942    2557   44664   411361   8.95
1990-1999       76      0.06171  0.05986  0.50   43385    2597   42087   366697   8.45
1990-1999       77      0.06728  0.06509  0.50   40788    2655   39461   324610   7.96
1990-1999       78      0.07759  0.07469  0.50   38133    2848   36709   285149   7.48
1990-1999       79      0.08193  0.07870  0.50   35285    2777   33896   248440   7.04
1990-1999       80      0.09258  0.08849  0.50   32508    2877   31070   214544   6.60
1990-1999       81      0.10297  0.09793  0.50   29631    2902   28180   183474   6.19
1990-1999       82      0.11187  0.10594  0.50   26730    2832   25314   155294   5.81
1990-1999       83      0.12362  0.11642  0.50   23898    2782   22507   129980   5.44
1990-1999       84      0.13405  0.12563  0.50   21116    2653   19789   107473   5.09
1990-1999       85      0.15034  0.13983  0.50   18463    2582   17172    87684   4.75
1990-1999       86      0.16471  0.15218  0.50   15881    2417   14673    70512   4.44
1990-1999       87      0.18316  0.16779  0.50   13464    2259   12335    55839   4.15
1990-1999       88      0.19896  0.18096  0.50   11205    2028   10191    43505   3.88
1990-1999       89      0.21335  0.19278  0.50    9177    1769    8293    33313   3.63
1990-1999       90      0.23988  0.21419  0.50    7408    1587    6615    25021   3.38
1990-1999       91      0.26927  0.23732  0.50    5821    1382    5131    18406   3.16
1990-1999       92      0.27920  0.24500  0.50    4440    1088    3896    13275   2.99
1990-1999       93      0.30273  0.26293  0.50    3352     881    2911     9379   2.80
1990-1999       94      0.32825  0.28197  0.50    2471     697    2122     6468   2.62
1990-1999       95      0.36040  0.30537  0.50    1774     542    1503     4345   2.45
1990-1999       96      0.38796  0.32493  0.50    1232     400    1032     2842   2.31
1990-1999       97      0.41634  0.34460  0.50     832     287     689     1810   2.18
1990-1999       98      0.44537  0.36425  0.50     545     199     446     1121   2.06
1990-1999       99      0.47485  0.38374  0.50     347     133     280      675   1.95
1990-1999      100      0.50458  0.40293  0.50     214      86     171      395   1.85
1990-1999      101      0.53435  0.42169  0.50     128      54     101      225   1.76
1990-1999      102      0.56394  0.43990  0.50      74      32      58      124   1.68
1990-1999      103      0.59314  0.45747  0.50      41      19      32       66   1.61
1990-1999      104      0.62176  0.47430  0.50      22      11      17       35   1.54
1990-1999      105      0.64959  0.49033  0.50      12       6       9       18   1.49
1990-1999      106      0.67649  0.50550  0.50       6       3       4        9   1.43
1990-1999      107      0.70231  0.51978  0.50       3       2       2        4   1.39
1990-1999      108      0.72693  0.53315  0.50       1       1       1        2   1.35
1990-1999      109      0.75026  0.54559  0.50       1       0       0        1   1.32
1990-1999      110+     0.77225  1.00000  1.29       0       0       0        0   1.29
2000-2009        0      0.00595  0.00592  0.14  100000     592   99489  7261525  72.62
2000-2009        1      0.00064  0.00064  0.50   99408      63   99376  7162036  72.05
2000-2009        2      0.00042  0.00042  0.50   99345      42   99323  7062659  71.09
2000-2009        3      0.00027  0.00027  0.50   99302      27   99289  6963336  70.12
2000-2009        4      0.00028  0.00028  0.50   99276      28   99262  6864047  69.14
2000-2009        5      0.00033  0.00033  0.50   99248      33   99231  6764785  68.16
2000-2009        6      0.00025  0.00024  0.50   99215      24   99203  6665554  67.18
2000-2009        7      0.00027  0.00027  0.50   99190      27   99177  6566352  66.20
2000-2009        8      0.00020  0.00020  0.50   99164      20   99154  6467175  65.22
2000-2009        9      0.00019  0.00019  0.50   99144      19   99134  6368021  64.23
2000-2009       10      0.00018  0.00018  0.50   99124      18   99115  6268887  63.24
2000-2009       11      0.00024  0.00024  0.50   99106      24   99094  6169772  62.25
2000-2009       12      0.00021  0.00021  0.50   99082      20   99072  6070678  61.27
2000-2009       13      0.00025  0.00025  0.50   99062      25   99049  5971606  60.28
2000-2009       14      0.00029  0.00029  0.50   99037      29   99023  5872556  59.30
2000-2009       15      0.00039  0.00039  0.50   99008      38   98989  5773534  58.31
2000-2009       16      0.00050  0.00050  0.50   98970      50   98945  5674544  57.34
2000-2009       17      0.00057  0.00057  0.50   98921      57   98892  5575599  56.36
2000-2009       18      0.00094  0.00094  0.50   98864      93   98817  5476707  55.40
2000-2009       19      0.00102  0.00102  0.50   98771     101   98720  5377889  54.45
2000-2009       20      0.00131  0.00131  0.50   98670     129   98605  5279169  53.50
2000-2009       21      0.00120  0.00120  0.50   98541     118   98482  5180563  52.57
2000-2009       22      0.00148  0.00148  0.50   98423     146   98350  5082082  51.64
2000-2009       23      0.00143  0.00143  0.50   98277     140   98206  4983732  50.71
2000-2009       24      0.00154  0.00154  0.50   98136     151   98061  4885525  49.78
2000-2009       25      0.00154  0.00154  0.50   97985     150   97910  4787465  48.86
2000-2009       26      0.00164  0.00164  0.50   97835     160   97755  4689555  47.93
2000-2009       27      0.00160  0.00160  0.50   97675     156   97597  4591800  47.01
2000-2009       28      0.00155  0.00155  0.50   97519     151   97443  4494204  46.09
2000-2009       29      0.00169  0.00169  0.50   97367     164   97285  4396761  45.16
2000-2009       30      0.00179  0.00179  0.50   97203     174   97116  4299475  44.23
2000-2009       31      0.00172  0.00172  0.50   97029     167   96946  4202360  43.31
2000-2009       32      0.00194  0.00194  0.50   96862     187   96769  4105414  42.38
2000-2009       33      0.00202  0.00202  0.50   96675     196   96577  4008646  41.47
2000-2009       34      0.00203  0.00203  0.50   96479     196   96381  3912069  40.55
2000-2009       35      0.00229  0.00229  0.50   96284     220   96173  3815687  39.63
2000-2009       36      0.00231  0.00231  0.50   96063     222   95953  3719514  38.72
2000-2009       37      0.00261  0.00260  0.50   95842     249   95717  3623561  37.81
2000-2009       38      0.00290  0.00290  0.50   95592     277   95454  3527844  36.91
2000-2009       39      0.00302  0.00302  0.50   95315     288   95171  3432390  36.01
2000-2009       40      0.00357  0.00357  0.50   95028     339   94858  3337219  35.12
2000-2009       41      0.00381  0.00381  0.50   94689     360   94509  3242361  34.24
2000-2009       42      0.00440  0.00439  0.50   94328     414   94121  3147852  33.37
2000-2009       43      0.00455  0.00454  0.50   93914     426   93701  3053731  32.52
2000-2009       44      0.00526  0.00525  0.50   93488     491   93243  2960030  31.66
2000-2009       45      0.00568  0.00566  0.50   92997     527   92734  2866787  30.83
2000-2009       46      0.00625  0.00623  0.50   92471     576   92183  2774054  30.00
2000-2009       47      0.00694  0.00691  0.50   91895     635   91577  2681871  29.18
2000-2009       48      0.00697  0.00695  0.50   91259     634   90942  2590294  28.38
2000-2009       49      0.00765  0.00762  0.50   90626     691   90280  2499352  27.58
2000-2009       50      0.00862  0.00858  0.50   89935     772   89549  2409071  26.79
2000-2009       51      0.00903  0.00899  0.50   89163     802   88762  2319522  26.01
2000-2009       52      0.00991  0.00986  0.50   88362     871   87926  2230760  25.25
2000-2009       53      0.01050  0.01045  0.50   87490     914   87033  2142834  24.49
2000-2009       54      0.01092  0.01087  0.50   86576     941   86106  2055801  23.75
2000-2009       55      0.01209  0.01202  0.50   85636    1029   85121  1969695  23.00
2000-2009       56      0.01248  0.01240  0.50   84606    1049   84082  1884574  22.27
2000-2009       57      0.01364  0.01355  0.50   83557    1132   82991  1800492  21.55
2000-2009       58      0.01416  0.01406  0.50   82425    1159   81846  1717501  20.84
2000-2009       59      0.01518  0.01506  0.50   81266    1224   80654  1635656  20.13
2000-2009       60      0.01652  0.01639  0.50   80042    1312   79386  1555002  19.43
2000-2009       61      0.01763  0.01748  0.50   78730    1376   78042  1475616  18.74
2000-2009       62      0.01803  0.01787  0.50   77354    1382   76663  1397573  18.07
2000-2009       63      0.01942  0.01924  0.50   75972    1461   75241  1320910  17.39
2000-2009       64      0.02117  0.02095  0.50   74510    1561   73730  1245669  16.72
2000-2009       65      0.02269  0.02244  0.50   72949    1637   72131  1171939  16.07
2000-2009       66      0.02376  0.02348  0.50   71312    1674   70475  1099808  15.42
2000-2009       67      0.02460  0.02430  0.50   69638    1692   68792  1029333  14.78
2000-2009       68      0.02746  0.02709  0.50   67946    1840   67026   960541  14.14
2000-2009       69      0.02849  0.02809  0.50   66106    1857   65177   893515  13.52
2000-2009       70      0.03133  0.03084  0.50   64249    1982   63258   828338  12.89
2000-2009       71      0.03328  0.03274  0.50   62267    2038   61248   765080  12.29
2000-2009       72      0.03704  0.03637  0.50   60229    2190   59134   703832  11.69
2000-2009       73      0.04028  0.03948  0.50   58038    2292   56893   644698  11.11
2000-2009       74      0.04377  0.04283  0.50   55747    2388   54553   587806  10.54
2000-2009       75      0.04696  0.04588  0.50   53359    2448   52135   533253   9.99
2000-2009       76      0.05134  0.05005  0.50   50911    2548   49637   481118   9.45
2000-2009       77      0.05552  0.05402  0.50   48362    2612   47056   431482   8.92
2000-2009       78      0.06090  0.05910  0.50   45750    2704   44398   384425   8.40
2000-2009       79      0.06563  0.06354  0.50   43046    2735   41679   340027   7.90
2000-2009       80      0.07461  0.07192  0.50   40311    2899   38861   298349   7.40
2000-2009       81      0.08261  0.07933  0.50   37412    2968   35928   259487   6.94
2000-2009       82      0.09301  0.08888  0.50   34444    3061   32913   223560   6.49
2000-2009       83      0.09786  0.09329  0.50   31382    2928   29919   190646   6.07
2000-2009       84      0.11303  0.10699  0.50   28455    3044   26933   160728   5.65
2000-2009       85      0.12483  0.11750  0.50   25410    2986   23918   133795   5.27
2000-2009       86      0.14049  0.13127  0.50   22425    2944   20953   109878   4.90
2000-2009       87      0.15787  0.14632  0.50   19481    2851   18056    88925   4.56
2000-2009       88      0.16837  0.15530  0.50   16630    2583   15339    70869   4.26
2000-2009       89      0.18576  0.16997  0.50   14048    2388   12854    55530   3.95
2000-2009       90      0.21411  0.19341  0.50   11660    2255   10533    42676   3.66
2000-2009       91      0.23394  0.20944  0.50    9405    1970    8420    32144   3.42
2000-2009       92      0.25490  0.22609  0.50    7435    1681    6595    23724   3.19
2000-2009       93      0.28834  0.25201  0.50    5754    1450    5029    17129   2.98
2000-2009       94      0.29506  0.25712  0.50    4304    1107    3751    12100   2.81
2000-2009       95      0.33008  0.28332  0.50    3197     906    2744     8349   2.61
2000-2009       96      0.35831  0.30387  0.50    2292     696    1943     5605   2.45
2000-2009       97      0.38765  0.32471  0.50    1595     518    1336     3661   2.30
2000-2009       98      0.41789  0.34567  0.50    1077     372     891     2325   2.16
2000-2009       99      0.44883  0.36657  0.50     705     258     576     1434   2.03
2000-2009      100      0.48024  0.38725  0.50     446     173     360      858   1.92
2000-2009      101      0.51186  0.40756  0.50     274     111     218      498   1.82
2000-2009      102      0.54344  0.42733  0.50     162      69     127      281   1.73
2000-2009      103      0.57472  0.44643  0.50      93      41      72      153   1.65
2000-2009      104      0.60546  0.46476  0.50      51      24      39       81   1.58
2000-2009      105      0.63541  0.48221  0.50      28      13      21       42   1.51
2000-2009      106      0.66439  0.49872  0.50      14       7      11       21   1.45
2000-2009      107      0.69221  0.51423  0.50       7       4       5       10   1.40
2000-2009      108      0.71872  0.52872  0.50       3       2       3        5   1.36
2000-2009      109      0.74382  0.54218  0.50       2       1       1        2   1.33
2000-2009      110+     0.76742  1.00000  1.30       1       1       1        1   1.30
2010-2019        0      0.00243  0.00243  0.14  100000     243   99792  7738516  77.39
2010-2019        1      0.00036  0.00036  0.50   99757      36   99739  7638724  76.57
2010-2019        2      0.00022  0.00022  0.50   99721      22   99710  7538985  75.60
2010-2019        3      0.00015  0.00015  0.50   99698      15   99691  7439275  74.62
2010-2019        4      0.00019  0.00019  0.50   99684      19   99674  7339584  73.63
2010-2019        5      0.00017  0.00017  0.50   99665      17   99657  7239910  72.64
2010-2019        6      0.00016  0.00016  0.50   99648      16   99640  7140253  71.65
2010-2019        7      0.00014  0.00014  0.50   99633      14   99625  7040613  70.67
2010-2019        8      0.00009  0.00009  0.50   99618       9   99614  6940988  69.68
2010-2019        9      0.00008  0.00008  0.50   99609       8   99605  6841374  68.68
2010-2019       10      0.00018  0.00018  0.50   99601      18   99592  6741769  67.69
2010-2019       11      0.00012  0.00012  0.50   99584      12   99578  6642177  66.70
2010-2019       12      0.00013  0.00013  0.50   99572      13   99565  6542599  65.71
2010-2019       13      0.00016  0.00016  0.50   99558      16   99550  6443034  64.72
2010-2019       14      0.00019  0.00019  0.50   99542      19   99533  6343483  63.73
2010-2019       15      0.00033  0.00033  0.50   99524      33   99507  6243950  62.74
2010-2019       16      0.00028  0.00028  0.50   99491      28   99476  6144443  61.76
2010-2019       17      0.00041  0.00041  0.50   99462      41   99442  6044967  60.78
2010-2019       18      0.00053  0.00053  0.50   99421      53   99395  5945525  59.80
2010-2019       19      0.00059  0.00059  0.50   99369      58   99339  5846130  58.83
2010-2019       20      0.00075  0.00075  0.50   99310      74   99273  5746790  57.87
2010-2019       21      0.00062  0.00062  0.50   99236      62   99205  5647517  56.91
2010-2019       22      0.00062  0.00062  0.50   99174      62   99143  5548312  55.95
2010-2019       23      0.00068  0.00068  0.50   99112      68   99078  5449169  54.98
2010-2019       24      0.00072  0.00072  0.50   99045      71   99009  5350091  54.02
2010-2019       25      0.00089  0.00089  0.50   98974      88   98930  5251082  53.06
2010-2019       26      0.00087  0.00087  0.50   98886      86   98843  5152152  52.10
2010-2019       27      0.00097  0.00097  0.50   98799      95   98752  5053310  51.15
2010-2019       28      0.00111  0.00111  0.50   98704     109   98649  4954558  50.20
2010-2019       29      0.00115  0.00115  0.50   98595     113   98538  4855908  49.25
2010-2019       30      0.00127  0.00127  0.50   98481     125   98419  4757370  48.31
2010-2019       31      0.00148  0.00148  0.50   98356     146   98283  4658951  47.37
2010-2019       32      0.00143  0.00143  0.50   98211     140   98140  4560668  46.44
2010-2019       33      0.00135  0.00135  0.50   98070     132   98004  4462527  45.50
2010-2019       34      0.00144  0.00144  0.50   97938     141   97868  4364523  44.56
2010-2019       35      0.00152  0.00152  0.50   97797     149   97723  4266656  43.63
2010-2019       36      0.00139  0.00139  0.50   97648     136   97580  4168933  42.69
2010-2019       37      0.00168  0.00168  0.50   97512     163   97431  4071353  41.75
2010-2019       38      0.00171  0.00171  0.50   97349     167   97266  3973922  40.82
2010-2019       39      0.00181  0.00181  0.50   97183     176   97095  3876656  39.89
2010-2019       40      0.00188  0.00188  0.50   97007     182   96916  3779561  38.96
2010-2019       41      0.00219  0.00219  0.50   96825     212   96719  3682646  38.03
2010-2019       42      0.00216  0.00216  0.50   96613     208   96509  3585927  37.12
2010-2019       43      0.00257  0.00256  0.50   96405     247   96281  3489418  36.20
2010-2019       44      0.00276  0.00276  0.50   96158     266   96025  3393137  35.29
2010-2019       45      0.00297  0.00296  0.50   95892     284   95750  3297112  34.38
2010-2019       46      0.00360  0.00360  0.50   95608     344   95436  3201362  33.48
2010-2019       47      0.00344  0.00344  0.50   95264     327   95101  3105926  32.60
2010-2019       48      0.00374  0.00373  0.50   94937     354   94760  3010825  31.71
2010-2019       49      0.00427  0.00426  0.50   94583     403   94381  2916066  30.83
2010-2019       50      0.00459  0.00458  0.50   94180     431   93964  2821685  29.96
2010-2019       51      0.00533  0.00532  0.50   93748     499   93499  2727721  29.10
2010-2019       52      0.00550  0.00548  0.50   93249     511   92994  2634222  28.25
2010-2019       53      0.00616  0.00614  0.50   92738     569   92453  2541228  27.40
2010-2019       54      0.00676  0.00674  0.50   92169     621   91858  2448775  26.57
2010-2019       55      0.00743  0.00740  0.50   91548     677   91209  2356916  25.75
2010-2019       56      0.00782  0.00779  0.50   90871     708   90517  2265707  24.93
2010-2019       57      0.00861  0.00857  0.50   90163     773   89776  2175191  24.13
2010-2019       58      0.00935  0.00931  0.50   89390     832   88974  2085414  23.33
2010-2019       59      0.01063  0.01057  0.50   88558     936   88090  1996440  22.54
2010-2019       60      0.01132  0.01126  0.50   87622     986   87129  1908350  21.78
2010-2019       61      0.01253  0.01245  0.50   86636    1078   86096  1821221  21.02
2010-2019       62      0.01314  0.01306  0.50   85557    1117   84999  1735124  20.28
2010-2019       63      0.01486  0.01475  0.50   84440    1245   83818  1650126  19.54
2010-2019       64      0.01502  0.01491  0.50   83195    1240   82575  1566308  18.83
2010-2019       65      0.01683  0.01669  0.50   81955    1368   81271  1483733  18.10
2010-2019       66      0.01766  0.01751  0.50   80587    1411   79882  1402462  17.40
2010-2019       67      0.01872  0.01855  0.50   79176    1469   78442  1322581  16.70
2010-2019       68      0.02021  0.02001  0.50   77707    1555   76930  1244139  16.01
2010-2019       69      0.02162  0.02139  0.50   76153    1629   75338  1167209  15.33
2010-2019       70      0.02369  0.02341  0.50   74524    1745   73651  1091871  14.65
2010-2019       71      0.02520  0.02489  0.50   72779    1811   71873  1018219  13.99
2010-2019       72      0.02761  0.02723  0.50   70968    1933   70002   946346  13.33
2010-2019       73      0.03093  0.03046  0.50   69035    2103   67984   876344  12.69
2010-2019       74      0.03136  0.03088  0.50   66932    2067   65899   808360  12.08
2010-2019       75      0.03498  0.03438  0.50   64865    2230   63750   742462  11.45
2010-2019       76      0.03678  0.03612  0.50   62635    2262   61504   678711  10.84
2010-2019       77      0.04117  0.04034  0.50   60373    2435   59155   617207  10.22
2010-2019       78      0.04597  0.04494  0.50   57938    2604   56636   558052   9.63
2010-2019       79      0.04987  0.04866  0.50   55334    2692   53988   501416   9.06
2010-2019       80      0.05704  0.05546  0.50   52642    2919   51182   447428   8.50
2010-2019       81      0.06332  0.06137  0.50   49723    3052   48197   396246   7.97
2010-2019       82      0.06954  0.06721  0.50   46671    3137   45103   348049   7.46
2010-2019       83      0.07694  0.07409  0.50   43534    3225   41922   302946   6.96
2010-2019       84      0.08853  0.08478  0.50   40309    3417   38600   261025   6.48
2010-2019       85      0.09645  0.09201  0.50   36892    3394   35194   222425   6.03
2010-2019       86      0.11253  0.10653  0.50   33497    3569   31713   187230   5.59
2010-2019       87      0.12486  0.11752  0.50   29929    3517   28170   155517   5.20
2010-2019       88      0.13843  0.12947  0.50   26411    3420   24702   127347   4.82
2010-2019       89      0.15906  0.14734  0.50   22992    3388   21298   102646   4.46
2010-2019       90      0.17102  0.15754  0.50   19604    3089   18060    81348   4.15
2010-2019       91      0.19763  0.17986  0.50   16516    2970   15030    63288   3.83
2010-2019       92      0.21196  0.19165  0.50   13545    2596   12247    48258   3.56
2010-2019       93      0.24380  0.21731  0.50   10949    2379    9759    36010   3.29
2010-2019       94      0.25921  0.22947  0.50    8570    1967    7587    26251   3.06
2010-2019       95      0.29356  0.25598  0.50    6603    1690    5758    18664   2.83
2010-2019       96      0.32283  0.27796  0.50    4913    1366    4230    12906   2.63
2010-2019       97      0.35370  0.30055  0.50    3547    1066    3014     8676   2.45
2010-2019       98      0.38598  0.32354  0.50    2481     803    2080     5662   2.28
2010-2019       99      0.41942  0.34671  0.50    1678     582    1387     3582   2.13
2010-2019      100      0.45373  0.36983  0.50    1097     406     894     2195   2.00
2010-2019      101      0.48860  0.39267  0.50     691     271     555     1301   1.88
2010-2019      102      0.52368  0.41501  0.50     420     174     333      746   1.78
2010-2019      103      0.55861  0.43665  0.50     245     107     192      413   1.68
2010-2019      104      0.59305  0.45742  0.50     138      63     107      221   1.60
2010-2019      105      0.62666  0.47715  0.50      75      36      57      114   1.52
2010-2019      106      0.65915  0.49576  0.50      39      19      30       57   1.46
2010-2019      107      0.69026  0.51315  0.50      20      10      15       28   1.40
2010-2019      108      0.71977  0.52929  0.50      10       5       7       13   1.36
2010-2019      109      0.74754  0.54415  0.50       5       2       3        6   1.32
2010-2019      110+     0.77345  1.00000  1.29       2       2       3        3   1.29
