Northern Ireland, Life tables (period 1x10), Total	Last modified: 18 May 2022;  Methods Protocol: v6 (2017)

  Year          Age         mx       qx    ax      lx      dx      Lx       Tx     ex
1922-1929        0      0.08613  0.08127  0.31  100000    8127   94356  5535753  55.36
1922-1929        1      0.02468  0.02438  0.50   91873    2240   90753  5441397  59.23
1922-1929        2      0.01055  0.01049  0.50   89633     940   89162  5350644  59.70
1922-1929        3      0.00622  0.00620  0.50   88692     550   88417  5261481  59.32
1922-1929        4      0.00420  0.00419  0.50   88142     369   87957  5173064  58.69
1922-1929        5      0.00322  0.00321  0.50   87773     282   87632  5085107  57.93
1922-1929        6      0.00275  0.00274  0.50   87491     240   87371  4997475  57.12
1922-1929        7      0.00237  0.00237  0.50   87251     207   87147  4910104  56.28
1922-1929        8      0.00210  0.00210  0.50   87044     183   86952  4822957  55.41
1922-1929        9      0.00195  0.00195  0.50   86861     169   86776  4736005  54.52
1922-1929       10      0.00190  0.00190  0.50   86692     164   86609  4649229  53.63
1922-1929       11      0.00192  0.00192  0.50   86527     166   86444  4562619  52.73
1922-1929       12      0.00203  0.00203  0.50   86361     175   86273  4476175  51.83
1922-1929       13      0.00223  0.00223  0.50   86186     192   86090  4389902  50.94
1922-1929       14      0.00253  0.00252  0.50   85994     217   85885  4303812  50.05
1922-1929       15      0.00291  0.00291  0.50   85777     250   85652  4217927  49.17
1922-1929       16      0.00330  0.00329  0.50   85527     282   85387  4132275  48.32
1922-1929       17      0.00365  0.00365  0.50   85246     311   85090  4046888  47.47
1922-1929       18      0.00398  0.00397  0.50   84935     338   84766  3961798  46.65
1922-1929       19      0.00429  0.00428  0.50   84597     362   84416  3877032  45.83
1922-1929       20      0.00456  0.00455  0.50   84235     384   84043  3792616  45.02
1922-1929       21      0.00478  0.00477  0.50   83852     400   83652  3708572  44.23
1922-1929       22      0.00495  0.00494  0.50   83452     412   83246  3624921  43.44
1922-1929       23      0.00509  0.00508  0.50   83040     422   82829  3541675  42.65
1922-1929       24      0.00518  0.00517  0.50   82618     427   82405  3458846  41.87
1922-1929       25      0.00521  0.00519  0.50   82191     427   81978  3376441  41.08
1922-1929       26      0.00522  0.00521  0.50   81764     426   81552  3294463  40.29
1922-1929       27      0.00527  0.00526  0.50   81339     427   81125  3212912  39.50
1922-1929       28      0.00537  0.00536  0.50   80911     434   80694  3131787  38.71
1922-1929       29      0.00553  0.00551  0.50   80478     444   80256  3051092  37.91
1922-1929       30      0.00572  0.00571  0.50   80034     457   79806  2970836  37.12
1922-1929       31      0.00586  0.00585  0.50   79577     465   79345  2891031  36.33
1922-1929       32      0.00602  0.00600  0.50   79112     475   78874  2811686  35.54
1922-1929       33      0.00621  0.00619  0.50   78637     487   78394  2732812  34.75
1922-1929       34      0.00639  0.00637  0.50   78150     498   77901  2654418  33.97
1922-1929       35      0.00647  0.00645  0.50   77652     500   77402  2576517  33.18
1922-1929       36      0.00651  0.00649  0.50   77152     501   76902  2499114  32.39
1922-1929       37      0.00667  0.00665  0.50   76651     510   76396  2422213  31.60
1922-1929       38      0.00697  0.00694  0.50   76142     529   75877  2345816  30.81
1922-1929       39      0.00733  0.00730  0.50   75613     552   75337  2269939  30.02
1922-1929       40      0.00773  0.00770  0.50   75061     578   74772  2194602  29.24
1922-1929       41      0.00801  0.00797  0.50   74483     594   74186  2119830  28.46
1922-1929       42      0.00833  0.00829  0.50   73889     613   73583  2045644  27.69
1922-1929       43      0.00874  0.00870  0.50   73276     638   72957  1972061  26.91
1922-1929       44      0.00914  0.00910  0.50   72638     661   72308  1899104  26.14
1922-1929       45      0.00932  0.00928  0.50   71977     668   71643  1826796  25.38
1922-1929       46      0.00951  0.00947  0.50   71309     675   70972  1755153  24.61
1922-1929       47      0.01009  0.01004  0.50   70634     709   70280  1684181  23.84
1922-1929       48      0.01106  0.01100  0.50   69925     769   69540  1613901  23.08
1922-1929       49      0.01230  0.01222  0.50   69156     845   68733  1544361  22.33
1922-1929       50      0.01367  0.01358  0.50   68311     928   67847  1475627  21.60
1922-1929       51      0.01473  0.01462  0.50   67383     985   66890  1407781  20.89
1922-1929       52      0.01573  0.01560  0.50   66398    1036   65880  1340890  20.19
1922-1929       53      0.01676  0.01662  0.50   65362    1087   64818  1275011  19.51
1922-1929       54      0.01773  0.01757  0.50   64275    1129   63710  1210193  18.83
1922-1929       55      0.01805  0.01789  0.50   63146    1129   62581  1146482  18.16
1922-1929       56      0.01837  0.01821  0.50   62016    1129   61452  1083901  17.48
1922-1929       57      0.01955  0.01936  0.50   60887    1179   60298  1022450  16.79
1922-1929       58      0.02169  0.02145  0.50   59708    1281   59068   962152  16.11
1922-1929       59      0.02447  0.02418  0.50   58427    1413   57721   903085  15.46
1922-1929       60      0.02759  0.02721  0.50   57015    1551   56239   845364  14.83
1922-1929       61      0.02982  0.02938  0.50   55463    1630   54648   789125  14.23
1922-1929       62      0.03174  0.03124  0.50   53834    1682   52993   734476  13.64
1922-1929       63      0.03367  0.03311  0.50   52152    1727   51288   681484  13.07
1922-1929       64      0.03501  0.03441  0.50   50425    1735   49557   630195  12.50
1922-1929       65      0.03500  0.03440  0.50   48690    1675   47852   580638  11.93
1922-1929       66      0.03576  0.03513  0.50   47015    1652   46189   532786  11.33
1922-1929       67      0.03874  0.03800  0.50   45363    1724   44501   486597  10.73
1922-1929       68      0.04399  0.04305  0.50   43639    1879   42700   442095  10.13
1922-1929       69      0.05207  0.05075  0.50   41761    2119   40701   399395   9.56
1922-1929       70      0.06235  0.06046  0.50   39642    2397   38443   358694   9.05
1922-1929       71      0.07091  0.06849  0.50   37245    2551   35969   320251   8.60
1922-1929       72      0.07844  0.07548  0.50   34694    2619   33385   284282   8.19
1922-1929       73      0.08561  0.08210  0.50   32075    2633   30759   250897   7.82
1922-1929       74      0.09100  0.08704  0.50   29442    2563   28161   220139   7.48
1922-1929       75      0.09218  0.08812  0.50   26879    2369   25695   191978   7.14
1922-1929       76      0.09294  0.08882  0.50   24511    2177   23422   166283   6.78
1922-1929       77      0.09608  0.09167  0.50   22334    2047   21310   142861   6.40
1922-1929       78      0.10241  0.09742  0.50   20286    1976   19298   121551   5.99
1922-1929       79      0.11290  0.10687  0.50   18310    1957   17332   102253   5.58
1922-1929       80      0.14266  0.13316  0.50   16353    2178   15264    84921   5.19
1922-1929       81      0.15656  0.14519  0.50   14176    2058   13146    69657   4.91
1922-1929       82      0.17086  0.15741  0.50   12117    1907   11164    56510   4.66
1922-1929       83      0.18501  0.16935  0.50   10210    1729    9345    45347   4.44
1922-1929       84      0.19779  0.17999  0.50    8481    1526    7718    36001   4.24
1922-1929       85      0.20817  0.18855  0.50    6954    1311    6299    28283   4.07
1922-1929       86      0.21842  0.19691  0.50    5643    1111    5088    21985   3.90
1922-1929       87      0.22969  0.20603  0.50    4532     934    4065    16897   3.73
1922-1929       88      0.24223  0.21607  0.50    3598     777    3210    12832   3.57
1922-1929       89      0.25543  0.22651  0.50    2821     639    2501     9622   3.41
1922-1929       90      0.26838  0.23663  0.50    2182     516    1924     7121   3.26
1922-1929       91      0.28047  0.24598  0.50    1666     410    1461     5197   3.12
1922-1929       92      0.29200  0.25480  0.50    1256     320    1096     3737   2.98
1922-1929       93      0.30284  0.26301  0.50     936     246     813     2641   2.82
1922-1929       94      0.34278  0.29263  0.50     690     202     589     1828   2.65
1922-1929       95      0.36042  0.30538  0.50     488     149     413     1239   2.54
1922-1929       96      0.37835  0.31816  0.50     339     108     285      826   2.44
1922-1929       97      0.39652  0.33092  0.50     231      76     193      541   2.34
1922-1929       98      0.41489  0.34361  0.50     155      53     128      348   2.25
1922-1929       99      0.43339  0.35620  0.50     101      36      83      220   2.17
1922-1929      100      0.45196  0.36865  0.50      65      24      53      136   2.09
1922-1929      101      0.47055  0.38093  0.50      41      16      33       83   2.01
1922-1929      102      0.48911  0.39300  0.50      26      10      21       50   1.95
1922-1929      103      0.50758  0.40484  0.50      16       6      12       29   1.88
1922-1929      104      0.52591  0.41641  0.50       9       4       7       17   1.83
1922-1929      105      0.54405  0.42771  0.50       5       2       4       10   1.77
1922-1929      106      0.56197  0.43870  0.50       3       1       2        5   1.72
1922-1929      107      0.57961  0.44938  0.50       2       1       1        3   1.68
1922-1929      108      0.59695  0.45973  0.50       1       0       1        2   1.64
1922-1929      109      0.61396  0.46975  0.50       1       0       0        1   1.61
1922-1929      110+     0.63060  1.00000  1.59       0       0       0        0   1.59
1930-1939        0      0.08034  0.07610  0.31  100000    7610   94716  5824406  58.24
1930-1939        1      0.01725  0.01710  0.50   92390    1580   91600  5729690  62.02
1930-1939        2      0.00703  0.00701  0.50   90811     636   90492  5638089  62.09
1930-1939        3      0.00437  0.00436  0.50   90174     393   89978  5547597  61.52
1930-1939        4      0.00340  0.00339  0.50   89781     304   89629  5457619  60.79
1930-1939        5      0.00274  0.00274  0.50   89477     245   89354  5367990  59.99
1930-1939        6      0.00234  0.00234  0.50   89232     209   89128  5278636  59.16
1930-1939        7      0.00203  0.00202  0.50   89023     180   88933  5189508  58.29
1930-1939        8      0.00180  0.00180  0.50   88843     160   88763  5100575  57.41
1930-1939        9      0.00165  0.00165  0.50   88683     147   88610  5011812  56.51
1930-1939       10      0.00159  0.00159  0.50   88537     141   88467  4923202  55.61
1930-1939       11      0.00160  0.00160  0.50   88396     141   88326  4834735  54.69
1930-1939       12      0.00167  0.00167  0.50   88255     147   88182  4746410  53.78
1930-1939       13      0.00180  0.00180  0.50   88108     159   88029  4658228  52.87
1930-1939       14      0.00198  0.00198  0.50   87949     174   87862  4570200  51.96
1930-1939       15      0.00221  0.00220  0.50   87775     194   87678  4482337  51.07
1930-1939       16      0.00245  0.00244  0.50   87582     214   87475  4394659  50.18
1930-1939       17      0.00269  0.00269  0.50   87368     235   87250  4307184  49.30
1930-1939       18      0.00295  0.00295  0.50   87133     257   87004  4219934  48.43
1930-1939       19      0.00323  0.00322  0.50   86876     280   86736  4132930  47.57
1930-1939       20      0.00349  0.00348  0.50   86596     302   86445  4046194  46.72
1930-1939       21      0.00367  0.00367  0.50   86294     316   86136  3959749  45.89
1930-1939       22      0.00376  0.00376  0.50   85978     323   85817  3873613  45.05
1930-1939       23      0.00379  0.00378  0.50   85655     324   85493  3787796  44.22
1930-1939       24      0.00378  0.00378  0.50   85331     322   85170  3702303  43.39
1930-1939       25      0.00377  0.00376  0.50   85009     319   84849  3617133  42.55
1930-1939       26      0.00378  0.00377  0.50   84689     319   84530  3532284  41.71
1930-1939       27      0.00384  0.00383  0.50   84370     323   84208  3447754  40.86
1930-1939       28      0.00395  0.00394  0.50   84047     331   83881  3363546  40.02
1930-1939       29      0.00408  0.00408  0.50   83716     341   83545  3279665  39.18
1930-1939       30      0.00424  0.00423  0.50   83375     353   83198  3196119  38.33
1930-1939       31      0.00441  0.00440  0.50   83022     365   82839  3112921  37.50
1930-1939       32      0.00458  0.00457  0.50   82656     378   82468  3030082  36.66
1930-1939       33      0.00474  0.00473  0.50   82279     389   82084  2947614  35.82
1930-1939       34      0.00488  0.00487  0.50   81889     399   81690  2865530  34.99
1930-1939       35      0.00504  0.00503  0.50   81491     410   81286  2783840  34.16
1930-1939       36      0.00523  0.00522  0.50   81081     423   80870  2702554  33.33
1930-1939       37      0.00544  0.00543  0.50   80658     438   80439  2621685  32.50
1930-1939       38      0.00569  0.00567  0.50   80221     455   79993  2541245  31.68
1930-1939       39      0.00598  0.00597  0.50   79766     476   79528  2461252  30.86
1930-1939       40      0.00633  0.00631  0.50   79290     500   79040  2381724  30.04
1930-1939       41      0.00668  0.00666  0.50   78790     525   78527  2302685  29.23
1930-1939       42      0.00701  0.00698  0.50   78265     547   77992  2224157  28.42
1930-1939       43      0.00734  0.00731  0.50   77718     568   77434  2146166  27.61
1930-1939       44      0.00760  0.00757  0.50   77150     584   76858  2068731  26.81
1930-1939       45      0.00796  0.00793  0.50   76566     607   76262  1991873  26.02
1930-1939       46      0.00850  0.00846  0.50   75959     643   75637  1915611  25.22
1930-1939       47      0.00914  0.00910  0.50   75316     685   74973  1839974  24.43
1930-1939       48      0.00996  0.00991  0.50   74630     739   74261  1765001  23.65
1930-1939       49      0.01090  0.01084  0.50   73891     801   73491  1690740  22.88
1930-1939       50      0.01192  0.01185  0.50   73090     866   72657  1617250  22.13
1930-1939       51      0.01303  0.01294  0.50   72224     935   71757  1544592  21.39
1930-1939       52      0.01399  0.01389  0.50   71289     991   70794  1472836  20.66
1930-1939       53      0.01484  0.01473  0.50   70299    1036   69781  1402042  19.94
1930-1939       54      0.01538  0.01526  0.50   69263    1057   68735  1332261  19.23
1930-1939       55      0.01604  0.01591  0.50   68206    1085   67664  1263526  18.53
1930-1939       56      0.01706  0.01692  0.50   67121    1135   66553  1195863  17.82
1930-1939       57      0.01830  0.01814  0.50   65986    1197   65387  1129309  17.11
1930-1939       58      0.01983  0.01963  0.50   64789    1272   64153  1063922  16.42
1930-1939       59      0.02166  0.02143  0.50   63517    1361   62836   999770  15.74
1930-1939       60      0.02384  0.02356  0.50   62155    1464   61423   936934  15.07
1930-1939       61      0.02619  0.02585  0.50   60691    1569   59907   875510  14.43
1930-1939       62      0.02844  0.02804  0.50   59122    1658   58293   815604  13.80
1930-1939       63      0.03061  0.03015  0.50   57464    1733   56598   757311  13.18
1930-1939       64      0.03228  0.03177  0.50   55732    1771   54846   700713  12.57
1930-1939       65      0.03415  0.03358  0.50   53961    1812   53055   645866  11.97
1930-1939       66      0.03720  0.03652  0.50   52149    1905   51197   592811  11.37
1930-1939       67      0.04129  0.04045  0.50   50245    2033   49229   541614  10.78
1930-1939       68      0.04685  0.04577  0.50   48212    2207   47109   492386  10.21
1930-1939       69      0.05356  0.05216  0.50   46005    2400   44805   445277   9.68
1930-1939       70      0.06156  0.05972  0.50   43606    2604   42303   400471   9.18
1930-1939       71      0.07005  0.06768  0.50   41001    2775   39614   358168   8.74
1930-1939       72      0.07745  0.07456  0.50   38226    2850   36801   318554   8.33
1930-1939       73      0.08408  0.08069  0.50   35376    2855   33949   281753   7.96
1930-1939       74      0.08868  0.08492  0.50   32522    2762   31141   247804   7.62
1930-1939       75      0.09184  0.08781  0.50   29760    2613   28453   216663   7.28
1930-1939       76      0.09539  0.09105  0.50   27147    2472   25911   188210   6.93
1930-1939       77      0.09871  0.09407  0.50   24675    2321   23514   162299   6.58
1930-1939       78      0.10300  0.09796  0.50   22354    2190   21259   138784   6.21
1930-1939       79      0.10837  0.10280  0.50   20164    2073   19128   117525   5.83
1930-1939       80      0.13705  0.12826  0.50   18091    2320   16931    98397   5.44
1930-1939       81      0.14771  0.13755  0.50   15771    2169   14686    81466   5.17
1930-1939       82      0.15914  0.14741  0.50   13602    2005   12599    66780   4.91
1930-1939       83      0.17104  0.15757  0.50   11597    1827   10683    54181   4.67
1930-1939       84      0.18260  0.16733  0.50    9769    1635    8952    43498   4.45
1930-1939       85      0.19305  0.17605  0.50    8135    1432    7419    34546   4.25
1930-1939       86      0.20335  0.18458  0.50    6703    1237    6084    27128   4.05
1930-1939       87      0.21423  0.19351  0.50    5465    1058    4937    21044   3.85
1930-1939       88      0.22584  0.20292  0.50    4408     894    3961    16107   3.65
1930-1939       89      0.23921  0.21365  0.50    3513     751    3138    12147   3.46
1930-1939       90      0.25639  0.22725  0.50    2763     628    2449     9009   3.26
1930-1939       91      0.27630  0.24276  0.50    2135     518    1876     6560   3.07
1930-1939       92      0.29969  0.26063  0.50    1617     421    1406     4684   2.90
1930-1939       93      0.32834  0.28204  0.50    1195     337    1027     3278   2.74
1930-1939       94      0.36611  0.30946  0.50     858     266     725     2251   2.62
1930-1939       95      0.35317  0.30017  0.50     593     178     504     1526   2.58
1930-1939       96      0.37176  0.31349  0.50     415     130     350     1022   2.47
1930-1939       97      0.39065  0.32682  0.50     285      93     238      673   2.36
1930-1939       98      0.40981  0.34012  0.50     192      65     159      435   2.27
1930-1939       99      0.42916  0.35334  0.50     126      45     104      276   2.18
1930-1939      100      0.44865  0.36645  0.50      82      30      67      171   2.10
1930-1939      101      0.46823  0.37941  0.50      52      20      42      105   2.02
1930-1939      102      0.48784  0.39218  0.50      32      13      26       63   1.95
1930-1939      103      0.50742  0.40473  0.50      20       8      16       37   1.88
1930-1939      104      0.52691  0.41704  0.50      12       5       9       21   1.82
1930-1939      105      0.54626  0.42907  0.50       7       3       5       12   1.76
1930-1939      106      0.56543  0.44080  0.50       4       2       3        7   1.71
1930-1939      107      0.58435  0.45222  0.50       2       1       2        4   1.66
1930-1939      108      0.60299  0.46331  0.50       1       1       1        2   1.62
1930-1939      109      0.62131  0.47404  0.50       1       0       0        1   1.59
1930-1939      110+     0.63926  1.00000  1.56       0       0       1        1   1.56
1940-1949        0      0.06826  0.06505  0.28  100000    6505   95302  6240672  62.41
1940-1949        1      0.00822  0.00818  0.50   93495     765   93113  6145370  65.73
1940-1949        2      0.00387  0.00386  0.50   92730     358   92551  6052257  65.27
1940-1949        3      0.00266  0.00266  0.50   92372     245   92249  5959707  64.52
1940-1949        4      0.00219  0.00219  0.50   92126     202   92026  5867457  63.69
1940-1949        5      0.00182  0.00182  0.50   91925     167   91841  5775432  62.83
1940-1949        6      0.00155  0.00155  0.50   91758     142   91687  5683591  61.94
1940-1949        7      0.00134  0.00134  0.50   91615     123   91554  5591904  61.04
1940-1949        8      0.00117  0.00117  0.50   91493     107   91439  5500350  60.12
1940-1949        9      0.00106  0.00106  0.50   91386      97   91337  5408911  59.19
1940-1949       10      0.00102  0.00102  0.50   91289      93   91242  5317574  58.25
1940-1949       11      0.00104  0.00104  0.50   91196      95   91148  5226331  57.31
1940-1949       12      0.00113  0.00113  0.50   91101     103   91049  5135183  56.37
1940-1949       13      0.00128  0.00128  0.50   90998     116   90940  5044134  55.43
1940-1949       14      0.00149  0.00149  0.50   90881     136   90814  4953194  54.50
1940-1949       15      0.00175  0.00175  0.50   90746     159   90666  4862380  53.58
1940-1949       16      0.00199  0.00199  0.50   90587     180   90497  4771714  52.68
1940-1949       17      0.00219  0.00219  0.50   90407     198   90307  4681217  51.78
1940-1949       18      0.00236  0.00236  0.50   90208     213   90102  4590910  50.89
1940-1949       19      0.00250  0.00249  0.50   89995     224   89883  4500808  50.01
1940-1949       20      0.00260  0.00259  0.50   89771     233   89655  4410925  49.14
1940-1949       21      0.00269  0.00269  0.50   89538     240   89418  4321270  48.26
1940-1949       22      0.00277  0.00277  0.50   89298     247   89174  4231852  47.39
1940-1949       23      0.00283  0.00283  0.50   89051     252   88925  4142678  46.52
1940-1949       24      0.00285  0.00285  0.50   88799     253   88672  4053753  45.65
1940-1949       25      0.00284  0.00283  0.50   88546     251   88420  3965081  44.78
1940-1949       26      0.00283  0.00283  0.50   88295     250   88170  3876661  43.91
1940-1949       27      0.00286  0.00286  0.50   88045     252   87919  3788491  43.03
1940-1949       28      0.00293  0.00292  0.50   87793     257   87665  3700572  42.15
1940-1949       29      0.00302  0.00302  0.50   87537     264   87404  3612907  41.27
1940-1949       30      0.00314  0.00314  0.50   87272     274   87135  3525503  40.40
1940-1949       31      0.00324  0.00324  0.50   86998     282   86857  3438368  39.52
1940-1949       32      0.00331  0.00330  0.50   86717     287   86573  3351510  38.65
1940-1949       33      0.00337  0.00337  0.50   86430     291   86285  3264937  37.78
1940-1949       34      0.00346  0.00345  0.50   86139     298   85990  3178652  36.90
1940-1949       35      0.00357  0.00357  0.50   85842     306   85688  3092662  36.03
1940-1949       36      0.00372  0.00371  0.50   85535     317   85377  3006973  35.15
1940-1949       37      0.00390  0.00389  0.50   85218     332   85052  2921597  34.28
1940-1949       38      0.00412  0.00411  0.50   84886     349   84711  2836545  33.42
1940-1949       39      0.00433  0.00433  0.50   84537     366   84354  2751833  32.55
1940-1949       40      0.00456  0.00455  0.50   84171     383   83980  2667479  31.69
1940-1949       41      0.00483  0.00482  0.50   83789     404   83587  2583499  30.83
1940-1949       42      0.00514  0.00513  0.50   83385     428   83171  2499913  29.98
1940-1949       43      0.00547  0.00546  0.50   82957     453   82731  2416741  29.13
1940-1949       44      0.00588  0.00586  0.50   82505     484   82263  2334010  28.29
1940-1949       45      0.00636  0.00634  0.50   82021     520   81761  2251747  27.45
1940-1949       46      0.00686  0.00684  0.50   81501     557   81223  2169986  26.63
1940-1949       47      0.00744  0.00741  0.50   80944     600   80644  2088764  25.81
1940-1949       48      0.00807  0.00804  0.50   80344     646   80021  2008120  24.99
1940-1949       49      0.00881  0.00877  0.50   79698     699   79349  1928099  24.19
1940-1949       50      0.00964  0.00959  0.50   78999     758   78620  1848750  23.40
1940-1949       51      0.01038  0.01033  0.50   78241     808   77837  1770130  22.62
1940-1949       52      0.01107  0.01101  0.50   77433     852   77007  1692292  21.85
1940-1949       53      0.01169  0.01162  0.50   76581     890   76136  1615285  21.09
1940-1949       54      0.01234  0.01226  0.50   75691     928   75227  1539149  20.33
1940-1949       55      0.01307  0.01298  0.50   74763     971   74278  1463922  19.58
1940-1949       56      0.01400  0.01390  0.50   73793    1026   73280  1389644  18.83
1940-1949       57      0.01523  0.01512  0.50   72767    1100   72217  1316364  18.09
1940-1949       58      0.01679  0.01665  0.50   71667    1193   71070  1244147  17.36
1940-1949       59      0.01870  0.01853  0.50   70473    1306   69821  1173077  16.65
1940-1949       60      0.02088  0.02067  0.50   69168    1430   68453  1103256  15.95
1940-1949       61      0.02303  0.02277  0.50   67738    1542   66967  1034804  15.28
1940-1949       62      0.02502  0.02471  0.50   66196    1636   65378   967837  14.62
1940-1949       63      0.02669  0.02634  0.50   64560    1701   63710   902459  13.98
1940-1949       64      0.02838  0.02798  0.50   62859    1759   61980   838749  13.34
1940-1949       65      0.03024  0.02979  0.50   61100    1820   60190   776769  12.71
1940-1949       66      0.03256  0.03204  0.50   59280    1899   58330   716579  12.09
1940-1949       67      0.03585  0.03521  0.50   57381    2021   56370   658249  11.47
1940-1949       68      0.04015  0.03936  0.50   55360    2179   54270   601878  10.87
1940-1949       69      0.04596  0.04493  0.50   53181    2389   51986   547608  10.30
1940-1949       70      0.05324  0.05186  0.50   50792    2634   49475   495621   9.76
1940-1949       71      0.06058  0.05880  0.50   48158    2832   46742   446147   9.26
1940-1949       72      0.06765  0.06543  0.50   45326    2966   43843   399405   8.81
1940-1949       73      0.07373  0.07111  0.50   42360    3012   40854   355562   8.39
1940-1949       74      0.07900  0.07600  0.50   39348    2990   37853   314707   8.00
1940-1949       75      0.08358  0.08022  0.50   36358    2917   34899   276854   7.61
1940-1949       76      0.08800  0.08429  0.50   33441    2819   32032   241955   7.24
1940-1949       77      0.09329  0.08913  0.50   30622    2729   29257   209924   6.86
1940-1949       78      0.09945  0.09474  0.50   27893    2643   26571   180666   6.48
1940-1949       79      0.10630  0.10094  0.50   25250    2549   23976   154095   6.10
1940-1949       80      0.12282  0.11572  0.50   22701    2627   21388   130119   5.73
1940-1949       81      0.13448  0.12601  0.50   20074    2530   18810   108731   5.42
1940-1949       82      0.14708  0.13701  0.50   17545    2404   16343    89921   5.13
1940-1949       83      0.16025  0.14836  0.50   15141    2246   14018    73578   4.86
1940-1949       84      0.17323  0.15942  0.50   12895    2056   11867    59560   4.62
1940-1949       85      0.18491  0.16926  0.50   10839    1835    9922    47693   4.40
1940-1949       86      0.19610  0.17859  0.50    9005    1608    8200    37771   4.19
1940-1949       87      0.20757  0.18806  0.50    7396    1391    6701    29571   4.00
1940-1949       88      0.21963  0.19790  0.50    6005    1188    5411    22870   3.81
1940-1949       89      0.23236  0.20817  0.50    4817    1003    4316    17459   3.62
1940-1949       90      0.24631  0.21930  0.50    3814     836    3396    13143   3.45
1940-1949       91      0.26001  0.23009  0.50    2978     685    2635     9747   3.27
1940-1949       92      0.27427  0.24120  0.50    2293     553    2016     7112   3.10
1940-1949       93      0.29222  0.25497  0.50    1740     444    1518     5096   2.93
1940-1949       94      0.32340  0.27839  0.50    1296     361    1116     3578   2.76
1940-1949       95      0.34227  0.29225  0.50     935     273     799     2462   2.63
1940-1949       96      0.36162  0.30625  0.50     662     203     561     1664   2.51
1940-1949       97      0.38140  0.32032  0.50     459     147     386     1103   2.40
1940-1949       98      0.40156  0.33442  0.50     312     104     260      717   2.30
1940-1949       99      0.42203  0.34849  0.50     208      72     172      457   2.20
1940-1949      100      0.44275  0.36250  0.50     135      49     111      286   2.11
1940-1949      101      0.46364  0.37639  0.50      86      32      70      175   2.03
1940-1949      102      0.48464  0.39011  0.50      54      21      43      105   1.95
1940-1949      103      0.50568  0.40363  0.50      33      13      26       62   1.88
1940-1949      104      0.52668  0.41689  0.50      20       8      15       35   1.81
1940-1949      105      0.54757  0.42988  0.50      11       5       9       20   1.75
1940-1949      106      0.56828  0.44254  0.50       7       3       5       11   1.70
1940-1949      107      0.58874  0.45485  0.50       4       2       3        6   1.65
1940-1949      108      0.60890  0.46679  0.50       2       1       2        3   1.60
1940-1949      109      0.62868  0.47832  0.50       1       1       1        2   1.57
1940-1949      110+     0.64804  1.00000  1.54       1       1       1        1   1.54
1950-1959        0      0.03475  0.03377  0.16  100000    3377   97161  6877545  68.78
1950-1959        1      0.00222  0.00221  0.50   96623     214   96516  6780384  70.17
1950-1959        2      0.00126  0.00126  0.50   96409     121   96349  6683868  69.33
1950-1959        3      0.00095  0.00094  0.50   96288      91   96243  6587519  68.41
1950-1959        4      0.00073  0.00073  0.50   96197      71   96162  6491277  67.48
1950-1959        5      0.00060  0.00060  0.50   96126      58   96097  6395115  66.53
1950-1959        6      0.00057  0.00057  0.50   96068      55   96041  6299018  65.57
1950-1959        7      0.00048  0.00048  0.50   96013      46   95991  6202977  64.61
1950-1959        8      0.00043  0.00043  0.50   95968      41   95947  6106986  63.64
1950-1959        9      0.00041  0.00041  0.50   95927      40   95907  6011039  62.66
1950-1959       10      0.00038  0.00038  0.50   95887      36   95869  5915132  61.69
1950-1959       11      0.00039  0.00039  0.50   95851      37   95832  5819263  60.71
1950-1959       12      0.00041  0.00041  0.50   95814      40   95794  5723430  59.73
1950-1959       13      0.00039  0.00039  0.50   95774      38   95756  5627636  58.76
1950-1959       14      0.00054  0.00054  0.50   95737      52   95711  5531881  57.78
1950-1959       15      0.00055  0.00055  0.50   95685      52   95658  5436170  56.81
1950-1959       16      0.00062  0.00062  0.50   95632      59   95603  5340512  55.84
1950-1959       17      0.00072  0.00072  0.50   95573      69   95539  5244909  54.88
1950-1959       18      0.00077  0.00077  0.50   95505      74   95468  5149370  53.92
1950-1959       19      0.00085  0.00085  0.50   95431      81   95390  5053902  52.96
1950-1959       20      0.00083  0.00083  0.50   95350      79   95310  4958512  52.00
1950-1959       21      0.00092  0.00092  0.50   95271      87   95227  4863201  51.05
1950-1959       22      0.00097  0.00097  0.50   95184      93   95138  4767974  50.09
1950-1959       23      0.00101  0.00101  0.50   95091      96   95043  4672836  49.14
1950-1959       24      0.00107  0.00107  0.50   94995     102   94944  4577793  48.19
1950-1959       25      0.00114  0.00114  0.50   94893     108   94839  4482849  47.24
1950-1959       26      0.00116  0.00116  0.50   94785     110   94730  4388010  46.29
1950-1959       27      0.00119  0.00119  0.50   94676     113   94619  4293279  45.35
1950-1959       28      0.00124  0.00123  0.50   94563     117   94504  4198660  44.40
1950-1959       29      0.00136  0.00136  0.50   94446     128   94382  4104156  43.46
1950-1959       30      0.00142  0.00142  0.50   94318     134   94251  4009774  42.51
1950-1959       31      0.00130  0.00130  0.50   94184     122   94123  3915523  41.57
1950-1959       32      0.00150  0.00150  0.50   94062     141   93991  3821401  40.63
1950-1959       33      0.00167  0.00167  0.50   93921     157   93843  3727409  39.69
1950-1959       34      0.00174  0.00174  0.50   93764     163   93683  3633567  38.75
1950-1959       35      0.00206  0.00206  0.50   93601     192   93505  3539884  37.82
1950-1959       36      0.00199  0.00199  0.50   93409     185   93316  3446379  36.90
1950-1959       37      0.00215  0.00214  0.50   93223     200   93123  3353063  35.97
1950-1959       38      0.00240  0.00240  0.50   93023     223   92912  3259940  35.04
1950-1959       39      0.00252  0.00251  0.50   92800     233   92684  3167028  34.13
1950-1959       40      0.00262  0.00262  0.50   92567     242   92446  3074345  33.21
1950-1959       41      0.00284  0.00283  0.50   92325     262   92194  2981899  32.30
1950-1959       42      0.00340  0.00340  0.50   92063     313   91907  2889705  31.39
1950-1959       43      0.00359  0.00359  0.50   91750     329   91586  2797798  30.49
1950-1959       44      0.00404  0.00403  0.50   91421     369   91237  2706212  29.60
1950-1959       45      0.00426  0.00425  0.50   91052     387   90859  2614975  28.72
1950-1959       46      0.00462  0.00461  0.50   90666     418   90457  2524116  27.84
1950-1959       47      0.00499  0.00498  0.50   90248     450   90023  2433660  26.97
1950-1959       48      0.00591  0.00589  0.50   89798     529   89534  2343637  26.10
1950-1959       49      0.00643  0.00641  0.50   89269     573   88983  2254103  25.25
1950-1959       50      0.00744  0.00741  0.50   88696     657   88368  2165120  24.41
1950-1959       51      0.00774  0.00771  0.50   88039     679   87699  2076753  23.59
1950-1959       52      0.00906  0.00902  0.50   87360     788   86966  1989053  22.77
1950-1959       53      0.00947  0.00942  0.50   86572     816   86164  1902087  21.97
1950-1959       54      0.01051  0.01045  0.50   85756     896   85308  1815923  21.18
1950-1959       55      0.01079  0.01073  0.50   84860     911   84405  1730615  20.39
1950-1959       56      0.01211  0.01203  0.50   83949    1010   83444  1646210  19.61
1950-1959       57      0.01314  0.01305  0.50   82939    1082   82398  1562766  18.84
1950-1959       58      0.01483  0.01472  0.50   81857    1205   81254  1480368  18.08
1950-1959       59      0.01591  0.01578  0.50   80652    1273   80015  1399114  17.35
1950-1959       60      0.01819  0.01802  0.50   79379    1431   78663  1319098  16.62
1950-1959       61      0.01907  0.01889  0.50   77948    1473   77212  1240435  15.91
1950-1959       62      0.02172  0.02149  0.50   76475    1643   75654  1163223  15.21
1950-1959       63      0.02409  0.02380  0.50   74832    1781   73941  1087570  14.53
1950-1959       64      0.02574  0.02541  0.50   73051    1856   72122  1013629  13.88
1950-1959       65      0.02894  0.02853  0.50   71194    2031   70179   941506  13.22
1950-1959       66      0.02940  0.02897  0.50   69163    2004   68161   871327  12.60
1950-1959       67      0.03386  0.03330  0.50   67159    2236   66041   803166  11.96
1950-1959       68      0.03775  0.03705  0.50   64923    2406   63720   737125  11.35
1950-1959       69      0.04113  0.04030  0.50   62517    2519   61257   673405  10.77
1950-1959       70      0.04924  0.04806  0.50   59998    2883   58556   612148  10.20
1950-1959       71      0.05043  0.04919  0.50   57114    2810   55710   553592   9.69
1950-1959       72      0.05901  0.05732  0.50   54305    3113   52748   497882   9.17
1950-1959       73      0.06292  0.06100  0.50   51192    3123   49631   445133   8.70
1950-1959       74      0.07030  0.06792  0.50   48069    3265   46437   395503   8.23
1950-1959       75      0.07601  0.07323  0.50   44805    3281   43164   349066   7.79
1950-1959       76      0.08180  0.07858  0.50   41524    3263   39892   305901   7.37
1950-1959       77      0.08300  0.07969  0.50   38261    3049   36736   266009   6.95
1950-1959       78      0.09871  0.09407  0.50   35212    3312   33556   229272   6.51
1950-1959       79      0.10225  0.09728  0.50   31900    3103   30348   195717   6.14
1950-1959       80      0.12410  0.11685  0.50   28796    3365   27114   165369   5.74
1950-1959       81      0.12007  0.11327  0.50   25432    2881   23991   138255   5.44
1950-1959       82      0.14112  0.13182  0.50   22551    2973   21065   114264   5.07
1950-1959       83      0.15192  0.14120  0.50   19578    2764   18196    93199   4.76
1950-1959       84      0.17873  0.16407  0.50   16814    2759   15435    75003   4.46
1950-1959       85      0.18617  0.17032  0.50   14055    2394   12858    59568   4.24
1950-1959       86      0.20518  0.18609  0.50   11661    2170   10576    46710   4.01
1950-1959       87      0.21074  0.19066  0.50    9491    1810    8587    36134   3.81
1950-1959       88      0.22819  0.20482  0.50    7682    1573    6895    27547   3.59
1950-1959       89      0.24734  0.22012  0.50    6108    1345    5436    20652   3.38
1950-1959       90      0.27905  0.24488  0.50    4764    1167    4181    15216   3.19
1950-1959       91      0.27587  0.24243  0.50    3597     872    3161    11035   3.07
1950-1959       92      0.31104  0.26917  0.50    2725     734    2358     7874   2.89
1950-1959       93      0.30891  0.26758  0.50    1992     533    1725     5516   2.77
1950-1959       94      0.32451  0.27921  0.50    1459     407    1255     3790   2.60
1950-1959       95      0.37528  0.31599  0.50    1051     332     885     2535   2.41
1950-1959       96      0.39821  0.33209  0.50     719     239     600     1650   2.29
1950-1959       97      0.42152  0.34814  0.50     480     167     397     1050   2.19
1950-1959       98      0.44510  0.36407  0.50     313     114     256      653   2.09
1950-1959       99      0.46885  0.37981  0.50     199      76     161      397   2.00
1950-1959      100      0.49268  0.39530  0.50     123      49      99      236   1.91
1950-1959      101      0.51648  0.41048  0.50      75      31      59      137   1.83
1950-1959      102      0.54015  0.42529  0.50      44      19      35       78   1.76
1950-1959      103      0.56360  0.43969  0.50      25      11      20       43   1.70
1950-1959      104      0.58674  0.45365  0.50      14       6      11       23   1.64
1950-1959      105      0.60948  0.46713  0.50       8       4       6       12   1.58
1950-1959      106      0.63174  0.48009  0.50       4       2       3        6   1.53
1950-1959      107      0.65346  0.49253  0.50       2       1       2        3   1.49
1950-1959      108      0.67455  0.50442  0.50       1       1       1        2   1.45
1950-1959      109      0.69498  0.51576  0.50       1       0       0        1   1.42
1950-1959      110+     0.71468  1.00000  1.40       0       0       0        0   1.40
1960-1969        0      0.02636  0.02577  0.13  100000    2577   97756  7057148  70.57
1960-1969        1      0.00154  0.00154  0.50   97423     150   97348  6959392  71.44
1960-1969        2      0.00094  0.00094  0.50   97272      91   97227  6862044  70.54
1960-1969        3      0.00061  0.00061  0.50   97181      60   97151  6764818  69.61
1960-1969        4      0.00054  0.00054  0.50   97121      52   97095  6667666  68.65
1960-1969        5      0.00050  0.00050  0.50   97069      48   97045  6570571  67.69
1960-1969        6      0.00042  0.00042  0.50   97021      41   97000  6473526  66.72
1960-1969        7      0.00036  0.00036  0.50   96980      35   96962  6376526  65.75
1960-1969        8      0.00038  0.00038  0.50   96945      37   96926  6279564  64.77
1960-1969        9      0.00033  0.00033  0.50   96908      32   96892  6182637  63.80
1960-1969       10      0.00030  0.00030  0.50   96876      29   96861  6085745  62.82
1960-1969       11      0.00030  0.00030  0.50   96846      29   96831  5988885  61.84
1960-1969       12      0.00032  0.00032  0.50   96817      31   96801  5892053  60.86
1960-1969       13      0.00035  0.00035  0.50   96786      34   96769  5795252  59.88
1960-1969       14      0.00033  0.00033  0.50   96751      32   96735  5698483  58.90
1960-1969       15      0.00039  0.00039  0.50   96720      38   96700  5601748  57.92
1960-1969       16      0.00054  0.00054  0.50   96681      52   96656  5505047  56.94
1960-1969       17      0.00058  0.00058  0.50   96630      56   96602  5408392  55.97
1960-1969       18      0.00060  0.00060  0.50   96574      58   96545  5311790  55.00
1960-1969       19      0.00072  0.00072  0.50   96516      70   96481  5215246  54.04
1960-1969       20      0.00073  0.00073  0.50   96446      70   96411  5118765  53.07
1960-1969       21      0.00069  0.00069  0.50   96376      66   96343  5022354  52.11
1960-1969       22      0.00079  0.00078  0.50   96309      76   96272  4926011  51.15
1960-1969       23      0.00069  0.00069  0.50   96234      66   96201  4829740  50.19
1960-1969       24      0.00074  0.00074  0.50   96168      71   96132  4733539  49.22
1960-1969       25      0.00064  0.00064  0.50   96097      62   96066  4637407  48.26
1960-1969       26      0.00083  0.00083  0.50   96035      80   95995  4541341  47.29
1960-1969       27      0.00076  0.00075  0.50   95955      72   95919  4445346  46.33
1960-1969       28      0.00087  0.00087  0.50   95882      83   95841  4349428  45.36
1960-1969       29      0.00094  0.00094  0.50   95799      90   95754  4253587  44.40
1960-1969       30      0.00110  0.00110  0.50   95709     105   95656  4157833  43.44
1960-1969       31      0.00088  0.00088  0.50   95604      84   95562  4062177  42.49
1960-1969       32      0.00105  0.00105  0.50   95520     101   95470  3966615  41.53
1960-1969       33      0.00128  0.00128  0.50   95419     122   95358  3871145  40.57
1960-1969       34      0.00119  0.00119  0.50   95297     113   95241  3775787  39.62
1960-1969       35      0.00144  0.00144  0.50   95184     137   95115  3680547  38.67
1960-1969       36      0.00147  0.00146  0.50   95047     139   94977  3585431  37.72
1960-1969       37      0.00149  0.00149  0.50   94908     142   94837  3490454  36.78
1960-1969       38      0.00197  0.00196  0.50   94766     186   94673  3395617  35.83
1960-1969       39      0.00206  0.00206  0.50   94580     195   94483  3300944  34.90
1960-1969       40      0.00253  0.00253  0.50   94385     238   94266  3206461  33.97
1960-1969       41      0.00229  0.00229  0.50   94147     215   94039  3112195  33.06
1960-1969       42      0.00291  0.00291  0.50   93932     273   93795  3018155  32.13
1960-1969       43      0.00297  0.00296  0.50   93658     277   93520  2924361  31.22
1960-1969       44      0.00354  0.00354  0.50   93381     330   93216  2830841  30.32
1960-1969       45      0.00366  0.00365  0.50   93051     340   92881  2737625  29.42
1960-1969       46      0.00405  0.00404  0.50   92711     375   92523  2644744  28.53
1960-1969       47      0.00481  0.00480  0.50   92336     443   92115  2552221  27.64
1960-1969       48      0.00518  0.00516  0.50   91893     474   91656  2460107  26.77
1960-1969       49      0.00579  0.00578  0.50   91419     528   91154  2368451  25.91
1960-1969       50      0.00631  0.00629  0.50   90890     571   90605  2277296  25.06
1960-1969       51      0.00666  0.00664  0.50   90319     600   90019  2186692  24.21
1960-1969       52      0.00801  0.00798  0.50   89719     716   89362  2096672  23.37
1960-1969       53      0.00883  0.00879  0.50   89004     782   88613  2007311  22.55
1960-1969       54      0.00942  0.00937  0.50   88222     827   87808  1918698  21.75
1960-1969       55      0.00975  0.00971  0.50   87395     848   86971  1830890  20.95
1960-1969       56      0.01149  0.01142  0.50   86546     988   86052  1743919  20.15
1960-1969       57      0.01248  0.01240  0.50   85558    1061   85028  1657867  19.38
1960-1969       58      0.01414  0.01404  0.50   84497    1187   83904  1572840  18.61
1960-1969       59      0.01571  0.01558  0.50   83310    1298   82661  1488936  17.87
1960-1969       60      0.01737  0.01723  0.50   82012    1413   81306  1406275  17.15
1960-1969       61      0.01714  0.01699  0.50   80599    1369   79915  1324969  16.44
1960-1969       62      0.02175  0.02152  0.50   79230    1705   78378  1245054  15.71
1960-1969       63      0.02236  0.02211  0.50   77525    1714   76668  1166677  15.05
1960-1969       64      0.02532  0.02500  0.50   75811    1895   74863  1090009  14.38
1960-1969       65      0.02741  0.02703  0.50   73916    1998   72917  1015145  13.73
1960-1969       66      0.02806  0.02767  0.50   71917    1990   70922   942229  13.10
1960-1969       67      0.03304  0.03251  0.50   69927    2273   68791   871306  12.46
1960-1969       68      0.03628  0.03563  0.50   67654    2411   66449   802516  11.86
1960-1969       69      0.03746  0.03677  0.50   65244    2399   64044   736066  11.28
1960-1969       70      0.04497  0.04398  0.50   62845    2764   61462   672022  10.69
1960-1969       71      0.04451  0.04354  0.50   60080    2616   58772   610560  10.16
1960-1969       72      0.05406  0.05264  0.50   57465    3025   55952   551787   9.60
1960-1969       73      0.05828  0.05663  0.50   54440    3083   52898   495835   9.11
1960-1969       74      0.06625  0.06412  0.50   51357    3293   49710   442937   8.62
1960-1969       75      0.07064  0.06823  0.50   48064    3280   46424   393227   8.18
1960-1969       76      0.07652  0.07370  0.50   44784    3300   43134   346803   7.74
1960-1969       77      0.07917  0.07616  0.50   41484    3159   39904   303669   7.32
1960-1969       78      0.09460  0.09033  0.50   38324    3462   36593   263765   6.88
1960-1969       79      0.09813  0.09354  0.50   34863    3261   33232   227172   6.52
1960-1969       80      0.10818  0.10263  0.50   31602    3243   29980   193940   6.14
1960-1969       81      0.10443  0.09925  0.50   28358    2815   26951   163960   5.78
1960-1969       82      0.12634  0.11883  0.50   25544    3035   24026   137009   5.36
1960-1969       83      0.14238  0.13292  0.50   22508    2992   21012   112983   5.02
1960-1969       84      0.16445  0.15195  0.50   19517    2966   18034    91970   4.71
1960-1969       85      0.16690  0.15404  0.50   16551    2550   15276    73937   4.47
1960-1969       86      0.19602  0.17852  0.50   14001    2500   12752    58661   4.19
1960-1969       87      0.19586  0.17839  0.50   11502    2052   10476    45909   3.99
1960-1969       88      0.20733  0.18785  0.50    9450    1775    8562    35433   3.75
1960-1969       89      0.23263  0.20839  0.50    7675    1599    6875    26871   3.50
1960-1969       90      0.26581  0.23462  0.50    6075    1425    5363    19995   3.29
1960-1969       91      0.25479  0.22600  0.50    4650    1051    4125    14633   3.15
1960-1969       92      0.29325  0.25575  0.50    3599     920    3139    10508   2.92
1960-1969       93      0.31410  0.27147  0.50    2679     727    2315     7369   2.75
1960-1969       94      0.33403  0.28623  0.50    1951     559    1672     5054   2.59
1960-1969       95      0.36835  0.31106  0.50    1393     433    1176     3382   2.43
1960-1969       96      0.39351  0.32881  0.50     960     316     802     2206   2.30
1960-1969       97      0.41927  0.34661  0.50     644     223     532     1404   2.18
1960-1969       98      0.44551  0.36435  0.50     421     153     344      871   2.07
1960-1969       99      0.47209  0.38193  0.50     268     102     216      527   1.97
1960-1969      100      0.49885  0.39927  0.50     165      66     132      311   1.88
1960-1969      101      0.52566  0.41626  0.50      99      41      79      178   1.80
1960-1969      102      0.55236  0.43282  0.50      58      25      45      100   1.72
1960-1969      103      0.57879  0.44889  0.50      33      15      26       54   1.65
1960-1969      104      0.60482  0.46439  0.50      18       8      14       29   1.59
1960-1969      105      0.63031  0.47927  0.50      10       5       7       15   1.53
1960-1969      106      0.65513  0.49348  0.50       5       2       4        7   1.48
1960-1969      107      0.67917  0.50700  0.50       3       1       2        4   1.43
1960-1969      108      0.70233  0.51980  0.50       1       1       1        2   1.39
1960-1969      109      0.72453  0.53186  0.50       1       0       0        1   1.36
1960-1969      110+     0.74571  1.00000  1.34       0       0       0        0   1.34
1970-1979        0      0.01979  0.01945  0.11  100000    1945   98272  7090398  70.90
1970-1979        1      0.00129  0.00129  0.50   98055     126   97992  6992127  71.31
1970-1979        2      0.00088  0.00088  0.50   97929      86   97886  6894134  70.40
1970-1979        3      0.00061  0.00061  0.50   97843      59   97814  6796248  69.46
1970-1979        4      0.00049  0.00049  0.50   97784      48   97760  6698434  68.50
1970-1979        5      0.00046  0.00046  0.50   97736      45   97714  6600674  67.54
1970-1979        6      0.00046  0.00046  0.50   97691      45   97669  6502961  66.57
1970-1979        7      0.00039  0.00039  0.50   97647      38   97627  6405292  65.60
1970-1979        8      0.00031  0.00031  0.50   97608      30   97593  6307664  64.62
1970-1979        9      0.00029  0.00029  0.50   97578      28   97564  6210071  63.64
1970-1979       10      0.00031  0.00031  0.50   97550      30   97535  6112507  62.66
1970-1979       11      0.00030  0.00030  0.50   97519      29   97505  6014973  61.68
1970-1979       12      0.00029  0.00029  0.50   97490      28   97476  5917468  60.70
1970-1979       13      0.00038  0.00038  0.50   97462      37   97444  5819992  59.72
1970-1979       14      0.00045  0.00045  0.50   97425      43   97403  5722549  58.74
1970-1979       15      0.00045  0.00045  0.50   97382      44   97360  5625145  57.76
1970-1979       16      0.00071  0.00070  0.50   97338      69   97304  5527785  56.79
1970-1979       17      0.00096  0.00096  0.50   97269      94   97223  5430482  55.83
1970-1979       18      0.00126  0.00126  0.50   97176     122   97115  5333259  54.88
1970-1979       19      0.00140  0.00139  0.50   97054     135   96986  5236144  53.95
1970-1979       20      0.00125  0.00125  0.50   96918     121   96858  5139158  53.03
1970-1979       21      0.00125  0.00125  0.50   96797     121   96736  5042301  52.09
1970-1979       22      0.00102  0.00102  0.50   96676      98   96627  4945564  51.16
1970-1979       23      0.00102  0.00102  0.50   96578      99   96528  4848938  50.21
1970-1979       24      0.00109  0.00109  0.50   96479     105   96426  4752409  49.26
1970-1979       25      0.00109  0.00109  0.50   96374     105   96321  4655983  48.31
1970-1979       26      0.00097  0.00097  0.50   96269      93   96222  4559662  47.36
1970-1979       27      0.00105  0.00105  0.50   96176     101   96125  4463440  46.41
1970-1979       28      0.00099  0.00099  0.50   96074      95   96027  4367315  45.46
1970-1979       29      0.00123  0.00123  0.50   95979     118   95920  4271288  44.50
1970-1979       30      0.00112  0.00112  0.50   95861     108   95807  4175368  43.56
1970-1979       31      0.00119  0.00118  0.50   95753     113   95697  4079561  42.60
1970-1979       32      0.00132  0.00132  0.50   95640     126   95577  3983864  41.65
1970-1979       33      0.00116  0.00115  0.50   95514     110   95459  3888288  40.71
1970-1979       34      0.00126  0.00126  0.50   95403     120   95343  3792829  39.76
1970-1979       35      0.00147  0.00147  0.50   95283     140   95213  3697486  38.81
1970-1979       36      0.00154  0.00154  0.50   95143     147   95070  3602273  37.86
1970-1979       37      0.00183  0.00183  0.50   94996     173   94910  3507203  36.92
1970-1979       38      0.00179  0.00179  0.50   94823     170   94738  3412294  35.99
1970-1979       39      0.00202  0.00202  0.50   94653     191   94558  3317556  35.05
1970-1979       40      0.00218  0.00218  0.50   94462     206   94359  3222998  34.12
1970-1979       41      0.00233  0.00233  0.50   94256     219   94147  3128639  33.19
1970-1979       42      0.00280  0.00280  0.50   94037     263   93906  3034492  32.27
1970-1979       43      0.00319  0.00318  0.50   93774     298   93625  2940587  31.36
1970-1979       44      0.00354  0.00353  0.50   93475     330   93310  2846962  30.46
1970-1979       45      0.00385  0.00384  0.50   93145     358   92966  2753652  29.56
1970-1979       46      0.00424  0.00423  0.50   92787     393   92591  2660685  28.68
1970-1979       47      0.00510  0.00509  0.50   92395     470   92160  2568094  27.79
1970-1979       48      0.00528  0.00527  0.50   91924     484   91682  2475935  26.93
1970-1979       49      0.00607  0.00605  0.50   91440     554   91163  2384252  26.07
1970-1979       50      0.00638  0.00636  0.50   90886     578   90597  2293089  25.23
1970-1979       51      0.00713  0.00710  0.50   90309     642   89988  2202492  24.39
1970-1979       52      0.00825  0.00822  0.50   89667     737   89299  2112504  23.56
1970-1979       53      0.00875  0.00871  0.50   88930     775   88543  2023205  22.75
1970-1979       54      0.00957  0.00952  0.50   88155     839   87736  1934663  21.95
1970-1979       55      0.01052  0.01046  0.50   87316     914   86859  1846927  21.15
1970-1979       56      0.01198  0.01191  0.50   86403    1029   85888  1760067  20.37
1970-1979       57      0.01292  0.01284  0.50   85373    1096   84825  1674179  19.61
1970-1979       58      0.01408  0.01398  0.50   84277    1179   83688  1589354  18.86
1970-1979       59      0.01565  0.01552  0.50   83099    1290   82454  1505666  18.12
1970-1979       60      0.01638  0.01624  0.50   81809    1329   81144  1423212  17.40
1970-1979       61      0.01837  0.01821  0.50   80480    1465   79747  1342068  16.68
1970-1979       62      0.02137  0.02115  0.50   79015    1671   78179  1262320  15.98
1970-1979       63      0.02261  0.02235  0.50   77344    1729   76479  1184141  15.31
1970-1979       64      0.02493  0.02462  0.50   75615    1862   74684  1107662  14.65
1970-1979       65      0.02734  0.02697  0.50   73753    1989   72758  1032978  14.01
1970-1979       66      0.02879  0.02838  0.50   71764    2037   70745   960219  13.38
1970-1979       67      0.03157  0.03108  0.50   69727    2167   68644   889474  12.76
1970-1979       68      0.03410  0.03353  0.50   67560    2265   66427   820830  12.15
1970-1979       69      0.03866  0.03793  0.50   65295    2477   64056   754403  11.55
1970-1979       70      0.04317  0.04225  0.50   62818    2654   61491   690347  10.99
1970-1979       71      0.04442  0.04345  0.50   60164    2614   58857   628856  10.45
1970-1979       72      0.05165  0.05035  0.50   57550    2898   56101   569999   9.90
1970-1979       73      0.05558  0.05408  0.50   54652    2955   53174   513898   9.40
1970-1979       74      0.06031  0.05855  0.50   51697    3027   50183   460724   8.91
1970-1979       75      0.06708  0.06490  0.50   48670    3159   47091   410541   8.44
1970-1979       76      0.07318  0.07060  0.50   45511    3213   43905   363450   7.99
1970-1979       77      0.07734  0.07446  0.50   42298    3149   40723   319545   7.55
1970-1979       78      0.08546  0.08195  0.50   39149    3208   37544   278822   7.12
1970-1979       79      0.09346  0.08929  0.50   35940    3209   34336   241278   6.71
1970-1979       80      0.10093  0.09608  0.50   32731    3145   31159   206942   6.32
1970-1979       81      0.10851  0.10293  0.50   29586    3045   28064   175783   5.94
1970-1979       82      0.12447  0.11718  0.50   26541    3110   24986   147720   5.57
1970-1979       83      0.13588  0.12724  0.50   23431    2981   21940   122734   5.24
1970-1979       84      0.14696  0.13690  0.50   20450    2800   19050   100793   4.93
1970-1979       85      0.15916  0.14742  0.50   17650    2602   16349    81743   4.63
1970-1979       86      0.18235  0.16712  0.50   15048    2515   13791    65394   4.35
1970-1979       87      0.18772  0.17161  0.50   12533    2151   11458    51604   4.12
1970-1979       88      0.20550  0.18635  0.50   10382    1935    9415    40146   3.87
1970-1979       89      0.22005  0.19824  0.50    8448    1675    7610    30731   3.64
1970-1979       90      0.24080  0.21492  0.50    6773    1456    6045    23120   3.41
1970-1979       91      0.24185  0.21576  0.50    5317    1147    4744    17075   3.21
1970-1979       92      0.28773  0.25154  0.50    4170    1049    3646    12332   2.96
1970-1979       93      0.30700  0.26615  0.50    3121     831    2706     8686   2.78
1970-1979       94      0.34405  0.29355  0.50    2290     672    1954     5980   2.61
1970-1979       95      0.35718  0.30306  0.50    1618     490    1373     4026   2.49
1970-1979       96      0.38225  0.32091  0.50    1128     362     947     2653   2.35
1970-1979       97      0.40800  0.33887  0.50     766     260     636     1706   2.23
1970-1979       98      0.43430  0.35682  0.50     506     181     416     1070   2.11
1970-1979       99      0.46103  0.37466  0.50     326     122     265      654   2.01
1970-1979      100      0.48803  0.39230  0.50     204      80     164      390   1.91
1970-1979      101      0.51514  0.40963  0.50     124      51      98      226   1.83
1970-1979      102      0.54221  0.42657  0.50      73      31      57      128   1.75
1970-1979      103      0.56908  0.44302  0.50      42      19      33       70   1.67
1970-1979      104      0.59559  0.45892  0.50      23      11      18       38   1.61
1970-1979      105      0.62160  0.47421  0.50      13       6      10       20   1.55
1970-1979      106      0.64696  0.48883  0.50       7       3       5       10   1.50
1970-1979      107      0.67156  0.50275  0.50       3       2       3        5   1.45
1970-1979      108      0.69529  0.51593  0.50       2       1       1        2   1.41
1970-1979      109      0.71806  0.52836  0.50       1       0       1        1   1.37
1970-1979      110+     0.73980  1.00000  1.35       0       0       1        1   1.35
1980-1989        0      0.01083  0.01073  0.13  100000    1073   99063  7345954  73.46
1980-1989        1      0.00070  0.00070  0.50   98927      69   98892  7246891  73.26
1980-1989        2      0.00047  0.00047  0.50   98857      47   98834  7147999  72.31
1980-1989        3      0.00045  0.00045  0.50   98811      45   98788  7049165  71.34
1980-1989        4      0.00033  0.00033  0.50   98766      32   98750  6950376  70.37
1980-1989        5      0.00028  0.00028  0.50   98734      28   98720  6851626  69.40
1980-1989        6      0.00028  0.00028  0.50   98706      28   98692  6752907  68.41
1980-1989        7      0.00025  0.00025  0.50   98678      25   98665  6654215  67.43
1980-1989        8      0.00023  0.00023  0.50   98653      23   98642  6555549  66.45
1980-1989        9      0.00021  0.00021  0.50   98630      21   98620  6456908  65.47
1980-1989       10      0.00016  0.00016  0.50   98610      16   98602  6358287  64.48
1980-1989       11      0.00023  0.00023  0.50   98594      22   98583  6259685  63.49
1980-1989       12      0.00024  0.00024  0.50   98572      24   98560  6161103  62.50
1980-1989       13      0.00031  0.00031  0.50   98548      30   98533  6062543  61.52
1980-1989       14      0.00028  0.00028  0.50   98518      28   98504  5964010  60.54
1980-1989       15      0.00041  0.00041  0.50   98490      41   98470  5865506  59.55
1980-1989       16      0.00046  0.00046  0.50   98449      45   98427  5767037  58.58
1980-1989       17      0.00059  0.00059  0.50   98404      58   98375  5668610  57.61
1980-1989       18      0.00081  0.00081  0.50   98346      79   98306  5570234  56.64
1980-1989       19      0.00080  0.00080  0.50   98267      79   98227  5471928  55.68
1980-1989       20      0.00098  0.00098  0.50   98188      96   98140  5373701  54.73
1980-1989       21      0.00084  0.00084  0.50   98092      83   98050  5275561  53.78
1980-1989       22      0.00098  0.00098  0.50   98009      96   97961  5177510  52.83
1980-1989       23      0.00082  0.00082  0.50   97913      81   97873  5079549  51.88
1980-1989       24      0.00082  0.00082  0.50   97833      80   97793  4981676  50.92
1980-1989       25      0.00085  0.00085  0.50   97752      83   97711  4883884  49.96
1980-1989       26      0.00078  0.00078  0.50   97669      76   97631  4786173  49.00
1980-1989       27      0.00078  0.00078  0.50   97593      76   97555  4688542  48.04
1980-1989       28      0.00088  0.00088  0.50   97517      86   97474  4590987  47.08
1980-1989       29      0.00091  0.00091  0.50   97431      88   97387  4493513  46.12
1980-1989       30      0.00090  0.00090  0.50   97342      88   97299  4396127  45.16
1980-1989       31      0.00080  0.00080  0.50   97255      78   97216  4298828  44.20
1980-1989       32      0.00100  0.00100  0.50   97177      97   97128  4201612  43.24
1980-1989       33      0.00115  0.00115  0.50   97080     112   97024  4104483  42.28
1980-1989       34      0.00114  0.00114  0.50   96968     111   96912  4007460  41.33
1980-1989       35      0.00110  0.00110  0.50   96857     106   96804  3910547  40.37
1980-1989       36      0.00111  0.00111  0.50   96751     107   96697  3813743  39.42
1980-1989       37      0.00135  0.00135  0.50   96644     130   96579  3717046  38.46
1980-1989       38      0.00132  0.00132  0.50   96513     127   96450  3620467  37.51
1980-1989       39      0.00135  0.00135  0.50   96386     130   96321  3524018  36.56
1980-1989       40      0.00182  0.00182  0.50   96256     175   96168  3427696  35.61
1980-1989       41      0.00203  0.00203  0.50   96081     195   95983  3331528  34.67
1980-1989       42      0.00195  0.00195  0.50   95885     187   95792  3235545  33.74
1980-1989       43      0.00249  0.00249  0.50   95698     238   95579  3139753  32.81
1980-1989       44      0.00281  0.00281  0.50   95460     268   95326  3044174  31.89
1980-1989       45      0.00284  0.00284  0.50   95192     270   95057  2948848  30.98
1980-1989       46      0.00314  0.00314  0.50   94922     298   94773  2853791  30.06
1980-1989       47      0.00346  0.00346  0.50   94624     327   94460  2759018  29.16
1980-1989       48      0.00402  0.00401  0.50   94297     378   94108  2664557  28.26
1980-1989       49      0.00440  0.00439  0.50   93919     412   93713  2570450  27.37
1980-1989       50      0.00500  0.00499  0.50   93506     466   93273  2476737  26.49
1980-1989       51      0.00578  0.00576  0.50   93040     536   92772  2383464  25.62
1980-1989       52      0.00648  0.00646  0.50   92504     598   92205  2290692  24.76
1980-1989       53      0.00751  0.00748  0.50   91906     688   91562  2198487  23.92
1980-1989       54      0.00818  0.00814  0.50   91219     743   90847  2106925  23.10
1980-1989       55      0.00887  0.00883  0.50   90476     799   90076  2016078  22.28
1980-1989       56      0.01007  0.01002  0.50   89677     899   89227  1926001  21.48
1980-1989       57      0.01163  0.01156  0.50   88778    1026   88265  1836774  20.69
1980-1989       58      0.01271  0.01263  0.50   87751    1108   87197  1748509  19.93
1980-1989       59      0.01377  0.01367  0.50   86643    1185   86051  1661312  19.17
1980-1989       60      0.01561  0.01549  0.50   85459    1324   84797  1575261  18.43
1980-1989       61      0.01591  0.01579  0.50   84135    1328   83470  1490464  17.72
1980-1989       62      0.01891  0.01874  0.50   82806    1551   82031  1406994  16.99
1980-1989       63      0.01970  0.01951  0.50   81255    1585   80463  1324963  16.31
1980-1989       64      0.02122  0.02100  0.50   79670    1673   78834  1244500  15.62
1980-1989       65      0.02405  0.02376  0.50   77997    1853   77070  1165667  14.95
1980-1989       66      0.02626  0.02592  0.50   76144    1973   75157  1088596  14.30
1980-1989       67      0.02946  0.02903  0.50   74170    2153   73094  1013439  13.66
1980-1989       68      0.03022  0.02977  0.50   72017    2144   70945   940345  13.06
1980-1989       69      0.03232  0.03180  0.50   69873    2222   68762   869400  12.44
1980-1989       70      0.03744  0.03676  0.50   67651    2487   66408   800638  11.83
1980-1989       71      0.04014  0.03935  0.50   65164    2564   63882   734230  11.27
1980-1989       72      0.04459  0.04361  0.50   62600    2730   61235   670348  10.71
1980-1989       73      0.04792  0.04680  0.50   59870    2802   58469   609113  10.17
1980-1989       74      0.05233  0.05100  0.50   57068    2910   55613   550644   9.65
1980-1989       75      0.05803  0.05640  0.50   54158    3054   52631   495031   9.14
1980-1989       76      0.06322  0.06128  0.50   51104    3132   49538   442400   8.66
1980-1989       77      0.06678  0.06463  0.50   47972    3100   46422   392862   8.19
1980-1989       78      0.07433  0.07167  0.50   44872    3216   43264   346440   7.72
1980-1989       79      0.08292  0.07962  0.50   41656    3317   39998   303176   7.28
1980-1989       80      0.09240  0.08832  0.50   38339    3386   36646   263179   6.86
1980-1989       81      0.09957  0.09484  0.50   34953    3315   33296   226533   6.48
1980-1989       82      0.10775  0.10225  0.50   31638    3235   30021   193237   6.11
1980-1989       83      0.11934  0.11262  0.50   28403    3199   26804   163217   5.75
1980-1989       84      0.12727  0.11965  0.50   25204    3016   23696   136413   5.41
1980-1989       85      0.14099  0.13170  0.50   22189    2922   20727   112716   5.08
1980-1989       86      0.15690  0.14548  0.50   19266    2803   17865    91989   4.77
1980-1989       87      0.17223  0.15857  0.50   16463    2611   15158    74124   4.50
1980-1989       88      0.17471  0.16068  0.50   13853    2226   12740    58966   4.26
1980-1989       89      0.19675  0.17913  0.50   11627    2083   10586    46226   3.98
1980-1989       90      0.21970  0.19795  0.50    9544    1889    8600    35641   3.73
1980-1989       91      0.21942  0.19773  0.50    7655    1514    6898    27041   3.53
1980-1989       92      0.25377  0.22520  0.50    6141    1383    5450    20143   3.28
1980-1989       93      0.28032  0.24586  0.50    4758    1170    4173    14693   3.09
1980-1989       94      0.29856  0.25978  0.50    3588     932    3122    10520   2.93
1980-1989       95      0.31200  0.26989  0.50    2656     717    2298     7398   2.79
1980-1989       96      0.33479  0.28679  0.50    1939     556    1661     5100   2.63
1980-1989       97      0.35847  0.30399  0.50    1383     420    1173     3439   2.49
1980-1989       98      0.38294  0.32140  0.50     963     309     808     2266   2.35
1980-1989       99      0.40809  0.33893  0.50     653     221     543     1458   2.23
1980-1989      100      0.43379  0.35647  0.50     432     154     355      915   2.12
1980-1989      101      0.45992  0.37393  0.50     278     104     226      560   2.02
1980-1989      102      0.48633  0.39121  0.50     174      68     140      334   1.92
1980-1989      103      0.51287  0.40820  0.50     106      43      84      194   1.84
1980-1989      104      0.53939  0.42482  0.50      63      27      49      110   1.76
1980-1989      105      0.56572  0.44098  0.50      36      16      28       61   1.69
1980-1989      106      0.59172  0.45663  0.50      20       9      16       33   1.62
1980-1989      107      0.61725  0.47168  0.50      11       5       8       17   1.56
1980-1989      108      0.64218  0.48610  0.50       6       3       4        9   1.52
1980-1989      109      0.66638  0.49984  0.50       3       1       2        4   1.48
1980-1989      110+     0.68975  1.00000  1.45       1       1       2        2   1.45
1990-1999        0      0.00652  0.00648  0.14  100000     648   99440  7609584  76.10
1990-1999        1      0.00049  0.00049  0.50   99352      49   99327  7510144  75.59
1990-1999        2      0.00037  0.00037  0.50   99303      37   99284  7410816  74.63
1990-1999        3      0.00021  0.00021  0.50   99266      21   99256  7311532  73.66
1990-1999        4      0.00024  0.00024  0.50   99245      24   99233  7212276  72.67
1990-1999        5      0.00020  0.00020  0.50   99221      20   99211  7113043  71.69
1990-1999        6      0.00018  0.00018  0.50   99201      17   99193  7013832  70.70
1990-1999        7      0.00016  0.00016  0.50   99184      16   99176  6914639  69.72
1990-1999        8      0.00015  0.00015  0.50   99168      15   99160  6815463  68.73
1990-1999        9      0.00015  0.00015  0.50   99153      15   99145  6716303  67.74
1990-1999       10      0.00011  0.00011  0.50   99138      11   99132  6617158  66.75
1990-1999       11      0.00017  0.00017  0.50   99127      16   99119  6518025  65.75
1990-1999       12      0.00016  0.00016  0.50   99110      16   99102  6418907  64.77
1990-1999       13      0.00028  0.00028  0.50   99094      28   99080  6319804  63.78
1990-1999       14      0.00026  0.00026  0.50   99066      26   99053  6220724  62.79
1990-1999       15      0.00033  0.00033  0.50   99040      33   99024  6121670  61.81
1990-1999       16      0.00049  0.00049  0.50   99007      49   98983  6022647  60.83
1990-1999       17      0.00053  0.00053  0.50   98959      53   98932  5923663  59.86
1990-1999       18      0.00068  0.00068  0.50   98906      67   98872  5824731  58.89
1990-1999       19      0.00074  0.00074  0.50   98839      73   98802  5725859  57.93
1990-1999       20      0.00072  0.00072  0.50   98766      71   98731  5627056  56.97
1990-1999       21      0.00076  0.00076  0.50   98695      75   98657  5528326  56.01
1990-1999       22      0.00074  0.00074  0.50   98620      73   98583  5429668  55.06
1990-1999       23      0.00072  0.00072  0.50   98546      71   98511  5331085  54.10
1990-1999       24      0.00068  0.00068  0.50   98475      67   98441  5232575  53.14
1990-1999       25      0.00067  0.00067  0.50   98408      66   98375  5134133  52.17
1990-1999       26      0.00068  0.00068  0.50   98342      66   98308  5035759  51.21
1990-1999       27      0.00072  0.00072  0.50   98275      70   98240  4937450  50.24
1990-1999       28      0.00069  0.00069  0.50   98205      67   98171  4839210  49.28
1990-1999       29      0.00069  0.00069  0.50   98137      67   98104  4741039  48.31
1990-1999       30      0.00069  0.00069  0.50   98070      68   98036  4642935  47.34
1990-1999       31      0.00076  0.00076  0.50   98002      74   97965  4544899  46.38
1990-1999       32      0.00083  0.00083  0.50   97928      82   97887  4446934  45.41
1990-1999       33      0.00095  0.00095  0.50   97846      93   97800  4349047  44.45
1990-1999       34      0.00084  0.00084  0.50   97753      82   97712  4251247  43.49
1990-1999       35      0.00077  0.00076  0.50   97671      75   97634  4153535  42.53
1990-1999       36      0.00101  0.00101  0.50   97596      99   97547  4055901  41.56
1990-1999       37      0.00113  0.00112  0.50   97498     110   97443  3958354  40.60
1990-1999       38      0.00116  0.00116  0.50   97388     113   97332  3860911  39.64
1990-1999       39      0.00124  0.00124  0.50   97275     121   97215  3763580  38.69
1990-1999       40      0.00146  0.00146  0.50   97155     142   97084  3666365  37.74
1990-1999       41      0.00153  0.00153  0.50   97013     148   96939  3569281  36.79
1990-1999       42      0.00166  0.00166  0.50   96865     161   96784  3472342  35.85
1990-1999       43      0.00204  0.00204  0.50   96704     197   96605  3375558  34.91
1990-1999       44      0.00185  0.00185  0.50   96507     179   96417  3278953  33.98
1990-1999       45      0.00229  0.00229  0.50   96328     221   96218  3182535  33.04
1990-1999       46      0.00252  0.00252  0.50   96107     242   95986  3086317  32.11
1990-1999       47      0.00295  0.00294  0.50   95865     282   95724  2990331  31.19
1990-1999       48      0.00283  0.00283  0.50   95583     270   95448  2894607  30.28
1990-1999       49      0.00375  0.00375  0.50   95313     357   95134  2799159  29.37
1990-1999       50      0.00386  0.00385  0.50   94955     366   94772  2704025  28.48
1990-1999       51      0.00430  0.00429  0.50   94590     406   94387  2609253  27.59
1990-1999       52      0.00449  0.00448  0.50   94184     422   93973  2514866  26.70
1990-1999       53      0.00535  0.00534  0.50   93762     501   93512  2420893  25.82
1990-1999       54      0.00566  0.00564  0.50   93261     526   92998  2327382  24.96
1990-1999       55      0.00658  0.00656  0.50   92735     608   92431  2234384  24.09
1990-1999       56      0.00715  0.00712  0.50   92126     656   91798  2141953  23.25
1990-1999       57      0.00801  0.00797  0.50   91470     729   91106  2050155  22.41
1990-1999       58      0.00893  0.00889  0.50   90741     806   90338  1959049  21.59
1990-1999       59      0.00958  0.00954  0.50   89935     858   89506  1868711  20.78
1990-1999       60      0.01153  0.01146  0.50   89077    1021   88566  1779206  19.97
1990-1999       61      0.01252  0.01245  0.50   88056    1096   87508  1690639  19.20
1990-1999       62      0.01382  0.01373  0.50   86960    1194   86363  1603132  18.44
1990-1999       63      0.01524  0.01512  0.50   85766    1297   85118  1516769  17.68
1990-1999       64      0.01694  0.01680  0.50   84469    1419   83760  1431651  16.95
1990-1999       65      0.01843  0.01826  0.50   83050    1517   82292  1347892  16.23
1990-1999       66      0.02037  0.02017  0.50   81534    1644   80711  1265600  15.52
1990-1999       67      0.02239  0.02214  0.50   79889    1769   79005  1184888  14.83
1990-1999       68      0.02448  0.02418  0.50   78121    1889   77176  1105883  14.16
1990-1999       69      0.02753  0.02716  0.50   76231    2070   75196  1028707  13.49
1990-1999       70      0.03086  0.03039  0.50   74161    2254   73034   953511  12.86
1990-1999       71      0.03315  0.03261  0.50   71907    2345   70735   880477  12.24
1990-1999       72      0.03648  0.03583  0.50   69562    2492   68316   809742  11.64
1990-1999       73      0.04019  0.03940  0.50   67070    2642   65749   741426  11.05
1990-1999       74      0.04458  0.04361  0.50   64428    2810   63023   675677  10.49
1990-1999       75      0.04808  0.04695  0.50   61618    2893   60171   612654   9.94
1990-1999       76      0.05377  0.05236  0.50   58725    3075   57187   552483   9.41
1990-1999       77      0.05856  0.05690  0.50   55650    3166   54067   495295   8.90
1990-1999       78      0.06349  0.06153  0.50   52483    3230   50869   441229   8.41
1990-1999       79      0.06858  0.06631  0.50   49254    3266   47621   390360   7.93
1990-1999       80      0.07650  0.07368  0.50   45988    3388   44294   342739   7.45
1990-1999       81      0.08557  0.08206  0.50   42600    3496   40852   298445   7.01
1990-1999       82      0.09494  0.09064  0.50   39104    3544   37332   257594   6.59
1990-1999       83      0.10306  0.09801  0.50   35559    3485   33817   220262   6.19
1990-1999       84      0.11410  0.10794  0.50   32074    3462   30343   186445   5.81
1990-1999       85      0.12068  0.11382  0.50   28612    3257   26984   156102   5.46
1990-1999       86      0.13867  0.12968  0.50   25356    3288   23712   129118   5.09
1990-1999       87      0.14556  0.13569  0.50   22068    2994   20570   105406   4.78
1990-1999       88      0.16282  0.15056  0.50   19073    2872   17637    84836   4.45
1990-1999       89      0.18545  0.16971  0.50   16202    2750   14827    67198   4.15
1990-1999       90      0.19528  0.17791  0.50   13452    2393   12255    52372   3.89
1990-1999       91      0.21606  0.19499  0.50   11059    2156    9981    40116   3.63
1990-1999       92      0.24200  0.21588  0.50    8902    1922    7941    30136   3.39
1990-1999       93      0.25729  0.22796  0.50    6981    1591    6185    22194   3.18
1990-1999       94      0.29427  0.25653  0.50    5389    1383    4698    16009   2.97
1990-1999       95      0.30260  0.26283  0.50    4007    1053    3480    11311   2.82
1990-1999       96      0.32734  0.28130  0.50    2954     831    2538     7831   2.65
1990-1999       97      0.35319  0.30018  0.50    2123     637    1804     5293   2.49
1990-1999       98      0.38006  0.31937  0.50    1486     474    1248     3489   2.35
1990-1999       99      0.40780  0.33873  0.50    1011     343     840     2240   2.22
1990-1999      100      0.43625  0.35814  0.50     669     239     549     1400   2.09
1990-1999      101      0.46524  0.37744  0.50     429     162     348      851   1.98
1990-1999      102      0.49456  0.39651  0.50     267     106     214      503   1.88
1990-1999      103      0.52402  0.41522  0.50     161      67     128      289   1.79
1990-1999      104      0.55339  0.43345  0.50      94      41      74      161   1.71
1990-1999      105      0.58247  0.45109  0.50      53      24      41       87   1.64
1990-1999      106      0.61105  0.46805  0.50      29      14      22       46   1.57
1990-1999      107      0.63895  0.48425  0.50      16       8      12       24   1.51
1990-1999      108      0.66600  0.49962  0.50       8       4       6       12   1.46
1990-1999      109      0.69204  0.51414  0.50       4       2       3        6   1.42
1990-1999      110+     0.71695  1.00000  1.39       2       2       3        3   1.39
2000-2009        0      0.00534  0.00531  0.14  100000     531   99542  7844740  78.45
2000-2009        1      0.00041  0.00041  0.50   99469      41   99448  7745197  77.87
2000-2009        2      0.00020  0.00020  0.50   99428      20   99418  7645749  76.90
2000-2009        3      0.00020  0.00020  0.50   99408      20   99398  7546331  75.91
2000-2009        4      0.00012  0.00012  0.50   99388      12   99383  7446932  74.93
2000-2009        5      0.00012  0.00012  0.50   99377      12   99371  7347550  73.94
2000-2009        6      0.00015  0.00015  0.50   99365      15   99357  7248179  72.95
2000-2009        7      0.00013  0.00013  0.50   99350      13   99344  7148822  71.96
2000-2009        8      0.00011  0.00011  0.50   99337      11   99332  7049478  70.97
2000-2009        9      0.00018  0.00018  0.50   99326      17   99318  6950147  69.97
2000-2009       10      0.00008  0.00008  0.50   99309       8   99305  6850829  68.99
2000-2009       11      0.00012  0.00012  0.50   99301      11   99295  6751524  67.99
2000-2009       12      0.00017  0.00017  0.50   99289      16   99281  6652229  67.00
2000-2009       13      0.00016  0.00016  0.50   99273      16   99265  6552948  66.01
2000-2009       14      0.00022  0.00022  0.50   99257      22   99246  6453683  65.02
2000-2009       15      0.00034  0.00034  0.50   99235      34   99218  6354437  64.03
2000-2009       16      0.00042  0.00042  0.50   99201      41   99180  6255219  63.06
2000-2009       17      0.00052  0.00052  0.50   99160      52   99134  6156039  62.08
2000-2009       18      0.00066  0.00066  0.50   99108      65   99075  6056905  61.11
2000-2009       19      0.00065  0.00065  0.50   99043      64   99011  5957830  60.15
2000-2009       20      0.00075  0.00075  0.50   98978      74   98942  5858819  59.19
2000-2009       21      0.00063  0.00063  0.50   98905      62   98873  5759878  58.24
2000-2009       22      0.00071  0.00071  0.50   98842      70   98807  5661005  57.27
2000-2009       23      0.00062  0.00062  0.50   98772      61   98742  5562197  56.31
2000-2009       24      0.00066  0.00066  0.50   98711      65   98679  5463455  55.35
2000-2009       25      0.00065  0.00065  0.50   98646      64   98614  5364776  54.38
2000-2009       26      0.00061  0.00061  0.50   98582      60   98552  5266162  53.42
2000-2009       27      0.00081  0.00081  0.50   98522      80   98482  5167610  52.45
2000-2009       28      0.00064  0.00064  0.50   98442      63   98410  5069128  51.49
2000-2009       29      0.00064  0.00064  0.50   98379      63   98347  4970718  50.53
2000-2009       30      0.00072  0.00072  0.50   98315      71   98280  4872371  49.56
2000-2009       31      0.00068  0.00068  0.50   98245      67   98211  4774091  48.59
2000-2009       32      0.00072  0.00072  0.50   98178      71   98142  4675880  47.63
2000-2009       33      0.00069  0.00069  0.50   98106      68   98073  4577738  46.66
2000-2009       34      0.00084  0.00084  0.50   98039      83   97997  4479666  45.69
2000-2009       35      0.00088  0.00088  0.50   97956      86   97913  4381668  44.73
2000-2009       36      0.00107  0.00107  0.50   97870     105   97818  4283755  43.77
2000-2009       37      0.00104  0.00104  0.50   97765     102   97714  4185938  42.82
2000-2009       38      0.00108  0.00108  0.50   97663     105   97611  4088224  41.86
2000-2009       39      0.00131  0.00131  0.50   97558     127   97494  3990613  40.91
2000-2009       40      0.00133  0.00133  0.50   97431     130   97366  3893119  39.96
2000-2009       41      0.00155  0.00155  0.50   97301     150   97226  3795753  39.01
2000-2009       42      0.00162  0.00162  0.50   97151     158   97072  3698527  38.07
2000-2009       43      0.00169  0.00169  0.50   96993     164   96911  3601456  37.13
2000-2009       44      0.00191  0.00191  0.50   96829     185   96736  3504545  36.19
2000-2009       45      0.00218  0.00217  0.50   96644     210   96539  3407808  35.26
2000-2009       46      0.00240  0.00240  0.50   96434     231   96318  3311270  34.34
2000-2009       47      0.00256  0.00255  0.50   96202     246   96080  3214952  33.42
2000-2009       48      0.00280  0.00280  0.50   95957     268   95823  3118872  32.50
2000-2009       49      0.00295  0.00295  0.50   95688     282   95547  3023050  31.59
2000-2009       50      0.00332  0.00331  0.50   95406     316   95248  2927502  30.68
2000-2009       51      0.00353  0.00352  0.50   95091     335   94923  2832254  29.78
2000-2009       52      0.00410  0.00409  0.50   94755     388   94561  2737331  28.89
2000-2009       53      0.00444  0.00443  0.50   94368     418   94159  2642769  28.01
2000-2009       54      0.00461  0.00460  0.50   93950     432   93734  2548611  27.13
2000-2009       55      0.00490  0.00489  0.50   93518     457   93289  2454877  26.25
2000-2009       56      0.00548  0.00547  0.50   93061     509   92806  2361587  25.38
2000-2009       57      0.00629  0.00627  0.50   92552     580   92262  2268781  24.51
2000-2009       58      0.00684  0.00682  0.50   91972     627   91658  2176519  23.67
2000-2009       59      0.00762  0.00759  0.50   91345     693   90998  2084861  22.82
2000-2009       60      0.00834  0.00830  0.50   90652     752   90275  1993863  21.99
2000-2009       61      0.00889  0.00885  0.50   89899     796   89501  1903587  21.17
2000-2009       62      0.01008  0.01003  0.50   89103     894   88657  1814086  20.36
2000-2009       63      0.01118  0.01112  0.50   88210     981   87719  1725429  19.56
2000-2009       64      0.01211  0.01203  0.50   87229    1050   86704  1637710  18.77
2000-2009       65      0.01297  0.01289  0.50   86179    1111   85623  1551007  18.00
2000-2009       66      0.01531  0.01520  0.50   85068    1293   84422  1465383  17.23
2000-2009       67      0.01545  0.01533  0.50   83775    1284   83133  1380961  16.48
2000-2009       68      0.01718  0.01703  0.50   82491    1405   81788  1297828  15.73
2000-2009       69      0.01921  0.01903  0.50   81086    1543   80314  1216040  15.00
2000-2009       70      0.02152  0.02129  0.50   79543    1693   78696  1135725  14.28
2000-2009       71      0.02458  0.02429  0.50   77850    1891   76904  1057029  13.58
2000-2009       72      0.02690  0.02655  0.50   75959    2016   74951   980125  12.90
2000-2009       73      0.02912  0.02870  0.50   73943    2122   72882   905174  12.24
2000-2009       74      0.03359  0.03304  0.50   71820    2373   70634   832292  11.59
2000-2009       75      0.03767  0.03697  0.50   69448    2567   68164   761658  10.97
2000-2009       76      0.03957  0.03880  0.50   66880    2595   65583   693494  10.37
2000-2009       77      0.04587  0.04484  0.50   64285    2883   62844   627912   9.77
2000-2009       78      0.05118  0.04991  0.50   61402    3064   59870   565068   9.20
2000-2009       79      0.05581  0.05430  0.50   58338    3168   56754   505197   8.66
2000-2009       80      0.06546  0.06339  0.50   55171    3497   53422   448443   8.13
2000-2009       81      0.07118  0.06873  0.50   51674    3552   49898   395021   7.64
2000-2009       82      0.07890  0.07591  0.50   48122    3653   46295   345123   7.17
2000-2009       83      0.08598  0.08244  0.50   44469    3666   42636   298828   6.72
2000-2009       84      0.09507  0.09076  0.50   40803    3703   38951   256192   6.28
2000-2009       85      0.10737  0.10190  0.50   37100    3781   35210   217240   5.86
2000-2009       86      0.11795  0.11138  0.50   33319    3711   31464   182030   5.46
2000-2009       87      0.13129  0.12320  0.50   29608    3648   27784   150567   5.09
2000-2009       88      0.14991  0.13945  0.50   25960    3620   24150   122783   4.73
2000-2009       89      0.16035  0.14845  0.50   22340    3316   20682    98632   4.42
2000-2009       90      0.18074  0.16576  0.50   19024    3153   17447    77950   4.10
2000-2009       91      0.19721  0.17951  0.50   15870    2849   14446    60503   3.81
2000-2009       92      0.22761  0.20436  0.50   13021    2661   11691    46057   3.54
2000-2009       93      0.24836  0.22093  0.50   10360    2289    9216    34367   3.32
2000-2009       94      0.25629  0.22718  0.50    8072    1834    7155    25151   3.12
2000-2009       95      0.29070  0.25381  0.50    6238    1583    5446    17996   2.88
2000-2009       96      0.31694  0.27359  0.50    4655    1273    4018    12550   2.70
2000-2009       97      0.34453  0.29390  0.50    3381     994    2884     8532   2.52
2000-2009       98      0.37335  0.31462  0.50    2387     751    2012     5647   2.37
2000-2009       99      0.40322  0.33557  0.50    1636     549    1362     3635   2.22
2000-2009      100      0.43396  0.35659  0.50    1087     388     893     2274   2.09
2000-2009      101      0.46534  0.37751  0.50     700     264     567     1380   1.97
2000-2009      102      0.49712  0.39816  0.50     435     173     349      813   1.87
2000-2009      103      0.52904  0.41837  0.50     262     110     207      464   1.77
2000-2009      104      0.56082  0.43800  0.50     152      67     119      257   1.68
2000-2009      105      0.59219  0.45691  0.50      86      39      66      138   1.61
2000-2009      106      0.62292  0.47498  0.50      47      22      35       72   1.54
2000-2009      107      0.65275  0.49213  0.50      24      12      18       36   1.48
2000-2009      108      0.68149  0.50829  0.50      12       6       9       18   1.43
2000-2009      109      0.70895  0.52342  0.50       6       3       5        8   1.39
2000-2009      110+     0.73501  1.00000  1.36       3       3       4        4   1.36
2010-2019        0      0.00457  0.00455  0.14  100000     455   99609  8035851  80.36
2010-2019        1      0.00021  0.00021  0.50   99545      21   99535  7936243  79.73
2010-2019        2      0.00017  0.00017  0.50   99525      17   99516  7836708  78.74
2010-2019        3      0.00008  0.00008  0.50   99508       8   99504  7737192  77.75
2010-2019        4      0.00012  0.00012  0.50   99500      12   99494  7637688  76.76
2010-2019        5      0.00009  0.00009  0.50   99489       9   99484  7538193  75.77
2010-2019        6      0.00012  0.00012  0.50   99480      12   99474  7438709  74.78
2010-2019        7      0.00007  0.00007  0.50   99468       7   99465  7339235  73.78
2010-2019        8      0.00011  0.00011  0.50   99462      11   99456  7239771  72.79
2010-2019        9      0.00005  0.00005  0.50   99451       5   99448  7140314  71.80
2010-2019       10      0.00009  0.00009  0.50   99445       9   99441  7040866  70.80
2010-2019       11      0.00010  0.00010  0.50   99436      10   99431  6941426  69.81
2010-2019       12      0.00008  0.00008  0.50   99426       8   99422  6841994  68.81
2010-2019       13      0.00009  0.00009  0.50   99418       9   99413  6742572  67.82
2010-2019       14      0.00014  0.00014  0.50   99409      14   99402  6643159  66.83
2010-2019       15      0.00023  0.00023  0.50   99395      23   99383  6543757  65.84
2010-2019       16      0.00028  0.00028  0.50   99372      27   99358  6444374  64.85
2010-2019       17      0.00029  0.00029  0.50   99344      29   99330  6345016  63.87
2010-2019       18      0.00045  0.00045  0.50   99315      44   99293  6245686  62.89
2010-2019       19      0.00056  0.00056  0.50   99271      55   99243  6146393  61.92
2010-2019       20      0.00055  0.00055  0.50   99216      54   99188  6047150  60.95
2010-2019       21      0.00056  0.00056  0.50   99161      56   99133  5947961  59.98
2010-2019       22      0.00055  0.00055  0.50   99105      54   99078  5848828  59.02
2010-2019       23      0.00064  0.00064  0.50   99051      64   99019  5749750  58.05
2010-2019       24      0.00057  0.00057  0.50   98987      56   98959  5650731  57.09
2010-2019       25      0.00071  0.00071  0.50   98931      70   98896  5551771  56.12
2010-2019       26      0.00057  0.00057  0.50   98861      56   98833  5452875  55.16
2010-2019       27      0.00061  0.00061  0.50   98805      60   98775  5354042  54.19
2010-2019       28      0.00070  0.00070  0.50   98745      69   98711  5255267  53.22
2010-2019       29      0.00071  0.00071  0.50   98676      70   98642  5156556  52.26
2010-2019       30      0.00077  0.00077  0.50   98607      76   98569  5057914  51.29
2010-2019       31      0.00069  0.00069  0.50   98531      68   98497  4959346  50.33
2010-2019       32      0.00091  0.00091  0.50   98463      89   98418  4860849  49.37
2010-2019       33      0.00081  0.00081  0.50   98373      79   98334  4762431  48.41
2010-2019       34      0.00083  0.00083  0.50   98294      82   98253  4664098  47.45
2010-2019       35      0.00090  0.00090  0.50   98212      88   98168  4565844  46.49
2010-2019       36      0.00103  0.00103  0.50   98124     101   98074  4467676  45.53
2010-2019       37      0.00098  0.00098  0.50   98023      96   97975  4369603  44.58
2010-2019       38      0.00093  0.00093  0.50   97927      91   97881  4271628  43.62
2010-2019       39      0.00128  0.00127  0.50   97836     125   97773  4173747  42.66
2010-2019       40      0.00124  0.00124  0.50   97711     121   97651  4075973  41.71
2010-2019       41      0.00131  0.00131  0.50   97590     128   97526  3978323  40.77
2010-2019       42      0.00150  0.00150  0.50   97463     146   97390  3880796  39.82
2010-2019       43      0.00161  0.00161  0.50   97317     157   97238  3783406  38.88
2010-2019       44      0.00170  0.00170  0.50   97160     165   97077  3686168  37.94
2010-2019       45      0.00184  0.00184  0.50   96995     179   96905  3589091  37.00
2010-2019       46      0.00214  0.00214  0.50   96816     207   96712  3492186  36.07
2010-2019       47      0.00219  0.00218  0.50   96609     211   96503  3395473  35.15
2010-2019       48      0.00241  0.00241  0.50   96398     232   96282  3298970  34.22
2010-2019       49      0.00267  0.00267  0.50   96166     256   96038  3202688  33.30
2010-2019       50      0.00301  0.00300  0.50   95910     288   95766  3106650  32.39
2010-2019       51      0.00300  0.00300  0.50   95622     287   95478  3010885  31.49
2010-2019       52      0.00350  0.00350  0.50   95335     333   95168  2915406  30.58
2010-2019       53      0.00366  0.00365  0.50   95001     347   94828  2820238  29.69
2010-2019       54      0.00409  0.00408  0.50   94654     386   94461  2725411  28.79
2010-2019       55      0.00444  0.00443  0.50   94268     418   94059  2630950  27.91
2010-2019       56      0.00481  0.00480  0.50   93850     450   93625  2536890  27.03
2010-2019       57      0.00530  0.00529  0.50   93400     494   93153  2443265  26.16
2010-2019       58      0.00574  0.00573  0.50   92906     532   92640  2350112  25.30
2010-2019       59      0.00632  0.00630  0.50   92374     582   92083  2257472  24.44
2010-2019       60      0.00663  0.00660  0.50   91792     606   91489  2165388  23.59
2010-2019       61      0.00756  0.00753  0.50   91186     686   90843  2073899  22.74
2010-2019       62      0.00806  0.00803  0.50   90500     727   90136  1983057  21.91
2010-2019       63      0.00884  0.00880  0.50   89773     790   89378  1892920  21.09
2010-2019       64      0.01005  0.01000  0.50   88983     890   88538  1803543  20.27
2010-2019       65      0.01028  0.01022  0.50   88093     901   87642  1715005  19.47
2010-2019       66      0.01189  0.01182  0.50   87192    1031   86677  1627363  18.66
2010-2019       67      0.01275  0.01267  0.50   86162    1091   85616  1540686  17.88
2010-2019       68      0.01379  0.01370  0.50   85070    1165   84487  1455070  17.10
2010-2019       69      0.01574  0.01562  0.50   83905    1311   83249  1370583  16.33
2010-2019       70      0.01712  0.01698  0.50   82594    1402   81893  1287333  15.59
2010-2019       71      0.01872  0.01855  0.50   81192    1506   80439  1205440  14.85
2010-2019       72      0.02098  0.02076  0.50   79686    1655   78859  1125001  14.12
2010-2019       73      0.02255  0.02230  0.50   78031    1740   77161  1046143  13.41
2010-2019       74      0.02647  0.02612  0.50   76291    1993   75295   968981  12.70
2010-2019       75      0.02967  0.02923  0.50   74298    2172   73212   893687  12.03
2010-2019       76      0.03178  0.03128  0.50   72126    2256   70998   820474  11.38
2010-2019       77      0.03599  0.03536  0.50   69870    2470   68635   749476  10.73
2010-2019       78      0.03961  0.03884  0.50   67400    2618   66091   680841  10.10
2010-2019       79      0.04486  0.04388  0.50   64782    2842   63361   614751   9.49
2010-2019       80      0.05043  0.04919  0.50   61939    3047   60416   551390   8.90
2010-2019       81      0.05584  0.05433  0.50   58892    3199   57293   490974   8.34
2010-2019       82      0.06323  0.06130  0.50   55693    3414   53986   433681   7.79
2010-2019       83      0.07115  0.06871  0.50   52279    3592   50483   379695   7.26
2010-2019       84      0.08064  0.07751  0.50   48687    3774   46800   329212   6.76
2010-2019       85      0.09051  0.08659  0.50   44913    3889   42969   282412   6.29
2010-2019       86      0.10324  0.09817  0.50   41024    4027   39011   239443   5.84
2010-2019       87      0.11591  0.10956  0.50   36997    4053   34970   200432   5.42
2010-2019       88      0.12746  0.11982  0.50   32944    3947   30970   165462   5.02
2010-2019       89      0.14714  0.13705  0.50   28996    3974   27009   134492   4.64
2010-2019       90      0.16261  0.15039  0.50   25022    3763   23141   107483   4.30
2010-2019       91      0.18915  0.17281  0.50   21259    3674   19422    84343   3.97
2010-2019       92      0.20575  0.18656  0.50   17585    3281   15945    64920   3.69
2010-2019       93      0.22786  0.20455  0.50   14305    2926   12842    48975   3.42
2010-2019       94      0.25157  0.22346  0.50   11379    2543   10107    36134   3.18
2010-2019       95      0.27867  0.24459  0.50    8836    2161    7755    26027   2.95
2010-2019       96      0.30674  0.26595  0.50    6675    1775    5787    18271   2.74
2010-2019       97      0.33641  0.28797  0.50    4900    1411    4194    12484   2.55
2010-2019       98      0.36752  0.31047  0.50    3489    1083    2947     8290   2.38
2010-2019       99      0.39986  0.33324  0.50    2406     802    2005     5343   2.22
2010-2019      100      0.43320  0.35607  0.50    1604     571    1318     3338   2.08
2010-2019      101      0.46725  0.37876  0.50    1033     391     837     2020   1.96
2010-2019      102      0.50171  0.40109  0.50     642     257     513     1183   1.84
2010-2019      103      0.53625  0.42287  0.50     384     162     303      670   1.74
2010-2019      104      0.57053  0.44390  0.50     222      98     173      367   1.65
2010-2019      105      0.60423  0.46404  0.50     123      57      95      194   1.57
2010-2019      106      0.63704  0.48315  0.50      66      32      50       99   1.50
2010-2019      107      0.66869  0.50114  0.50      34      17      26       49   1.44
2010-2019      108      0.69895  0.51794  0.50      17       9      13       24   1.39
2010-2019      109      0.72761  0.53352  0.50       8       4       6       11   1.35
2010-2019      110+     0.75455  1.00000  1.33       4       4       5        5   1.33
