Ireland, Life tables (period 1x10), Total	Last modified: 12 Jun 2022;  Methods Protocol: v6 (2017)

  Year          Age         mx       qx    ax      lx      dx      Lx       Tx     ex
1950-1959        0      0.03914  0.03791  0.17  100000    3791   96871  6775101  67.75
1950-1959        1      0.00320  0.00319  0.50   96209     307   96055  6678229  69.41
1950-1959        2      0.00182  0.00181  0.50   95902     174   95815  6582174  68.63
1950-1959        3      0.00122  0.00122  0.50   95728     117   95669  6486360  67.76
1950-1959        4      0.00101  0.00101  0.50   95611      96   95563  6390690  66.84
1950-1959        5      0.00080  0.00080  0.50   95515      76   95477  6295127  65.91
1950-1959        6      0.00065  0.00065  0.50   95439      62   95408  6199651  64.96
1950-1959        7      0.00065  0.00065  0.50   95377      62   95346  6104243  64.00
1950-1959        8      0.00056  0.00056  0.50   95316      53   95289  6008896  63.04
1950-1959        9      0.00045  0.00045  0.50   95263      43   95241  5913607  62.08
1950-1959       10      0.00049  0.00049  0.50   95220      47   95197  5818366  61.10
1950-1959       11      0.00046  0.00046  0.50   95173      44   95151  5723169  60.13
1950-1959       12      0.00048  0.00048  0.50   95129      46   95106  5628018  59.16
1950-1959       13      0.00049  0.00049  0.50   95083      46   95060  5532912  58.19
1950-1959       14      0.00059  0.00059  0.50   95037      56   95009  5437852  57.22
1950-1959       15      0.00068  0.00068  0.50   94981      64   94949  5342843  56.25
1950-1959       16      0.00077  0.00077  0.50   94917      73   94880  5247894  55.29
1950-1959       17      0.00088  0.00088  0.50   94844      84   94802  5153013  54.33
1950-1959       18      0.00098  0.00098  0.50   94760      93   94713  5058212  53.38
1950-1959       19      0.00108  0.00108  0.50   94667     102   94616  4963498  52.43
1950-1959       20      0.00115  0.00115  0.50   94565     109   94511  4868882  51.49
1950-1959       21      0.00128  0.00128  0.50   94456     121   94396  4774371  50.55
1950-1959       22      0.00123  0.00123  0.50   94335     116   94277  4679976  49.61
1950-1959       23      0.00144  0.00144  0.50   94220     136   94152  4585698  48.67
1950-1959       24      0.00148  0.00147  0.50   94084     139   94015  4491546  47.74
1950-1959       25      0.00143  0.00142  0.50   93945     134   93879  4397531  46.81
1950-1959       26      0.00147  0.00147  0.50   93812     138   93743  4303653  45.88
1950-1959       27      0.00163  0.00163  0.50   93674     153   93598  4209910  44.94
1950-1959       28      0.00173  0.00173  0.50   93521     162   93440  4116313  44.01
1950-1959       29      0.00180  0.00180  0.50   93359     168   93275  4022872  43.09
1950-1959       30      0.00210  0.00210  0.50   93191     196   93093  3929597  42.17
1950-1959       31      0.00163  0.00163  0.50   92996     152   92920  3836504  41.25
1950-1959       32      0.00221  0.00221  0.50   92844     205   92741  3743584  40.32
1950-1959       33      0.00203  0.00203  0.50   92638     188   92545  3650843  39.41
1950-1959       34      0.00218  0.00218  0.50   92451     201   92350  3558298  38.49
1950-1959       35      0.00252  0.00252  0.50   92249     232   92133  3465949  37.57
1950-1959       36      0.00250  0.00250  0.50   92017     230   91902  3373815  36.67
1950-1959       37      0.00242  0.00241  0.50   91787     222   91676  3281914  35.76
1950-1959       38      0.00310  0.00310  0.50   91565     283   91423  3190238  34.84
1950-1959       39      0.00279  0.00279  0.50   91282     254   91155  3098814  33.95
1950-1959       40      0.00395  0.00394  0.50   91027     359   90848  3007660  33.04
1950-1959       41      0.00267  0.00266  0.50   90669     241   90548  2916812  32.17
1950-1959       42      0.00410  0.00409  0.50   90427     370   90242  2826264  31.25
1950-1959       43      0.00372  0.00371  0.50   90057     335   89890  2736021  30.38
1950-1959       44      0.00384  0.00383  0.50   89723     343   89551  2646131  29.49
1950-1959       45      0.00493  0.00492  0.50   89379     440   89160  2556580  28.60
1950-1959       46      0.00492  0.00491  0.50   88940     437   88721  2467420  27.74
1950-1959       47      0.00505  0.00504  0.50   88503     446   88280  2378699  26.88
1950-1959       48      0.00631  0.00629  0.50   88057     554   87780  2290418  26.01
1950-1959       49      0.00601  0.00599  0.50   87503     524   87241  2202638  25.17
1950-1959       50      0.01003  0.00998  0.50   86979     868   86545  2115397  24.32
1950-1959       51      0.00624  0.00622  0.50   86111     535   85843  2028852  23.56
1950-1959       52      0.00923  0.00918  0.50   85576     786   85183  1943009  22.71
1950-1959       53      0.00926  0.00922  0.50   84790     781   84399  1857826  21.91
1950-1959       54      0.01101  0.01095  0.50   84008     920   83549  1773427  21.11
1950-1959       55      0.01111  0.01104  0.50   83089     918   82630  1689878  20.34
1950-1959       56      0.01374  0.01364  0.50   82171    1121   81611  1607249  19.56
1950-1959       57      0.01227  0.01220  0.50   81050     989   80556  1525638  18.82
1950-1959       58      0.01570  0.01558  0.50   80061    1247   79438  1445082  18.05
1950-1959       59      0.01406  0.01396  0.50   78814    1100   78264  1365645  17.33
1950-1959       60      0.02471  0.02440  0.50   77714    1897   76765  1287381  16.57
1950-1959       61      0.01538  0.01526  0.50   75817    1157   75239  1210616  15.97
1950-1959       62      0.02176  0.02153  0.50   74660    1607   73856  1135377  15.21
1950-1959       63      0.02192  0.02169  0.50   73053    1584   72261  1061520  14.53
1950-1959       64      0.02556  0.02524  0.50   71469    1804   70567   989260  13.84
1950-1959       65      0.03358  0.03303  0.50   69665    2301   68515   918693  13.19
1950-1959       66      0.02567  0.02534  0.50   67364    1707   66511   850179  12.62
1950-1959       67      0.02914  0.02872  0.50   65657    1886   64714   783668  11.94
1950-1959       68      0.03882  0.03808  0.50   63771    2428   62557   718954  11.27
1950-1959       69      0.03788  0.03717  0.50   61343    2280   60203   656397  10.70
1950-1959       70      0.05226  0.05093  0.50   59063    3008   57559   596194  10.09
1950-1959       71      0.04260  0.04171  0.50   56054    2338   54885   538635   9.61
1950-1959       72      0.05877  0.05710  0.50   53716    3067   52183   483750   9.01
1950-1959       73      0.06326  0.06132  0.50   50649    3106   49096   431567   8.52
1950-1959       74      0.07305  0.07048  0.50   47543    3351   45868   382471   8.04
1950-1959       75      0.08264  0.07936  0.50   44193    3507   42439   336603   7.62
1950-1959       76      0.08745  0.08379  0.50   40685    3409   38981   294164   7.23
1950-1959       77      0.08582  0.08229  0.50   37276    3067   35743   255183   6.85
1950-1959       78      0.10650  0.10111  0.50   34209    3459   32480   219440   6.41
1950-1959       79      0.09714  0.09264  0.50   30750    2849   29326   186960   6.08
1950-1959       80      0.14299  0.13345  0.50   27901    3723   26040   157635   5.65
1950-1959       81      0.10618  0.10083  0.50   24178    2438   22959   131595   5.44
1950-1959       82      0.14455  0.13481  0.50   21740    2931   20275   108636   5.00
1950-1959       83      0.14902  0.13869  0.50   18809    2609   17505    88361   4.70
1950-1959       84      0.19314  0.17613  0.50   16201    2853   14774    70856   4.37
1950-1959       85      0.19055  0.17398  0.50   13347    2322   12186    56082   4.20
1950-1959       86      0.22307  0.20068  0.50   11025    2213    9919    43896   3.98
1950-1959       87      0.22271  0.20039  0.50    8813    1766    7930    33977   3.86
1950-1959       88      0.22505  0.20229  0.50    7047    1425    6334    26047   3.70
1950-1959       89      0.22919  0.20563  0.50    5621    1156    5043    19713   3.51
1950-1959       90      0.30100  0.26162  0.50    4465    1168    3881    14670   3.29
1950-1959       91      0.22905  0.20551  0.50    3297     678    2958    10789   3.27
1950-1959       92      0.28271  0.24770  0.50    2619     649    2295     7831   2.99
1950-1959       93      0.30146  0.26197  0.50    1971     516    1713     5536   2.81
1950-1959       94      0.33009  0.28333  0.50    1454     412    1248     3823   2.63
1950-1959       95      0.36669  0.30988  0.50    1042     323     881     2575   2.47
1950-1959       96      0.38810  0.32503  0.50     719     234     602     1694   2.35
1950-1959       97      0.40987  0.34016  0.50     486     165     403     1092   2.25
1950-1959       98      0.43194  0.35522  0.50     320     114     263      689   2.15
1950-1959       99      0.45422  0.37015  0.50     207      76     168      425   2.06
1950-1959      100      0.47662  0.38490  0.50     130      50     105      257   1.97
1950-1959      101      0.49907  0.39940  0.50      80      32      64      152   1.90
1950-1959      102      0.52148  0.41363  0.50      48      20      38       88   1.82
1950-1959      103      0.54377  0.42753  0.50      28      12      22       50   1.76
1950-1959      104      0.56587  0.44107  0.50      16       7      13       27   1.70
1950-1959      105      0.58769  0.45422  0.50       9       4       7       15   1.64
1950-1959      106      0.60917  0.46695  0.50       5       2       4        8   1.59
1950-1959      107      0.63024  0.47922  0.50       3       1       2        4   1.54
1950-1959      108      0.65083  0.49104  0.50       1       1       1        2   1.50
1950-1959      109      0.67089  0.50237  0.50       1       0       1        1   1.47
1950-1959      110+     0.69038  1.00000  1.45       0       0       1        1   1.45
1960-1969        0      0.02605  0.02547  0.13  100000    2547   97780  7039978  70.40
1960-1969        1      0.00163  0.00163  0.50   97453     159   97374  6942198  71.24
1960-1969        2      0.00103  0.00102  0.50   97294     100   97245  6844824  70.35
1960-1969        3      0.00074  0.00074  0.50   97195      72   97159  6747579  69.42
1960-1969        4      0.00058  0.00058  0.50   97123      56   97095  6650421  68.47
1960-1969        5      0.00050  0.00050  0.50   97067      49   97042  6553326  67.51
1960-1969        6      0.00049  0.00049  0.50   97018      47   96994  6456284  66.55
1960-1969        7      0.00036  0.00036  0.50   96971      35   96953  6359289  65.58
1960-1969        8      0.00041  0.00041  0.50   96936      39   96916  6262336  64.60
1960-1969        9      0.00039  0.00039  0.50   96896      37   96877  6165420  63.63
1960-1969       10      0.00035  0.00035  0.50   96859      34   96842  6068543  62.65
1960-1969       11      0.00030  0.00030  0.50   96825      29   96810  5971701  61.68
1960-1969       12      0.00035  0.00035  0.50   96796      34   96779  5874891  60.69
1960-1969       13      0.00033  0.00033  0.50   96762      32   96746  5778112  59.71
1960-1969       14      0.00032  0.00032  0.50   96730      31   96715  5681366  58.73
1960-1969       15      0.00042  0.00042  0.50   96699      41   96679  5584652  57.75
1960-1969       16      0.00046  0.00046  0.50   96659      45   96636  5487973  56.78
1960-1969       17      0.00056  0.00056  0.50   96614      54   96587  5391336  55.80
1960-1969       18      0.00057  0.00057  0.50   96560      55   96532  5294749  54.83
1960-1969       19      0.00079  0.00079  0.50   96505      76   96467  5198217  53.86
1960-1969       20      0.00083  0.00083  0.50   96429      80   96389  5101750  52.91
1960-1969       21      0.00072  0.00072  0.50   96349      70   96314  5005361  51.95
1960-1969       22      0.00080  0.00080  0.50   96279      77   96241  4909047  50.99
1960-1969       23      0.00082  0.00082  0.50   96202      79   96163  4812807  50.03
1960-1969       24      0.00075  0.00075  0.50   96123      72   96087  4716644  49.07
1960-1969       25      0.00089  0.00089  0.50   96051      86   96008  4620557  48.11
1960-1969       26      0.00089  0.00089  0.50   95965      86   95922  4524550  47.15
1960-1969       27      0.00099  0.00099  0.50   95879      95   95832  4428627  46.19
1960-1969       28      0.00094  0.00094  0.50   95785      90   95740  4332796  45.23
1960-1969       29      0.00108  0.00108  0.50   95695     103   95643  4237056  44.28
1960-1969       30      0.00120  0.00120  0.50   95592     114   95535  4141412  43.32
1960-1969       31      0.00103  0.00103  0.50   95477      98   95428  4045878  42.38
1960-1969       32      0.00128  0.00127  0.50   95379     122   95318  3950450  41.42
1960-1969       33      0.00132  0.00132  0.50   95258     125   95195  3855131  40.47
1960-1969       34      0.00146  0.00146  0.50   95132     139   95063  3759936  39.52
1960-1969       35      0.00161  0.00161  0.50   94993     153   94917  3664873  38.58
1960-1969       36      0.00172  0.00172  0.50   94841     163   94759  3569956  37.64
1960-1969       37      0.00167  0.00167  0.50   94678     158   94599  3475197  36.71
1960-1969       38      0.00216  0.00216  0.50   94520     204   94417  3380598  35.77
1960-1969       39      0.00207  0.00206  0.50   94315     195   94218  3286181  34.84
1960-1969       40      0.00275  0.00275  0.50   94121     258   93991  3191963  33.91
1960-1969       41      0.00228  0.00228  0.50   93862     214   93755  3097972  33.01
1960-1969       42      0.00314  0.00314  0.50   93648     294   93502  3004216  32.08
1960-1969       43      0.00309  0.00308  0.50   93355     288   93211  2910715  31.18
1960-1969       44      0.00330  0.00329  0.50   93067     306   92914  2817504  30.27
1960-1969       45      0.00436  0.00435  0.50   92761     403   92559  2724590  29.37
1960-1969       46      0.00408  0.00408  0.50   92358     376   92169  2632030  28.50
1960-1969       47      0.00447  0.00446  0.50   91981     410   91776  2539861  27.61
1960-1969       48      0.00514  0.00513  0.50   91571     470   91336  2448085  26.73
1960-1969       49      0.00518  0.00517  0.50   91101     471   90866  2356748  25.87
1960-1969       50      0.00814  0.00811  0.50   90631     735   90263  2265882  25.00
1960-1969       51      0.00565  0.00563  0.50   89896     506   89643  2175619  24.20
1960-1969       52      0.00832  0.00829  0.50   89390     741   89019  2085976  23.34
1960-1969       53      0.00831  0.00827  0.50   88649     733   88282  1996957  22.53
1960-1969       54      0.00972  0.00967  0.50   87916     850   87491  1908674  21.71
1960-1969       55      0.00999  0.00994  0.50   87065     865   86633  1821184  20.92
1960-1969       56      0.01171  0.01164  0.50   86200    1004   85698  1734551  20.12
1960-1969       57      0.01134  0.01128  0.50   85197     961   84716  1648853  19.35
1960-1969       58      0.01428  0.01418  0.50   84236    1194   83638  1564137  18.57
1960-1969       59      0.01373  0.01363  0.50   83041    1132   82475  1480498  17.83
1960-1969       60      0.02068  0.02047  0.50   81909    1677   81071  1398023  17.07
1960-1969       61      0.01523  0.01511  0.50   80232    1212   79626  1316952  16.41
1960-1969       62      0.02161  0.02138  0.50   79020    1690   78175  1237326  15.66
1960-1969       63      0.02190  0.02166  0.50   77330    1675   76493  1159151  14.99
1960-1969       64      0.02473  0.02443  0.50   75656    1848   74731  1082658  14.31
1960-1969       65      0.03150  0.03101  0.50   73807    2289   72663  1007926  13.66
1960-1969       66      0.02595  0.02562  0.50   71518    1832   70602   935263  13.08
1960-1969       67      0.02836  0.02796  0.50   69686    1949   68711   864661  12.41
1960-1969       68      0.03680  0.03614  0.50   67737    2448   66513   795950  11.75
1960-1969       69      0.03651  0.03585  0.50   65289    2341   64119   729437  11.17
1960-1969       70      0.04862  0.04747  0.50   62948    2988   61455   665318  10.57
1960-1969       71      0.03828  0.03756  0.50   59961    2252   58835   603863  10.07
1960-1969       72      0.05467  0.05322  0.50   57709    3071   56173   545029   9.44
1960-1969       73      0.05804  0.05641  0.50   54637    3082   53096   488856   8.95
1960-1969       74      0.06611  0.06399  0.50   51556    3299   49906   435759   8.45
1960-1969       75      0.07471  0.07202  0.50   48256    3475   46519   385853   8.00
1960-1969       76      0.08031  0.07721  0.50   44781    3458   43052   339335   7.58
1960-1969       77      0.07874  0.07576  0.50   41323    3131   39758   296282   7.17
1960-1969       78      0.09557  0.09121  0.50   38193    3484   36451   256524   6.72
1960-1969       79      0.08961  0.08576  0.50   34709    2977   33221   220073   6.34
1960-1969       80      0.12928  0.12143  0.50   31732    3853   29806   186853   5.89
1960-1969       81      0.09997  0.09521  0.50   27879    2654   26552   157047   5.63
1960-1969       82      0.13411  0.12568  0.50   25225    3170   23640   130495   5.17
1960-1969       83      0.13982  0.13069  0.50   22054    2882   20613   106856   4.85
1960-1969       84      0.17975  0.16493  0.50   19172    3162   17591    86243   4.50
1960-1969       85      0.18101  0.16599  0.50   16010    2658   14681    68651   4.29
1960-1969       86      0.20611  0.18685  0.50   13353    2495   12105    53970   4.04
1960-1969       87      0.21198  0.19167  0.50   10858    2081    9817    41865   3.86
1960-1969       88      0.23001  0.20629  0.50    8777    1811    7871    32048   3.65
1960-1969       89      0.23068  0.20682  0.50    6966    1441    6246    24176   3.47
1960-1969       90      0.29081  0.25389  0.50    5525    1403    4824    17931   3.25
1960-1969       91      0.23866  0.21321  0.50    4122     879    3683    13107   3.18
1960-1969       92      0.29298  0.25555  0.50    3244     829    2829     9424   2.91
1960-1969       93      0.30631  0.26562  0.50    2415     641    2094     6595   2.73
1960-1969       94      0.34780  0.29628  0.50    1773     525    1511     4501   2.54
1960-1969       95      0.37647  0.31683  0.50    1248     395    1050     2990   2.40
1960-1969       96      0.40049  0.33367  0.50     853     284     710     1940   2.28
1960-1969       97      0.42492  0.35046  0.50     568     199     469     1230   2.16
1960-1969       98      0.44965  0.36711  0.50     369     135     301      761   2.06
1960-1969       99      0.47456  0.38355  0.50     234      90     189      460   1.97
1960-1969      100      0.49954  0.39971  0.50     144      58     115      271   1.88
1960-1969      101      0.52447  0.41551  0.50      86      36      68      156   1.81
1960-1969      102      0.54923  0.43090  0.50      51      22      40       88   1.73
1960-1969      103      0.57371  0.44582  0.50      29      13      22       48   1.67
1960-1969      104      0.59780  0.46024  0.50      16       7      12       26   1.61
1960-1969      105      0.62141  0.47411  0.50       9       4       7       13   1.55
1960-1969      106      0.64445  0.48740  0.50       5       2       3        7   1.51
1960-1969      107      0.66683  0.50009  0.50       2       1       2        3   1.46
1960-1969      108      0.68849  0.51218  0.50       1       1       1        2   1.42
1960-1969      109      0.70936  0.52364  0.50       1       0       0        1   1.39
1960-1969      110+     0.72940  1.00000  1.37       0       0       0        0   1.37
1970-1979        0      0.01695  0.01670  0.11  100000    1670   98521  7152971  71.53
1970-1979        1      0.00121  0.00121  0.50   98330     119   98271  7054450  71.74
1970-1979        2      0.00074  0.00074  0.50   98211      72   98175  6956179  70.83
1970-1979        3      0.00061  0.00061  0.50   98139      60   98109  6858004  69.88
1970-1979        4      0.00047  0.00047  0.50   98079      46   98056  6759895  68.92
1970-1979        5      0.00041  0.00041  0.50   98033      41   98013  6661839  67.96
1970-1979        6      0.00040  0.00040  0.50   97992      40   97972  6563827  66.98
1970-1979        7      0.00032  0.00032  0.50   97953      32   97937  6465855  66.01
1970-1979        8      0.00034  0.00034  0.50   97921      33   97904  6367918  65.03
1970-1979        9      0.00030  0.00030  0.50   97888      30   97873  6270013  64.05
1970-1979       10      0.00024  0.00024  0.50   97858      24   97846  6172141  63.07
1970-1979       11      0.00032  0.00032  0.50   97834      32   97819  6074294  62.09
1970-1979       12      0.00029  0.00029  0.50   97803      28   97789  5976476  61.11
1970-1979       13      0.00032  0.00032  0.50   97775      31   97759  5878687  60.12
1970-1979       14      0.00033  0.00033  0.50   97744      32   97727  5780928  59.14
1970-1979       15      0.00037  0.00037  0.50   97711      36   97693  5683200  58.16
1970-1979       16      0.00053  0.00053  0.50   97675      52   97649  5585507  57.18
1970-1979       17      0.00066  0.00066  0.50   97623      64   97591  5487858  56.21
1970-1979       18      0.00077  0.00077  0.50   97559      75   97521  5390267  55.25
1970-1979       19      0.00079  0.00079  0.50   97484      77   97445  5292746  54.29
1970-1979       20      0.00081  0.00081  0.50   97407      79   97367  5195301  53.34
1970-1979       21      0.00088  0.00088  0.50   97327      86   97285  5097934  52.38
1970-1979       22      0.00084  0.00084  0.50   97242      82   97201  5000649  51.42
1970-1979       23      0.00085  0.00085  0.50   97160      83   97118  4903449  50.47
1970-1979       24      0.00084  0.00084  0.50   97077      81   97036  4806330  49.51
1970-1979       25      0.00076  0.00076  0.50   96996      74   96959  4709294  48.55
1970-1979       26      0.00081  0.00081  0.50   96922      79   96883  4612335  47.59
1970-1979       27      0.00085  0.00085  0.50   96843      83   96802  4515452  46.63
1970-1979       28      0.00097  0.00096  0.50   96761      93   96714  4418650  45.67
1970-1979       29      0.00095  0.00095  0.50   96668      91   96622  4321936  44.71
1970-1979       30      0.00089  0.00089  0.50   96576      86   96533  4225314  43.75
1970-1979       31      0.00083  0.00083  0.50   96491      80   96451  4128781  42.79
1970-1979       32      0.00099  0.00099  0.50   96411      95   96363  4032330  41.82
1970-1979       33      0.00107  0.00107  0.50   96315     103   96264  3935967  40.87
1970-1979       34      0.00113  0.00113  0.50   96212     109   96158  3839703  39.91
1970-1979       35      0.00124  0.00124  0.50   96104     119   96044  3743545  38.95
1970-1979       36      0.00134  0.00134  0.50   95984     128   95920  3647501  38.00
1970-1979       37      0.00144  0.00144  0.50   95856     138   95787  3551581  37.05
1970-1979       38      0.00183  0.00183  0.50   95718     175   95630  3455794  36.10
1970-1979       39      0.00170  0.00170  0.50   95543     163   95462  3360164  35.17
1970-1979       40      0.00232  0.00232  0.50   95380     221   95269  3264702  34.23
1970-1979       41      0.00224  0.00224  0.50   95159     213   95052  3169433  33.31
1970-1979       42      0.00302  0.00302  0.50   94945     286   94802  3074381  32.38
1970-1979       43      0.00261  0.00261  0.50   94659     247   94536  2979578  31.48
1970-1979       44      0.00309  0.00309  0.50   94412     292   94267  2885043  30.56
1970-1979       45      0.00384  0.00384  0.50   94121     361   93940  2790776  29.65
1970-1979       46      0.00403  0.00402  0.50   93760     377   93571  2696835  28.76
1970-1979       47      0.00428  0.00428  0.50   93383     399   93183  2603264  27.88
1970-1979       48      0.00496  0.00495  0.50   92984     460   92753  2510081  26.99
1970-1979       49      0.00531  0.00529  0.50   92523     490   92278  2417328  26.13
1970-1979       50      0.00703  0.00701  0.50   92034     645   91711  2325049  25.26
1970-1979       51      0.00601  0.00599  0.50   91389     548   91115  2233338  24.44
1970-1979       52      0.00802  0.00799  0.50   90841     726   90478  2142223  23.58
1970-1979       53      0.00825  0.00821  0.50   90115     740   89745  2051745  22.77
1970-1979       54      0.00948  0.00944  0.50   89375     844   88954  1962000  21.95
1970-1979       55      0.00973  0.00968  0.50   88532     857   88103  1873046  21.16
1970-1979       56      0.01141  0.01134  0.50   87675     994   87178  1784943  20.36
1970-1979       57      0.01184  0.01178  0.50   86680    1021   86170  1697765  19.59
1970-1979       58      0.01378  0.01368  0.50   85660    1172   85074  1611595  18.81
1970-1979       59      0.01372  0.01363  0.50   84488    1152   83912  1526522  18.07
1970-1979       60      0.01890  0.01872  0.50   83336    1560   82556  1442610  17.31
1970-1979       61      0.01548  0.01536  0.50   81776    1256   81148  1360054  16.63
1970-1979       62      0.01998  0.01978  0.50   80520    1593   79723  1278906  15.88
1970-1979       63      0.02108  0.02086  0.50   78927    1646   78103  1199183  15.19
1970-1979       64      0.02355  0.02328  0.50   77280    1799   76381  1121079  14.51
1970-1979       65      0.02757  0.02719  0.50   75481    2053   74455  1044699  13.84
1970-1979       66      0.02568  0.02536  0.50   73429    1862   72498   970244  13.21
1970-1979       67      0.03058  0.03012  0.50   71567    2156   70489   897746  12.54
1970-1979       68      0.03597  0.03533  0.50   69411    2453   68185   827257  11.92
1970-1979       69      0.03744  0.03676  0.50   66958    2461   65728   759072  11.34
1970-1979       70      0.04725  0.04616  0.50   64497    2977   63009   693344  10.75
1970-1979       71      0.04084  0.04003  0.50   61520    2462   60289   630336  10.25
1970-1979       72      0.05228  0.05095  0.50   59058    3009   57553   570047   9.65
1970-1979       73      0.05656  0.05501  0.50   56049    3083   54507   512493   9.14
1970-1979       74      0.06434  0.06233  0.50   52966    3301   51315   457986   8.65
1970-1979       75      0.07066  0.06825  0.50   49664    3389   47969   406671   8.19
1970-1979       76      0.07803  0.07510  0.50   46275    3475   44537   358702   7.75
1970-1979       77      0.07595  0.07317  0.50   42799    3132   41234   314165   7.34
1970-1979       78      0.09407  0.08984  0.50   39668    3564   37886   272931   6.88
1970-1979       79      0.09108  0.08712  0.50   36104    3145   34531   235046   6.51
1970-1979       80      0.12170  0.11472  0.50   32959    3781   31068   200514   6.08
1970-1979       81      0.09748  0.09295  0.50   29178    2712   27822   169446   5.81
1970-1979       82      0.12706  0.11947  0.50   26466    3162   24885   141625   5.35
1970-1979       83      0.13817  0.12924  0.50   23304    3012   21798   116740   5.01
1970-1979       84      0.16885  0.15571  0.50   20292    3160   18712    94942   4.68
1970-1979       85      0.16649  0.15369  0.50   17132    2633   15816    76230   4.45
1970-1979       86      0.20185  0.18334  0.50   14499    2658   13170    60414   4.17
1970-1979       87      0.19725  0.17954  0.50   11841    2126   10778    47244   3.99
1970-1979       88      0.21966  0.19792  0.50    9715    1923    8754    36466   3.75
1970-1979       89      0.22678  0.20368  0.50    7792    1587    6999    27713   3.56
1970-1979       90      0.25877  0.22912  0.50    6205    1422    5494    20714   3.34
1970-1979       91      0.24049  0.21468  0.50    4783    1027    4270    15220   3.18
1970-1979       92      0.29162  0.25451  0.50    3756     956    3278    10950   2.92
1970-1979       93      0.31818  0.27451  0.50    2800     769    2416     7672   2.74
1970-1979       94      0.34074  0.29114  0.50    2032     591    1736     5256   2.59
1970-1979       95      0.36649  0.30973  0.50    1440     446    1217     3520   2.44
1970-1979       96      0.39090  0.32699  0.50     994     325     832     2303   2.32
1970-1979       97      0.41587  0.34428  0.50     669     230     554     1471   2.20
1970-1979       98      0.44130  0.36153  0.50     439     159     359      917   2.09
1970-1979       99      0.46705  0.37863  0.50     280     106     227      558   1.99
1970-1979      100      0.49299  0.39550  0.50     174      69     140      331   1.90
1970-1979      101      0.51901  0.41207  0.50     105      43      84      191   1.82
1970-1979      102      0.54495  0.42826  0.50      62      26      49      108   1.74
1970-1979      103      0.57069  0.44400  0.50      35      16      28       59   1.67
1970-1979      104      0.59609  0.45922  0.50      20       9      15       32   1.61
1970-1979      105      0.62103  0.47388  0.50      11       5       8       17   1.55
1970-1979      106      0.64539  0.48794  0.50       6       3       4        8   1.50
1970-1979      107      0.66907  0.50135  0.50       3       1       2        4   1.45
1970-1979      108      0.69196  0.51409  0.50       1       1       1        2   1.41
1970-1979      109      0.71399  0.52616  0.50       1       0       1        1   1.38
1970-1979      110+     0.73509  1.00000  1.36       0       0       0        0   1.36
1980-1989        0      0.00947  0.00939  0.13  100000     939   99183  7357457  73.57
1980-1989        1      0.00076  0.00076  0.50   99061      76   99023  7258274  73.27
1980-1989        2      0.00052  0.00052  0.50   98985      51   98960  7159251  72.33
1980-1989        3      0.00038  0.00038  0.50   98934      37   98916  7060291  71.36
1980-1989        4      0.00036  0.00036  0.50   98897      36   98879  6961375  70.39
1980-1989        5      0.00030  0.00030  0.50   98861      30   98846  6862496  69.42
1980-1989        6      0.00024  0.00024  0.50   98831      24   98820  6763650  68.44
1980-1989        7      0.00023  0.00023  0.50   98808      23   98796  6664830  67.45
1980-1989        8      0.00023  0.00023  0.50   98785      23   98774  6566034  66.47
1980-1989        9      0.00025  0.00025  0.50   98762      24   98750  6467260  65.48
1980-1989       10      0.00023  0.00023  0.50   98738      23   98726  6368510  64.50
1980-1989       11      0.00021  0.00021  0.50   98715      21   98705  6269784  63.51
1980-1989       12      0.00021  0.00021  0.50   98694      21   98684  6171079  62.53
1980-1989       13      0.00024  0.00024  0.50   98674      23   98662  6072395  61.54
1980-1989       14      0.00030  0.00030  0.50   98650      30   98635  5973733  60.55
1980-1989       15      0.00034  0.00034  0.50   98620      33   98604  5875098  59.57
1980-1989       16      0.00046  0.00046  0.50   98587      45   98565  5776494  58.59
1980-1989       17      0.00059  0.00059  0.50   98542      58   98513  5677930  57.62
1980-1989       18      0.00069  0.00069  0.50   98484      68   98450  5579417  56.65
1980-1989       19      0.00081  0.00081  0.50   98416      80   98376  5480967  55.69
1980-1989       20      0.00074  0.00074  0.50   98336      73   98300  5382591  54.74
1980-1989       21      0.00081  0.00081  0.50   98263      79   98224  5284292  53.78
1980-1989       22      0.00072  0.00072  0.50   98184      71   98149  5186068  52.82
1980-1989       23      0.00076  0.00076  0.50   98113      75   98076  5087919  51.86
1980-1989       24      0.00074  0.00074  0.50   98038      72   98002  4989843  50.90
1980-1989       25      0.00066  0.00066  0.50   97966      65   97934  4891841  49.93
1980-1989       26      0.00067  0.00067  0.50   97901      65   97869  4793907  48.97
1980-1989       27      0.00068  0.00068  0.50   97836      66   97803  4696038  48.00
1980-1989       28      0.00075  0.00075  0.50   97770      73   97734  4598235  47.03
1980-1989       29      0.00066  0.00066  0.50   97697      64   97665  4500501  46.07
1980-1989       30      0.00083  0.00082  0.50   97633      81   97593  4402836  45.10
1980-1989       31      0.00072  0.00072  0.50   97552      71   97517  4305244  44.13
1980-1989       32      0.00085  0.00085  0.50   97482      83   97440  4207727  43.16
1980-1989       33      0.00089  0.00089  0.50   97399      87   97356  4110287  42.20
1980-1989       34      0.00091  0.00091  0.50   97312      88   97268  4012931  41.24
1980-1989       35      0.00105  0.00105  0.50   97224     102   97173  3915663  40.27
1980-1989       36      0.00104  0.00104  0.50   97122     101   97071  3818490  39.32
1980-1989       37      0.00104  0.00104  0.50   97021     101   96970  3721419  38.36
1980-1989       38      0.00119  0.00119  0.50   96920     116   96862  3624449  37.40
1980-1989       39      0.00135  0.00135  0.50   96804     131   96739  3527587  36.44
1980-1989       40      0.00166  0.00166  0.50   96674     161   96593  3430848  35.49
1980-1989       41      0.00170  0.00170  0.50   96513     164   96431  3334255  34.55
1980-1989       42      0.00214  0.00213  0.50   96349     206   96246  3237824  33.61
1980-1989       43      0.00209  0.00209  0.50   96143     201   96043  3141579  32.68
1980-1989       44      0.00225  0.00225  0.50   95942     216   95834  3045536  31.74
1980-1989       45      0.00281  0.00280  0.50   95726     268   95592  2949702  30.81
1980-1989       46      0.00306  0.00306  0.50   95458     292   95312  2854110  29.90
1980-1989       47      0.00343  0.00342  0.50   95166     326   95003  2758798  28.99
1980-1989       48      0.00377  0.00376  0.50   94841     356   94662  2663794  28.09
1980-1989       49      0.00413  0.00412  0.50   94484     390   94289  2569132  27.19
1980-1989       50      0.00538  0.00536  0.50   94094     505   93842  2474843  26.30
1980-1989       51      0.00501  0.00499  0.50   93590     467   93356  2381001  25.44
1980-1989       52      0.00628  0.00626  0.50   93122     583   92831  2287645  24.57
1980-1989       53      0.00667  0.00664  0.50   92539     615   92232  2194814  23.72
1980-1989       54      0.00811  0.00808  0.50   91924     743   91553  2102583  22.87
1980-1989       55      0.00853  0.00849  0.50   91182     774   90795  2011030  22.06
1980-1989       56      0.00921  0.00917  0.50   90408     829   89993  1920235  21.24
1980-1989       57      0.01066  0.01060  0.50   89579     950   89104  1830242  20.43
1980-1989       58      0.01223  0.01216  0.50   88629    1077   88090  1741138  19.65
1980-1989       59      0.01289  0.01281  0.50   87552    1121   86991  1653048  18.88
1980-1989       60      0.01525  0.01513  0.50   86430    1308   85776  1566057  18.12
1980-1989       61      0.01484  0.01473  0.50   85123    1254   84496  1480280  17.39
1980-1989       62      0.01849  0.01832  0.50   83869    1536   83101  1395785  16.64
1980-1989       63      0.01948  0.01929  0.50   82332    1588   81538  1312684  15.94
1980-1989       64      0.02136  0.02113  0.50   80744    1706   79891  1231146  15.25
1980-1989       65      0.02404  0.02375  0.50   79038    1877   78099  1151255  14.57
1980-1989       66      0.02576  0.02543  0.50   77161    1963   76179  1073155  13.91
1980-1989       67      0.02717  0.02681  0.50   75198    2016   74190   996976  13.26
1980-1989       68      0.03111  0.03063  0.50   73182    2242   72062   922786  12.61
1980-1989       69      0.03333  0.03278  0.50   70941    2326   69778   850724  11.99
1980-1989       70      0.03925  0.03850  0.50   68615    2641   67295   780946  11.38
1980-1989       71      0.03886  0.03812  0.50   65974    2515   64716   713651  10.82
1980-1989       72      0.04733  0.04623  0.50   63459    2934   61992   648935  10.23
1980-1989       73      0.05072  0.04947  0.50   60525    2994   59028   586943   9.70
1980-1989       74      0.05781  0.05619  0.50   57531    3233   55915   527915   9.18
1980-1989       75      0.06271  0.06080  0.50   54298    3302   52647   472001   8.69
1980-1989       76      0.06907  0.06677  0.50   50997    3405   49294   419353   8.22
1980-1989       77      0.07098  0.06855  0.50   47592    3262   45961   370059   7.78
1980-1989       78      0.08095  0.07780  0.50   44329    3449   42605   324098   7.31
1980-1989       79      0.08829  0.08456  0.50   40881    3457   39152   281493   6.89
1980-1989       80      0.10237  0.09739  0.50   37424    3645   35601   242341   6.48
1980-1989       81      0.09795  0.09337  0.50   33779    3154   32202   206740   6.12
1980-1989       82      0.11943  0.11270  0.50   30625    3451   28899   174537   5.70
1980-1989       83      0.12723  0.11962  0.50   27174    3250   25548   145638   5.36
1980-1989       84      0.14915  0.13880  0.50   23923    3321   22263   120090   5.02
1980-1989       85      0.15136  0.14071  0.50   20603    2899   19153    97827   4.75
1980-1989       86      0.17712  0.16271  0.50   17704    2881   16263    78674   4.44
1980-1989       87      0.18750  0.17143  0.50   14823    2541   13553    62410   4.21
1980-1989       88      0.19892  0.18092  0.50   12282    2222   11171    48858   3.98
1980-1989       89      0.20885  0.18910  0.50   10060    1902    9109    37687   3.75
1980-1989       90      0.23558  0.21075  0.50    8158    1719    7298    28578   3.50
1980-1989       91      0.23247  0.20826  0.50    6438    1341    5768    21280   3.31
1980-1989       92      0.28780  0.25160  0.50    5097    1282    4456    15512   3.04
1980-1989       93      0.28960  0.25297  0.50    3815     965    3332    11056   2.90
1980-1989       94      0.32164  0.27708  0.50    2850     790    2455     7724   2.71
1980-1989       95      0.34560  0.29468  0.50    2060     607    1757     5269   2.56
1980-1989       96      0.37017  0.31236  0.50    1453     454    1226     3512   2.42
1980-1989       97      0.39549  0.33020  0.50     999     330     834     2286   2.29
1980-1989       98      0.42144  0.34809  0.50     669     233     553     1452   2.17
1980-1989       99      0.44788  0.36593  0.50     436     160     356      899   2.06
1980-1989      100      0.47467  0.38363  0.50     277     106     224      542   1.96
1980-1989      101      0.50167  0.40107  0.50     171      68     136      319   1.87
1980-1989      102      0.52872  0.41817  0.50     102      43      81      182   1.79
1980-1989      103      0.55565  0.43484  0.50      59      26      47      102   1.71
1980-1989      104      0.58231  0.45100  0.50      34      15      26       55   1.64
1980-1989      105      0.60855  0.46658  0.50      18       9      14       29   1.58
1980-1989      106      0.63423  0.48153  0.50      10       5       7       15   1.52
1980-1989      107      0.65921  0.49579  0.50       5       3       4        8   1.47
1980-1989      108      0.68337  0.50934  0.50       3       1       2        4   1.43
1980-1989      109      0.70663  0.52215  0.50       1       1       1        2   1.39
1980-1989      110+     0.72889  1.00000  1.37       1       1       1        1   1.37
1990-1999        0      0.00649  0.00646  0.14  100000     646   99442  7559734  75.60
1990-1999        1      0.00047  0.00047  0.50   99354      46   99331  7460292  75.09
1990-1999        2      0.00034  0.00034  0.50   99308      34   99291  7360961  74.12
1990-1999        3      0.00029  0.00029  0.50   99275      29   99260  7261669  73.15
1990-1999        4      0.00020  0.00020  0.50   99245      20   99235  7162409  72.17
1990-1999        5      0.00017  0.00017  0.50   99225      16   99217  7063174  71.18
1990-1999        6      0.00016  0.00016  0.50   99209      16   99201  6963957  70.20
1990-1999        7      0.00016  0.00016  0.50   99193      16   99185  6864756  69.21
1990-1999        8      0.00014  0.00014  0.50   99177      14   99170  6765572  68.22
1990-1999        9      0.00014  0.00014  0.50   99163      14   99156  6666402  67.23
1990-1999       10      0.00015  0.00015  0.50   99149      15   99142  6567246  66.24
1990-1999       11      0.00017  0.00017  0.50   99134      17   99126  6468104  65.25
1990-1999       12      0.00017  0.00017  0.50   99117      17   99109  6368978  64.26
1990-1999       13      0.00021  0.00021  0.50   99100      21   99090  6269869  63.27
1990-1999       14      0.00024  0.00024  0.50   99079      24   99067  6170780  62.28
1990-1999       15      0.00029  0.00029  0.50   99055      29   99041  6071713  61.30
1990-1999       16      0.00039  0.00039  0.50   99026      39   99007  5972672  60.31
1990-1999       17      0.00050  0.00050  0.50   98988      49   98963  5873665  59.34
1990-1999       18      0.00066  0.00066  0.50   98938      65   98906  5774702  58.37
1990-1999       19      0.00076  0.00076  0.50   98873      75   98836  5675796  57.40
1990-1999       20      0.00076  0.00076  0.50   98798      76   98761  5576960  56.45
1990-1999       21      0.00076  0.00076  0.50   98723      75   98685  5478200  55.49
1990-1999       22      0.00080  0.00080  0.50   98648      79   98608  5379515  54.53
1990-1999       23      0.00081  0.00081  0.50   98569      79   98529  5280906  53.58
1990-1999       24      0.00085  0.00085  0.50   98489      83   98448  5182377  52.62
1990-1999       25      0.00081  0.00081  0.50   98406      79   98367  5083929  51.66
1990-1999       26      0.00074  0.00074  0.50   98327      73   98290  4985563  50.70
1990-1999       27      0.00080  0.00080  0.50   98254      79   98215  4887272  49.74
1990-1999       28      0.00080  0.00080  0.50   98175      79   98136  4789058  48.78
1990-1999       29      0.00083  0.00083  0.50   98097      81   98056  4690922  47.82
1990-1999       30      0.00083  0.00083  0.50   98015      81   97975  4592866  46.86
1990-1999       31      0.00076  0.00076  0.50   97934      74   97897  4494891  45.90
1990-1999       32      0.00078  0.00078  0.50   97860      76   97822  4396994  44.93
1990-1999       33      0.00092  0.00092  0.50   97784      90   97739  4299172  43.97
1990-1999       34      0.00091  0.00091  0.50   97694      88   97650  4201432  43.01
1990-1999       35      0.00101  0.00101  0.50   97606      98   97557  4103782  42.04
1990-1999       36      0.00101  0.00101  0.50   97508      99   97458  4006225  41.09
1990-1999       37      0.00097  0.00097  0.50   97409      95   97362  3908767  40.13
1990-1999       38      0.00113  0.00113  0.50   97314     110   97259  3811406  39.17
1990-1999       39      0.00120  0.00120  0.50   97204     117   97146  3714146  38.21
1990-1999       40      0.00133  0.00133  0.50   97087     129   97023  3617001  37.26
1990-1999       41      0.00145  0.00145  0.50   96958     140   96888  3519978  36.30
1990-1999       42      0.00165  0.00165  0.50   96817     159   96738  3423090  35.36
1990-1999       43      0.00183  0.00183  0.50   96658     177   96570  3326353  34.41
1990-1999       44      0.00196  0.00196  0.50   96481     189   96387  3229783  33.48
1990-1999       45      0.00224  0.00224  0.50   96293     216   96185  3133396  32.54
1990-1999       46      0.00255  0.00254  0.50   96077     244   95955  3037211  31.61
1990-1999       47      0.00273  0.00273  0.50   95833     262   95702  2941256  30.69
1990-1999       48      0.00304  0.00303  0.50   95571     290   95426  2845555  29.77
1990-1999       49      0.00328  0.00327  0.50   95281     312   95125  2750128  28.86
1990-1999       50      0.00371  0.00371  0.50   94970     352   94793  2655003  27.96
1990-1999       51      0.00380  0.00379  0.50   94617     359   94438  2560210  27.06
1990-1999       52      0.00465  0.00464  0.50   94259     437   94040  2465772  26.16
1990-1999       53      0.00498  0.00497  0.50   93821     466   93588  2371732  25.28
1990-1999       54      0.00586  0.00584  0.50   93355     545   93082  2278144  24.40
1990-1999       55      0.00640  0.00638  0.50   92810     592   92514  2185061  23.54
1990-1999       56      0.00713  0.00710  0.50   92218     655   91890  2092548  22.69
1990-1999       57      0.00798  0.00795  0.50   91562     728   91199  2000658  21.85
1990-1999       58      0.00894  0.00890  0.50   90835     808   90431  1909459  21.02
1990-1999       59      0.00975  0.00970  0.50   90026     873   89590  1819028  20.21
1990-1999       60      0.01109  0.01102  0.50   89153     983   88662  1729439  19.40
1990-1999       61      0.01171  0.01165  0.50   88170    1027   87657  1640777  18.61
1990-1999       62      0.01410  0.01400  0.50   87143    1220   86533  1553120  17.82
1990-1999       63      0.01555  0.01543  0.50   85923    1326   85260  1466587  17.07
1990-1999       64      0.01676  0.01662  0.50   84597    1406   83894  1381327  16.33
1990-1999       65      0.01869  0.01852  0.50   83191    1541   82421  1297433  15.60
1990-1999       66      0.02099  0.02078  0.50   81650    1696   80802  1215012  14.88
1990-1999       67      0.02322  0.02295  0.50   79954    1835   79036  1134210  14.19
1990-1999       68      0.02532  0.02500  0.50   78119    1953   77142  1055174  13.51
1990-1999       69      0.02920  0.02878  0.50   76166    2192   75070   978031  12.84
1990-1999       70      0.03217  0.03166  0.50   73974    2342   72803   902961  12.21
1990-1999       71      0.03372  0.03316  0.50   71632    2375   70445   830158  11.59
1990-1999       72      0.04036  0.03956  0.50   69257    2740   67887   759714  10.97
1990-1999       73      0.04259  0.04170  0.50   66517    2774   65130   691827  10.40
1990-1999       74      0.04843  0.04729  0.50   63743    3014   62236   626696   9.83
1990-1999       75      0.05351  0.05212  0.50   60729    3165   59147   564460   9.29
1990-1999       76      0.05929  0.05758  0.50   57564    3315   55907   505314   8.78
1990-1999       77      0.06455  0.06253  0.50   54249    3392   52553   449407   8.28
1990-1999       78      0.07062  0.06821  0.50   50857    3469   49122   396854   7.80
1990-1999       79      0.07928  0.07626  0.50   47388    3614   45581   347732   7.34
1990-1999       80      0.08792  0.08422  0.50   43774    3687   41931   302151   6.90
1990-1999       81      0.09343  0.08926  0.50   40087    3578   38298   260220   6.49
1990-1999       82      0.10580  0.10049  0.50   36509    3669   34675   221922   6.08
1990-1999       83      0.11715  0.11066  0.50   32841    3634   31023   187247   5.70
1990-1999       84      0.12997  0.12204  0.50   29206    3564   27424   156224   5.35
1990-1999       85      0.13963  0.13052  0.50   25642    3347   23969   128799   5.02
1990-1999       86      0.15840  0.14678  0.50   22295    3272   20659   104831   4.70
1990-1999       87      0.16643  0.15364  0.50   19023    2923   17561    84172   4.42
1990-1999       88      0.17882  0.16415  0.50   16100    2643   14779    66611   4.14
1990-1999       89      0.20507  0.18600  0.50   13457    2503   12206    51832   3.85
1990-1999       90      0.21962  0.19789  0.50   10954    2168    9870    39626   3.62
1990-1999       91      0.23508  0.21036  0.50    8786    1848    7862    29756   3.39
1990-1999       92      0.27020  0.23804  0.50    6938    1652    6112    21894   3.16
1990-1999       93      0.27982  0.24548  0.50    5287    1298    4638    15781   2.99
1990-1999       94      0.30384  0.26377  0.50    3989    1052    3463    11144   2.79
1990-1999       95      0.33309  0.28554  0.50    2937     839    2517     7681   2.62
1990-1999       96      0.35907  0.30442  0.50    2098     639    1779     5163   2.46
1990-1999       97      0.38602  0.32357  0.50    1459     472    1223     3385   2.32
1990-1999       98      0.41382  0.34287  0.50     987     338     818     2161   2.19
1990-1999       99      0.44229  0.36219  0.50     649     235     531     1343   2.07
1990-1999      100      0.47126  0.38139  0.50     414     158     335      812   1.96
1990-1999      101      0.50054  0.40035  0.50     256     102     205      477   1.86
1990-1999      102      0.52991  0.41892  0.50     153      64     121      272   1.78
1990-1999      103      0.55918  0.43700  0.50      89      39      70      151   1.69
1990-1999      104      0.58812  0.45448  0.50      50      23      39       81   1.62
1990-1999      105      0.61655  0.47127  0.50      27      13      21       43   1.56
1990-1999      106      0.64428  0.48730  0.50      14       7      11       22   1.50
1990-1999      107      0.67113  0.50251  0.50       7       4       6       11   1.45
1990-1999      108      0.69697  0.51685  0.50       4       2       3        5   1.40
1990-1999      109      0.72166  0.53031  0.50       2       1       1        2   1.37
1990-1999      110+     0.74513  1.00000  1.34       1       1       1        1   1.34
2000-2009        0      0.00455  0.00453  0.14  100000     453   99611  7855921  78.56
2000-2009        1      0.00038  0.00038  0.50   99547      38   99528  7756310  77.92
2000-2009        2      0.00023  0.00023  0.50   99509      23   99498  7656782  76.95
2000-2009        3      0.00015  0.00015  0.50   99486      15   99479  7557284  75.96
2000-2009        4      0.00013  0.00013  0.50   99471      13   99464  7457806  74.97
2000-2009        5      0.00012  0.00012  0.50   99458      12   99452  7358341  73.98
2000-2009        6      0.00010  0.00010  0.50   99446      10   99440  7258890  72.99
2000-2009        7      0.00010  0.00010  0.50   99435      10   99430  7159449  72.00
2000-2009        8      0.00008  0.00008  0.50   99425       8   99421  7060019  71.01
2000-2009        9      0.00012  0.00012  0.50   99417      12   99411  6960598  70.01
2000-2009       10      0.00010  0.00010  0.50   99405      10   99400  6861187  69.02
2000-2009       11      0.00012  0.00012  0.50   99395      12   99389  6761786  68.03
2000-2009       12      0.00012  0.00012  0.50   99383      12   99377  6662397  67.04
2000-2009       13      0.00016  0.00016  0.50   99371      16   99363  6563020  66.05
2000-2009       14      0.00021  0.00021  0.50   99355      21   99345  6463657  65.06
2000-2009       15      0.00028  0.00028  0.50   99335      28   99321  6364312  64.07
2000-2009       16      0.00034  0.00034  0.50   99306      33   99290  6264991  63.09
2000-2009       17      0.00046  0.00046  0.50   99273      46   99250  6165701  62.11
2000-2009       18      0.00065  0.00065  0.50   99227      64   99195  6066451  61.14
2000-2009       19      0.00073  0.00073  0.50   99163      73   99127  5967256  60.18
2000-2009       20      0.00069  0.00069  0.50   99090      68   99056  5868129  59.22
2000-2009       21      0.00070  0.00070  0.50   99022      69   98987  5769073  58.26
2000-2009       22      0.00065  0.00065  0.50   98952      65   98920  5670086  57.30
2000-2009       23      0.00065  0.00064  0.50   98888      64   98856  5571166  56.34
2000-2009       24      0.00064  0.00064  0.50   98824      63   98792  5472310  55.37
2000-2009       25      0.00061  0.00061  0.50   98761      60   98731  5373518  54.41
2000-2009       26      0.00067  0.00067  0.50   98701      66   98668  5274787  53.44
2000-2009       27      0.00068  0.00068  0.50   98635      67   98601  5176119  52.48
2000-2009       28      0.00065  0.00065  0.50   98568      64   98536  5077518  51.51
2000-2009       29      0.00073  0.00073  0.50   98504      72   98468  4978982  50.55
2000-2009       30      0.00074  0.00074  0.50   98432      73   98396  4880514  49.58
2000-2009       31      0.00068  0.00068  0.50   98359      67   98326  4782119  48.62
2000-2009       32      0.00072  0.00072  0.50   98293      71   98257  4683793  47.65
2000-2009       33      0.00081  0.00081  0.50   98221      80   98182  4585536  46.69
2000-2009       34      0.00078  0.00078  0.50   98142      76   98103  4487354  45.72
2000-2009       35      0.00088  0.00088  0.50   98065      87   98022  4389251  44.76
2000-2009       36      0.00090  0.00090  0.50   97979      88   97934  4291229  43.80
2000-2009       37      0.00095  0.00095  0.50   97890      93   97844  4193294  42.84
2000-2009       38      0.00104  0.00104  0.50   97797     101   97746  4095451  41.88
2000-2009       39      0.00113  0.00113  0.50   97696     110   97641  3997704  40.92
2000-2009       40      0.00120  0.00120  0.50   97586     117   97527  3900064  39.97
2000-2009       41      0.00134  0.00134  0.50   97468     131   97403  3802537  39.01
2000-2009       42      0.00144  0.00143  0.50   97338     140   97268  3705134  38.06
2000-2009       43      0.00152  0.00152  0.50   97198     147   97124  3607866  37.12
2000-2009       44      0.00174  0.00174  0.50   97051     169   96966  3510742  36.17
2000-2009       45      0.00179  0.00179  0.50   96882     173   96795  3413776  35.24
2000-2009       46      0.00212  0.00212  0.50   96709     205   96606  3316980  34.30
2000-2009       47      0.00227  0.00227  0.50   96504     219   96394  3220374  33.37
2000-2009       48      0.00252  0.00252  0.50   96284     242   96163  3123980  32.45
2000-2009       49      0.00273  0.00272  0.50   96042     262   95911  3027817  31.53
2000-2009       50      0.00294  0.00293  0.50   95781     281   95640  2931906  30.61
2000-2009       51      0.00340  0.00339  0.50   95500     324   95338  2836266  29.70
2000-2009       52      0.00371  0.00370  0.50   95176     352   94999  2740928  28.80
2000-2009       53      0.00410  0.00409  0.50   94823     388   94629  2645928  27.90
2000-2009       54      0.00440  0.00439  0.50   94436     415   94228  2551299  27.02
2000-2009       55      0.00482  0.00481  0.50   94021     452   93795  2457071  26.13
2000-2009       56      0.00531  0.00530  0.50   93569     496   93321  2363276  25.26
2000-2009       57      0.00570  0.00568  0.50   93073     529   92809  2269955  24.39
2000-2009       58      0.00636  0.00634  0.50   92544     587   92251  2177146  23.53
2000-2009       59      0.00717  0.00714  0.50   91957     657   91629  2084896  22.67
2000-2009       60      0.00779  0.00776  0.50   91301     708   90946  1993267  21.83
2000-2009       61      0.00851  0.00847  0.50   90592     768   90209  1902320  21.00
2000-2009       62      0.00944  0.00939  0.50   89825     844   89403  1812112  20.17
2000-2009       63      0.01046  0.01041  0.50   88981     926   88518  1722709  19.36
2000-2009       64      0.01186  0.01179  0.50   88055    1038   87536  1634191  18.56
2000-2009       65      0.01286  0.01278  0.50   87017    1112   86461  1546655  17.77
2000-2009       66      0.01471  0.01460  0.50   85905    1254   85278  1460194  17.00
2000-2009       67      0.01556  0.01544  0.50   84651    1307   83997  1374916  16.24
2000-2009       68      0.01710  0.01696  0.50   83343    1413   82637  1290919  15.49
2000-2009       69      0.01944  0.01925  0.50   81930    1577   81141  1208283  14.75
2000-2009       70      0.02140  0.02117  0.50   80353    1701   79502  1127141  14.03
2000-2009       71      0.02422  0.02393  0.50   78652    1882   77711  1047639  13.32
2000-2009       72      0.02690  0.02654  0.50   76770    2037   75751   969929  12.63
2000-2009       73      0.03016  0.02971  0.50   74732    2221   73622   894178  11.97
2000-2009       74      0.03399  0.03342  0.50   72512    2424   71300   820556  11.32
2000-2009       75      0.03813  0.03742  0.50   70088    2623   68777   749256  10.69
2000-2009       76      0.04325  0.04233  0.50   67465    2856   66037   680480  10.09
2000-2009       77      0.04642  0.04536  0.50   64609    2931   63144   614442   9.51
2000-2009       78      0.05313  0.05176  0.50   61678    3192   60082   551299   8.94
2000-2009       79      0.06009  0.05834  0.50   58486    3412   56780   491216   8.40
2000-2009       80      0.06501  0.06296  0.50   55074    3468   53340   434436   7.89
2000-2009       81      0.07230  0.06978  0.50   51606    3601   49806   381096   7.38
2000-2009       82      0.08355  0.08020  0.50   48005    3850   46080   331290   6.90
2000-2009       83      0.09040  0.08649  0.50   44155    3819   42246   285210   6.46
2000-2009       84      0.10144  0.09654  0.50   40336    3894   38389   242964   6.02
2000-2009       85      0.11189  0.10596  0.50   36442    3861   34511   204575   5.61
2000-2009       86      0.12748  0.11984  0.50   32581    3904   30628   170064   5.22
2000-2009       87      0.14547  0.13560  0.50   28676    3889   26732   139436   4.86
2000-2009       88      0.15531  0.14412  0.50   24788    3572   23001   112704   4.55
2000-2009       89      0.17946  0.16468  0.50   21215    3494   19468    89702   4.23
2000-2009       90      0.19062  0.17403  0.50   17721    3084   16179    70234   3.96
2000-2009       91      0.20966  0.18977  0.50   14637    2778   13249    54054   3.69
2000-2009       92      0.23055  0.20672  0.50   11860    2452   10634    40806   3.44
2000-2009       93      0.25652  0.22736  0.50    9408    2139    8339    30172   3.21
2000-2009       94      0.26945  0.23746  0.50    7269    1726    6406    21833   3.00
2000-2009       95      0.30457  0.26432  0.50    5543    1465    4810    15427   2.78
2000-2009       96      0.33148  0.28435  0.50    4078    1160    3498    10617   2.60
2000-2009       97      0.35963  0.30482  0.50    2918     890    2474     7119   2.44
2000-2009       98      0.38888  0.32557  0.50    2029     661    1699     4645   2.29
2000-2009       99      0.41905  0.34646  0.50    1368     474    1131     2947   2.15
2000-2009      100      0.44994  0.36731  0.50     894     328     730     1816   2.03
2000-2009      101      0.48133  0.38796  0.50     566     219     456     1086   1.92
2000-2009      102      0.51297  0.40826  0.50     346     141     276      630   1.82
2000-2009      103      0.54461  0.42805  0.50     205      88     161      354   1.73
2000-2009      104      0.57598  0.44719  0.50     117      52      91      193   1.65
2000-2009      105      0.60684  0.46558  0.50      65      30      50      102   1.57
2000-2009      106      0.63696  0.48310  0.50      35      17      26       52   1.51
2000-2009      107      0.66610  0.49968  0.50      18       9      13       26   1.45
2000-2009      108      0.69410  0.51527  0.50       9       5       7       13   1.40
2000-2009      109      0.72079  0.52984  0.50       4       2       3        6   1.37
2000-2009      110+     0.74605  1.00000  1.34       2       2       3        3   1.34
2010-2019        0      0.00332  0.00331  0.14  100000     331   99716  8148316  81.48
2010-2019        1      0.00023  0.00023  0.50   99669      23   99657  8048600  80.75
2010-2019        2      0.00013  0.00013  0.50   99646      13   99639  7948943  79.77
2010-2019        3      0.00007  0.00007  0.50   99633       7   99629  7849303  78.78
2010-2019        4      0.00009  0.00009  0.50   99625       8   99621  7749674  77.79
2010-2019        5      0.00009  0.00009  0.50   99617       9   99612  7650053  76.79
2010-2019        6      0.00008  0.00008  0.50   99608       8   99604  7550441  75.80
2010-2019        7      0.00006  0.00006  0.50   99600       6   99597  7450836  74.81
2010-2019        8      0.00007  0.00007  0.50   99594       7   99590  7351240  73.81
2010-2019        9      0.00005  0.00005  0.50   99587       5   99584  7251649  72.82
2010-2019       10      0.00007  0.00007  0.50   99581       7   99578  7152065  71.82
2010-2019       11      0.00007  0.00007  0.50   99574       7   99571  7052488  70.83
2010-2019       12      0.00007  0.00007  0.50   99567       7   99563  6952917  69.83
2010-2019       13      0.00009  0.00009  0.50   99560       8   99556  6853353  68.84
2010-2019       14      0.00010  0.00010  0.50   99551      10   99547  6753798  67.84
2010-2019       15      0.00019  0.00019  0.50   99542      19   99533  6654251  66.85
2010-2019       16      0.00019  0.00019  0.50   99523      19   99514  6554719  65.86
2010-2019       17      0.00025  0.00025  0.50   99504      25   99492  6455205  64.87
2010-2019       18      0.00027  0.00027  0.50   99479      27   99466  6355713  63.89
2010-2019       19      0.00036  0.00036  0.50   99453      36   99435  6256247  62.91
2010-2019       20      0.00039  0.00039  0.50   99417      38   99398  6156813  61.93
2010-2019       21      0.00044  0.00044  0.50   99378      44   99357  6057415  60.95
2010-2019       22      0.00045  0.00045  0.50   99335      44   99313  5958059  59.98
2010-2019       23      0.00042  0.00042  0.50   99290      42   99269  5858746  59.01
2010-2019       24      0.00052  0.00052  0.50   99249      51   99223  5759477  58.03
2010-2019       25      0.00048  0.00048  0.50   99197      47   99174  5660254  57.06
2010-2019       26      0.00052  0.00052  0.50   99150      51   99124  5561080  56.09
2010-2019       27      0.00054  0.00054  0.50   99099      54   99072  5461956  55.12
2010-2019       28      0.00045  0.00045  0.50   99045      44   99023  5362884  54.15
2010-2019       29      0.00051  0.00051  0.50   99001      50   98976  5263861  53.17
2010-2019       30      0.00052  0.00052  0.50   98950      52   98925  5164886  52.20
2010-2019       31      0.00052  0.00052  0.50   98899      51   98873  5065961  51.22
2010-2019       32      0.00060  0.00060  0.50   98848      59   98818  4967088  50.25
2010-2019       33      0.00066  0.00066  0.50   98788      65   98756  4868270  49.28
2010-2019       34      0.00068  0.00067  0.50   98723      67   98690  4769514  48.31
2010-2019       35      0.00066  0.00066  0.50   98657      65   98624  4670824  47.34
2010-2019       36      0.00072  0.00072  0.50   98591      71   98556  4572200  46.38
2010-2019       37      0.00068  0.00068  0.50   98520      67   98487  4473644  45.41
2010-2019       38      0.00078  0.00078  0.50   98453      77   98415  4375158  44.44
2010-2019       39      0.00082  0.00082  0.50   98376      80   98336  4276743  43.47
2010-2019       40      0.00098  0.00098  0.50   98296      96   98248  4178406  42.51
2010-2019       41      0.00110  0.00110  0.50   98200     108   98146  4080158  41.55
2010-2019       42      0.00111  0.00111  0.50   98092     109   98038  3982012  40.59
2010-2019       43      0.00123  0.00123  0.50   97984     121   97923  3883974  39.64
2010-2019       44      0.00129  0.00129  0.50   97863     126   97800  3786051  38.69
2010-2019       45      0.00144  0.00143  0.50   97736     140   97666  3688251  37.74
2010-2019       46      0.00163  0.00163  0.50   97596     159   97517  3590585  36.79
2010-2019       47      0.00170  0.00170  0.50   97437     165   97355  3493068  35.85
2010-2019       48      0.00200  0.00200  0.50   97272     194   97175  3395713  34.91
2010-2019       49      0.00206  0.00205  0.50   97078     199   96978  3298539  33.98
2010-2019       50      0.00237  0.00236  0.50   96878     229   96764  3201561  33.05
2010-2019       51      0.00258  0.00257  0.50   96649     249   96525  3104797  32.12
2010-2019       52      0.00283  0.00282  0.50   96400     272   96264  3008272  31.21
2010-2019       53      0.00307  0.00307  0.50   96128     295   95981  2912008  30.29
2010-2019       54      0.00345  0.00344  0.50   95834     330   95669  2816027  29.38
2010-2019       55      0.00382  0.00382  0.50   95504     365   95321  2720358  28.48
2010-2019       56      0.00418  0.00417  0.50   95139     397   94941  2625037  27.59
2010-2019       57      0.00429  0.00428  0.50   94742     405   94539  2530096  26.71
2010-2019       58      0.00504  0.00503  0.50   94337     475   94099  2435557  25.82
2010-2019       59      0.00536  0.00535  0.50   93862     502   93611  2341457  24.95
2010-2019       60      0.00567  0.00565  0.50   93360     528   93096  2247846  24.08
2010-2019       61      0.00653  0.00651  0.50   92832     604   92530  2154750  23.21
2010-2019       62      0.00710  0.00707  0.50   92228     652   91902  2062220  22.36
2010-2019       63      0.00798  0.00795  0.50   91576     728   91212  1970318  21.52
2010-2019       64      0.00878  0.00874  0.50   90848     794   90451  1879106  20.68
2010-2019       65      0.00963  0.00958  0.50   90054     863   89623  1788655  19.86
2010-2019       66      0.01050  0.01044  0.50   89191     931   88726  1699032  19.05
2010-2019       67      0.01152  0.01146  0.50   88260    1011   87754  1610306  18.25
2010-2019       68      0.01287  0.01278  0.50   87249    1115   86691  1522552  17.45
2010-2019       69      0.01406  0.01396  0.50   86133    1202   85532  1435861  16.67
2010-2019       70      0.01561  0.01549  0.50   84931    1316   84273  1350329  15.90
2010-2019       71      0.01763  0.01748  0.50   83615    1461   82885  1266055  15.14
2010-2019       72      0.01924  0.01906  0.50   82154    1566   81371  1183171  14.40
2010-2019       73      0.02148  0.02125  0.50   80588    1712   79732  1101800  13.67
2010-2019       74      0.02404  0.02375  0.50   78876    1874   77939  1022068  12.96
2010-2019       75      0.02710  0.02674  0.50   77002    2059   75973   944129  12.26
2010-2019       76      0.03006  0.02961  0.50   74943    2219   73834   868156  11.58
2010-2019       77      0.03436  0.03378  0.50   72724    2456   71496   794322  10.92
2010-2019       78      0.03941  0.03865  0.50   70268    2716   68910   722826  10.29
2010-2019       79      0.04270  0.04180  0.50   67552    2824   66140   653917   9.68
2010-2019       80      0.04766  0.04655  0.50   64728    3013   63221   587777   9.08
2010-2019       81      0.05525  0.05377  0.50   61715    3318   60056   524555   8.50
2010-2019       82      0.06223  0.06035  0.50   58397    3524   56635   464499   7.95
2010-2019       83      0.06850  0.06623  0.50   54873    3634   53055   407865   7.43
2010-2019       84      0.07541  0.07267  0.50   51238    3724   49376   354809   6.92
2010-2019       85      0.08683  0.08321  0.50   47515    3954   45538   305433   6.43
2010-2019       86      0.09817  0.09358  0.50   43561    4076   41523   259895   5.97
2010-2019       87      0.11157  0.10568  0.50   39484    4173   37398   218373   5.53
2010-2019       88      0.12409  0.11684  0.50   35312    4126   33249   180975   5.13
2010-2019       89      0.13657  0.12784  0.50   31186    3987   29193   147725   4.74
2010-2019       90      0.15831  0.14670  0.50   27199    3990   25204   118533   4.36
2010-2019       91      0.18137  0.16629  0.50   23209    3860   21279    93329   4.02
2010-2019       92      0.20205  0.18351  0.50   19350    3551   17574    72049   3.72
2010-2019       93      0.22420  0.20160  0.50   15799    3185   14206    54475   3.45
2010-2019       94      0.25352  0.22500  0.50   12614    2838   11195    40269   3.19
2010-2019       95      0.27403  0.24101  0.50    9776    2356    8598    29074   2.97
2010-2019       96      0.30240  0.26268  0.50    7420    1949    6445    20476   2.76
2010-2019       97      0.33247  0.28508  0.50    5471    1560    4691    14031   2.56
2010-2019       98      0.36410  0.30802  0.50    3911    1205    3309     9341   2.39
2010-2019       99      0.39707  0.33130  0.50    2706     897    2258     6032   2.23
2010-2019      100      0.43114  0.35468  0.50    1810     642    1489     3774   2.09
2010-2019      101      0.46600  0.37794  0.50    1168     441     947     2285   1.96
2010-2019      102      0.50133  0.40085  0.50     726     291     581     1338   1.84
2010-2019      103      0.53675  0.42318  0.50     435     184     343      757   1.74
2010-2019      104      0.57193  0.44474  0.50     251     112     195      414   1.65
2010-2019      105      0.60648  0.46537  0.50     139      65     107      219   1.57
2010-2019      106      0.64010  0.48490  0.50      75      36      56      112   1.50
2010-2019      107      0.67247  0.50326  0.50      38      19      29       55   1.44
2010-2019      108      0.70334  0.52035  0.50      19      10      14       26   1.38
2010-2019      109      0.73252  0.53615  0.50       9       5       7       12   1.34
2010-2019      110+     0.75985  1.00000  1.32       4       4       6        6   1.32
