Lithuania, Life tables (period 1x10), Total	Last modified: 29 Jan 2022;  Methods Protocol: v6 (2017)

  Year          Age         mx       qx    ax      lx      dx      Lx       Tx     ex
1960-1969        0      0.02916  0.02845  0.14  100000    2845   97552  7106423  71.06
1960-1969        1      0.00251  0.00251  0.50   97155     244   97033  7008871  72.14
1960-1969        2      0.00147  0.00147  0.50   96911     142   96840  6911837  71.32
1960-1969        3      0.00096  0.00096  0.50   96769      93   96723  6814997  70.43
1960-1969        4      0.00085  0.00085  0.50   96676      82   96635  6718274  69.49
1960-1969        5      0.00068  0.00068  0.50   96595      65   96562  6621639  68.55
1960-1969        6      0.00068  0.00068  0.50   96529      65   96497  6525077  67.60
1960-1969        7      0.00058  0.00058  0.50   96464      56   96436  6428581  66.64
1960-1969        8      0.00058  0.00058  0.50   96407      56   96379  6332145  65.68
1960-1969        9      0.00052  0.00052  0.50   96351      50   96326  6235766  64.72
1960-1969       10      0.00057  0.00057  0.50   96301      54   96274  6139440  63.75
1960-1969       11      0.00051  0.00051  0.50   96247      49   96222  6043166  62.79
1960-1969       12      0.00054  0.00054  0.50   96197      52   96171  5946944  61.82
1960-1969       13      0.00046  0.00046  0.50   96145      44   96123  5850773  60.85
1960-1969       14      0.00054  0.00054  0.50   96101      52   96075  5754650  59.88
1960-1969       15      0.00068  0.00068  0.50   96049      65   96017  5658575  58.91
1960-1969       16      0.00088  0.00088  0.50   95984      84   95942  5562558  57.95
1960-1969       17      0.00096  0.00096  0.50   95900      92   95854  5466616  57.00
1960-1969       18      0.00118  0.00118  0.50   95808     113   95752  5370762  56.06
1960-1969       19      0.00130  0.00130  0.50   95695     125   95633  5275010  55.12
1960-1969       20      0.00136  0.00136  0.50   95570     130   95506  5179378  54.19
1960-1969       21      0.00125  0.00125  0.50   95441     119   95381  5083872  53.27
1960-1969       22      0.00137  0.00137  0.50   95322     130   95256  4988491  52.33
1960-1969       23      0.00161  0.00161  0.50   95191     153   95115  4893235  51.40
1960-1969       24      0.00168  0.00168  0.50   95038     159   94959  4798120  50.49
1960-1969       25      0.00185  0.00185  0.50   94879     175   94791  4703161  49.57
1960-1969       26      0.00179  0.00179  0.50   94704     169   94619  4608370  48.66
1960-1969       27      0.00183  0.00182  0.50   94534     173   94448  4513751  47.75
1960-1969       28      0.00183  0.00183  0.50   94362     172   94276  4419303  46.83
1960-1969       29      0.00191  0.00190  0.50   94189     179   94100  4325027  45.92
1960-1969       30      0.00212  0.00212  0.50   94010     199   93911  4230927  45.01
1960-1969       31      0.00201  0.00201  0.50   93811     188   93717  4137017  44.10
1960-1969       32      0.00215  0.00215  0.50   93623     201   93522  4043300  43.19
1960-1969       33      0.00216  0.00216  0.50   93421     201   93321  3949778  42.28
1960-1969       34      0.00243  0.00243  0.50   93220     226   93107  3856458  41.37
1960-1969       35      0.00258  0.00258  0.50   92994     240   92874  3763351  40.47
1960-1969       36      0.00258  0.00257  0.50   92754     239   92635  3670477  39.57
1960-1969       37      0.00273  0.00273  0.50   92515     252   92389  3577842  38.67
1960-1969       38      0.00278  0.00277  0.50   92263     256   92135  3485453  37.78
1960-1969       39      0.00278  0.00277  0.50   92007     255   91880  3393318  36.88
1960-1969       40      0.00338  0.00338  0.50   91752     310   91597  3301438  35.98
1960-1969       41      0.00328  0.00328  0.50   91443     300   91293  3209840  35.10
1960-1969       42      0.00359  0.00358  0.50   91143     327   90979  3118548  34.22
1960-1969       43      0.00351  0.00350  0.50   90816     318   90657  3027568  33.34
1960-1969       44      0.00376  0.00375  0.50   90498     340   90328  2936911  32.45
1960-1969       45      0.00436  0.00435  0.50   90158     392   89962  2846583  31.57
1960-1969       46      0.00453  0.00452  0.50   89766     406   89563  2756621  30.71
1960-1969       47      0.00482  0.00481  0.50   89360     430   89145  2667058  29.85
1960-1969       48      0.00517  0.00515  0.50   88931     458   88701  2577912  28.99
1960-1969       49      0.00534  0.00533  0.50   88472     471   88237  2489211  28.14
1960-1969       50      0.00669  0.00667  0.50   88001     587   87708  2400974  27.28
1960-1969       51      0.00613  0.00612  0.50   87414     535   87147  2313266  26.46
1960-1969       52      0.00716  0.00713  0.50   86880     620   86570  2226119  25.62
1960-1969       53      0.00702  0.00700  0.50   86260     603   85959  2139549  24.80
1960-1969       54      0.00818  0.00815  0.50   85657     698   85308  2053590  23.97
1960-1969       55      0.00867  0.00863  0.50   84959     733   84592  1968282  23.17
1960-1969       56      0.00925  0.00921  0.50   84226     775   83838  1883690  22.36
1960-1969       57      0.01008  0.01003  0.50   83450     837   83032  1799852  21.57
1960-1969       58      0.01122  0.01116  0.50   82613     922   82152  1716820  20.78
1960-1969       59      0.01187  0.01180  0.50   81691     964   81209  1634668  20.01
1960-1969       60      0.01544  0.01533  0.50   80727    1237   80109  1553459  19.24
1960-1969       61      0.01430  0.01420  0.50   79490    1129   78926  1473350  18.54
1960-1969       62      0.01690  0.01676  0.50   78361    1313   77705  1394425  17.79
1960-1969       63      0.01826  0.01809  0.50   77048    1394   76351  1316720  17.09
1960-1969       64      0.01967  0.01948  0.50   75654    1474   74917  1240369  16.40
1960-1969       65      0.02251  0.02226  0.50   74180    1651   73354  1165453  15.71
1960-1969       66      0.02273  0.02248  0.50   72529    1630   71714  1092098  15.06
1960-1969       67      0.02562  0.02529  0.50   70899    1793   70002  1020384  14.39
1960-1969       68      0.02777  0.02739  0.50   69105    1893   68159   950382  13.75
1960-1969       69      0.02740  0.02703  0.50   67212    1817   66304   882224  13.13
1960-1969       70      0.03714  0.03646  0.50   65395    2384   64203   815920  12.48
1960-1969       71      0.03340  0.03285  0.50   63011    2070   61976   751717  11.93
1960-1969       72      0.04110  0.04028  0.50   60941    2454   59714   689741  11.32
1960-1969       73      0.04278  0.04188  0.50   58486    2450   57262   630027  10.77
1960-1969       74      0.04853  0.04738  0.50   56037    2655   54709   572766  10.22
1960-1969       75      0.05496  0.05349  0.50   53382    2855   51954   518057   9.70
1960-1969       76      0.05773  0.05611  0.50   50526    2835   49109   466103   9.22
1960-1969       77      0.06181  0.05996  0.50   47691    2859   46261   416994   8.74
1960-1969       78      0.07366  0.07104  0.50   44831    3185   43239   370733   8.27
1960-1969       79      0.07272  0.07017  0.50   41646    2922   40185   327494   7.86
1960-1969       80      0.09209  0.08803  0.50   38724    3409   37020   287309   7.42
1960-1969       81      0.08608  0.08253  0.50   35315    2915   33858   250289   7.09
1960-1969       82      0.09940  0.09469  0.50   32401    3068   30866   216431   6.68
1960-1969       83      0.10833  0.10276  0.50   29332    3014   27825   185565   6.33
1960-1969       84      0.11714  0.11066  0.50   26318    2912   24862   157740   5.99
1960-1969       85      0.13050  0.12251  0.50   23406    2867   21972   132878   5.68
1960-1969       86      0.14224  0.13280  0.50   20538    2727   19175   110906   5.40
1960-1969       87      0.15386  0.14287  0.50   17811    2545   16539    91731   5.15
1960-1969       88      0.16344  0.15110  0.50   15266    2307   14113    75192   4.93
1960-1969       89      0.16938  0.15616  0.50   12960    2024   11948    61080   4.71
1960-1969       90      0.19717  0.17947  0.50   10936    1963    9955    49132   4.49
1960-1969       91      0.17615  0.16189  0.50    8973    1453    8247    39177   4.37
1960-1969       92      0.20543  0.18629  0.50    7521    1401    6820    30930   4.11
1960-1969       93      0.20416  0.18525  0.50    6119    1134    5553    24110   3.94
1960-1969       94      0.20456  0.18558  0.50    4986     925    4523    18558   3.72
1960-1969       95      0.24735  0.22012  0.50    4061     894    3614    14035   3.46
1960-1969       96      0.26279  0.23227  0.50    3167     736    2799    10421   3.29
1960-1969       97      0.27884  0.24472  0.50    2431     595    2134     7622   3.14
1960-1969       98      0.29546  0.25743  0.50    1836     473    1600     5488   2.99
1960-1969       99      0.31264  0.27038  0.50    1364     369    1179     3888   2.85
1960-1969      100      0.33035  0.28352  0.50     995     282     854     2709   2.72
1960-1969      101      0.34856  0.29683  0.50     713     212     607     1855   2.60
1960-1969      102      0.36722  0.31025  0.50     501     156     423     1248   2.49
1960-1969      103      0.38629  0.32376  0.50     346     112     290      825   2.39
1960-1969      104      0.40573  0.33730  0.50     234      79     194      535   2.29
1960-1969      105      0.42548  0.35084  0.50     155      54     128      341   2.20
1960-1969      106      0.44548  0.36433  0.50     101      37      82      213   2.12
1960-1969      107      0.46567  0.37772  0.50      64      24      52      131   2.04
1960-1969      108      0.48600  0.39099  0.50      40      16      32       79   1.98
1960-1969      109      0.50639  0.40408  0.50      24      10      19       47   1.93
1960-1969      110+     0.52678  1.00000  1.90      14      14      27       27   1.90
1970-1979        0      0.01815  0.01786  0.11  100000    1786   98413  7124784  71.25
1970-1979        1      0.00202  0.00202  0.50   98214     199   98114  7026371  71.54
1970-1979        2      0.00122  0.00122  0.50   98015     120   97955  6928257  70.69
1970-1979        3      0.00083  0.00083  0.50   97895      81   97855  6830302  69.77
1970-1979        4      0.00070  0.00070  0.50   97814      68   97780  6732447  68.83
1970-1979        5      0.00065  0.00064  0.50   97746      63   97714  6634667  67.88
1970-1979        6      0.00061  0.00061  0.50   97683      59   97653  6536953  66.92
1970-1979        7      0.00054  0.00054  0.50   97623      53   97597  6439301  65.96
1970-1979        8      0.00049  0.00049  0.50   97570      48   97547  6341704  65.00
1970-1979        9      0.00046  0.00046  0.50   97523      44   97500  6244157  64.03
1970-1979       10      0.00042  0.00042  0.50   97478      41   97458  6146657  63.06
1970-1979       11      0.00040  0.00040  0.50   97437      39   97418  6049199  62.08
1970-1979       12      0.00039  0.00039  0.50   97398      38   97379  5951781  61.11
1970-1979       13      0.00041  0.00041  0.50   97360      40   97340  5854402  60.13
1970-1979       14      0.00049  0.00049  0.50   97320      48   97296  5757062  59.16
1970-1979       15      0.00056  0.00056  0.50   97272      54   97245  5659766  58.18
1970-1979       16      0.00076  0.00076  0.50   97218      74   97181  5562521  57.22
1970-1979       17      0.00105  0.00105  0.50   97144     102   97093  5465341  56.26
1970-1979       18      0.00139  0.00138  0.50   97042     134   96974  5368248  55.32
1970-1979       19      0.00132  0.00132  0.50   96907     128   96843  5271274  54.40
1970-1979       20      0.00133  0.00133  0.50   96779     129   96715  5174431  53.47
1970-1979       21      0.00167  0.00166  0.50   96650     161   96570  5077716  52.54
1970-1979       22      0.00194  0.00194  0.50   96489     187   96396  4981146  51.62
1970-1979       23      0.00192  0.00192  0.50   96303     185   96210  4884750  50.72
1970-1979       24      0.00201  0.00200  0.50   96118     193   96022  4788540  49.82
1970-1979       25      0.00208  0.00207  0.50   95925     199   95826  4692518  48.92
1970-1979       26      0.00215  0.00215  0.50   95726     206   95624  4596693  48.02
1970-1979       27      0.00213  0.00212  0.50   95521     203   95419  4501069  47.12
1970-1979       28      0.00210  0.00210  0.50   95318     200   95218  4405650  46.22
1970-1979       29      0.00236  0.00236  0.50   95118     224   95006  4310432  45.32
1970-1979       30      0.00243  0.00243  0.50   94894     231   94778  4215426  44.42
1970-1979       31      0.00241  0.00241  0.50   94663     228   94549  4120647  43.53
1970-1979       32      0.00246  0.00246  0.50   94435     232   94319  4026098  42.63
1970-1979       33      0.00259  0.00259  0.50   94203     244   94081  3931779  41.74
1970-1979       34      0.00291  0.00290  0.50   93959     273   93823  3837698  40.84
1970-1979       35      0.00308  0.00307  0.50   93686     288   93543  3743875  39.96
1970-1979       36      0.00312  0.00312  0.50   93399     291   93253  3650333  39.08
1970-1979       37      0.00325  0.00325  0.50   93107     302   92956  3557080  38.20
1970-1979       38      0.00321  0.00320  0.50   92805     297   92656  3464124  37.33
1970-1979       39      0.00358  0.00357  0.50   92508     330   92343  3371467  36.45
1970-1979       40      0.00375  0.00375  0.50   92178     345   92005  3279124  35.57
1970-1979       41      0.00393  0.00393  0.50   91832     361   91652  3187120  34.71
1970-1979       42      0.00414  0.00413  0.50   91472     378   91283  3095468  33.84
1970-1979       43      0.00449  0.00448  0.50   91094     408   90889  3004185  32.98
1970-1979       44      0.00482  0.00481  0.50   90685     436   90467  2913295  32.13
1970-1979       45      0.00518  0.00516  0.50   90250     466   90017  2822828  31.28
1970-1979       46      0.00543  0.00541  0.50   89784     486   89541  2732811  30.44
1970-1979       47      0.00598  0.00596  0.50   89298     532   89032  2643271  29.60
1970-1979       48      0.00619  0.00617  0.50   88765     548   88491  2554239  28.78
1970-1979       49      0.00666  0.00663  0.50   88217     585   87925  2465748  27.95
1970-1979       50      0.00703  0.00701  0.50   87632     614   87325  2377823  27.13
1970-1979       51      0.00735  0.00732  0.50   87018     637   86699  2290498  26.32
1970-1979       52      0.00812  0.00809  0.50   86381     699   86031  2203798  25.51
1970-1979       53      0.00832  0.00829  0.50   85682     710   85327  2117767  24.72
1970-1979       54      0.00910  0.00906  0.50   84972     770   84587  2032440  23.92
1970-1979       55      0.00976  0.00971  0.50   84202     818   83793  1947853  23.13
1970-1979       56      0.01046  0.01041  0.50   83384     868   82950  1864059  22.36
1970-1979       57      0.01099  0.01093  0.50   82516     902   82065  1781109  21.58
1970-1979       58      0.01162  0.01155  0.50   81614     943   81143  1699044  20.82
1970-1979       59      0.01266  0.01258  0.50   80672    1015   80164  1617901  20.06
1970-1979       60      0.01399  0.01389  0.50   79657    1106   79103  1537737  19.30
1970-1979       61      0.01430  0.01420  0.50   78550    1115   77993  1458633  18.57
1970-1979       62      0.01568  0.01556  0.50   77435    1205   76833  1380641  17.83
1970-1979       63      0.01739  0.01724  0.50   76230    1314   75573  1303808  17.10
1970-1979       64      0.01945  0.01926  0.50   74916    1443   74194  1228235  16.39
1970-1979       65      0.02096  0.02074  0.50   73473    1524   72711  1154041  15.71
1970-1979       66      0.02235  0.02210  0.50   71949    1590   71154  1081330  15.03
1970-1979       67      0.02434  0.02405  0.50   70359    1692   69513  1010176  14.36
1970-1979       68      0.02745  0.02708  0.50   68667    1859   67737   940664  13.70
1970-1979       69      0.03047  0.03001  0.50   66807    2005   65805   872926  13.07
1970-1979       70      0.03368  0.03312  0.50   64802    2146   63729   807122  12.46
1970-1979       71      0.03627  0.03562  0.50   62656    2232   61540   743392  11.86
1970-1979       72      0.04122  0.04039  0.50   60424    2441   59204   681852  11.28
1970-1979       73      0.04361  0.04267  0.50   57984    2474   56746   622648  10.74
1970-1979       74      0.04835  0.04721  0.50   55509    2620   54199   565902  10.19
1970-1979       75      0.05521  0.05373  0.50   52889    2842   51468   511703   9.68
1970-1979       76      0.05894  0.05725  0.50   50047    2865   48614   460235   9.20
1970-1979       77      0.06531  0.06324  0.50   47182    2984   45690   411621   8.72
1970-1979       78      0.07205  0.06955  0.50   44198    3074   42661   365931   8.28
1970-1979       79      0.08038  0.07728  0.50   41124    3178   39535   323270   7.86
1970-1979       80      0.08804  0.08433  0.50   37946    3200   36346   283735   7.48
1970-1979       81      0.09099  0.08703  0.50   34746    3024   33234   247389   7.12
1970-1979       82      0.10128  0.09640  0.50   31722    3058   30193   214155   6.75
1970-1979       83      0.10780  0.10229  0.50   28664    2932   27198   183961   6.42
1970-1979       84      0.11652  0.11010  0.50   25732    2833   24316   156763   6.09
1970-1979       85      0.12887  0.12107  0.50   22899    2772   21513   132448   5.78
1970-1979       86      0.13821  0.12928  0.50   20127    2602   18826   110935   5.51
1970-1979       87      0.14828  0.13804  0.50   17525    2419   16315    92109   5.26
1970-1979       88      0.15457  0.14348  0.50   15106    2167   14022    75794   5.02
1970-1979       89      0.17189  0.15828  0.50   12938    2048   11914    61772   4.77
1970-1979       90      0.18463  0.16903  0.50   10890    1841    9970    49858   4.58
1970-1979       91      0.17580  0.16159  0.50    9050    1462    8318    39888   4.41
1970-1979       92      0.19948  0.18139  0.50    7587    1376    6899    31569   4.16
1970-1979       93      0.20060  0.18231  0.50    6211    1132    5645    24670   3.97
1970-1979       94      0.21317  0.19263  0.50    5079     978    4589    19025   3.75
1970-1979       95      0.24179  0.21571  0.50    4100     884    3658    14436   3.52
1970-1979       96      0.25695  0.22770  0.50    3216     732    2850    10778   3.35
1970-1979       97      0.27274  0.24001  0.50    2484     596    2186     7928   3.19
1970-1979       98      0.28914  0.25262  0.50    1888     477    1649     5743   3.04
1970-1979       99      0.30613  0.26549  0.50    1411     375    1223     4093   2.90
1970-1979      100      0.32367  0.27859  0.50    1036     289     892     2870   2.77
1970-1979      101      0.34173  0.29186  0.50     748     218     638     1978   2.65
1970-1979      102      0.36028  0.30528  0.50     529     162     449     1340   2.53
1970-1979      103      0.37926  0.31880  0.50     368     117     309      891   2.42
1970-1979      104      0.39861  0.33237  0.50     251      83     209      582   2.32
1970-1979      105      0.41829  0.34594  0.50     167      58     138      373   2.23
1970-1979      106      0.43823  0.35947  0.50     109      39      90      235   2.15
1970-1979      107      0.45837  0.37291  0.50      70      26      57      145   2.07
1970-1979      108      0.47864  0.38621  0.50      44      17      35       88   2.01
1970-1979      109      0.49897  0.39934  0.50      27      11      22       53   1.96
1970-1979      110+     0.51928  1.00000  1.93      16      16      31       31   1.93
1980-1989        0      0.01341  0.01325  0.12  100000    1325   98836  7130977  71.31
1980-1989        1      0.00178  0.00178  0.50   98675     176   98587  7032141  71.27
1980-1989        2      0.00095  0.00095  0.50   98499      94   98452  6933554  70.39
1980-1989        3      0.00073  0.00073  0.50   98405      72   98369  6835103  69.46
1980-1989        4      0.00063  0.00063  0.50   98333      62   98302  6736733  68.51
1980-1989        5      0.00049  0.00049  0.50   98271      49   98247  6638431  67.55
1980-1989        6      0.00054  0.00054  0.50   98223      54   98196  6540184  66.59
1980-1989        7      0.00050  0.00050  0.50   98169      50   98144  6441988  65.62
1980-1989        8      0.00049  0.00049  0.50   98120      48   98096  6343843  64.65
1980-1989        9      0.00049  0.00049  0.50   98071      48   98048  6245748  63.69
1980-1989       10      0.00041  0.00041  0.50   98024      40   98004  6147700  62.72
1980-1989       11      0.00042  0.00042  0.50   97984      41   97963  6049696  61.74
1980-1989       12      0.00038  0.00038  0.50   97943      38   97924  5951733  60.77
1980-1989       13      0.00042  0.00042  0.50   97906      42   97885  5853808  59.79
1980-1989       14      0.00047  0.00047  0.50   97864      46   97841  5755924  58.82
1980-1989       15      0.00055  0.00055  0.50   97818      54   97791  5658083  57.84
1980-1989       16      0.00081  0.00081  0.50   97764      79   97724  5560292  56.87
1980-1989       17      0.00113  0.00113  0.50   97685     110   97630  5462567  55.92
1980-1989       18      0.00136  0.00136  0.50   97575     133   97508  5364938  54.98
1980-1989       19      0.00121  0.00121  0.50   97442     118   97383  5267429  54.06
1980-1989       20      0.00110  0.00110  0.50   97324     107   97270  5170046  53.12
1980-1989       21      0.00138  0.00138  0.50   97217     134   97150  5072776  52.18
1980-1989       22      0.00157  0.00157  0.50   97083     153   97006  4975626  51.25
1980-1989       23      0.00166  0.00166  0.50   96930     161   96849  4878620  50.33
1980-1989       24      0.00167  0.00167  0.50   96769     161   96688  4781770  49.41
1980-1989       25      0.00161  0.00161  0.50   96608     156   96530  4685082  48.50
1980-1989       26      0.00168  0.00167  0.50   96452     161   96371  4588552  47.57
1980-1989       27      0.00186  0.00186  0.50   96291     179   96201  4492181  46.65
1980-1989       28      0.00192  0.00192  0.50   96112     185   96019  4395980  45.74
1980-1989       29      0.00203  0.00203  0.50   95927     195   95830  4299961  44.83
1980-1989       30      0.00215  0.00215  0.50   95732     206   95630  4204131  43.92
1980-1989       31      0.00216  0.00216  0.50   95527     207   95423  4108502  43.01
1980-1989       32      0.00247  0.00246  0.50   95320     235   95203  4013078  42.10
1980-1989       33      0.00260  0.00259  0.50   95085     247   94962  3917875  41.20
1980-1989       34      0.00279  0.00278  0.50   94839     264   94707  3822913  40.31
1980-1989       35      0.00303  0.00303  0.50   94575     286   94431  3728207  39.42
1980-1989       36      0.00313  0.00313  0.50   94288     295   94141  3633775  38.54
1980-1989       37      0.00338  0.00337  0.50   93993     317   93835  3539634  37.66
1980-1989       38      0.00353  0.00352  0.50   93676     330   93511  3445800  36.78
1980-1989       39      0.00389  0.00388  0.50   93346     362   93165  3352289  35.91
1980-1989       40      0.00425  0.00424  0.50   92984     395   92787  3259124  35.05
1980-1989       41      0.00445  0.00444  0.50   92589     411   92384  3166337  34.20
1980-1989       42      0.00474  0.00472  0.50   92178     435   91961  3073953  33.35
1980-1989       43      0.00513  0.00512  0.50   91743     469   91508  2981993  32.50
1980-1989       44      0.00517  0.00515  0.50   91273     470   91038  2890485  31.67
1980-1989       45      0.00565  0.00563  0.50   90803     512   90547  2799446  30.83
1980-1989       46      0.00605  0.00603  0.50   90292     544   90019  2708899  30.00
1980-1989       47      0.00654  0.00652  0.50   89747     585   89455  2618880  29.18
1980-1989       48      0.00664  0.00662  0.50   89162     590   88867  2529425  28.37
1980-1989       49      0.00751  0.00748  0.50   88571     662   88240  2440559  27.55
1980-1989       50      0.00795  0.00792  0.50   87909     696   87561  2352318  26.76
1980-1989       51      0.00849  0.00845  0.50   87213     737   86845  2264757  25.97
1980-1989       52      0.00897  0.00893  0.50   86476     772   86090  2177912  25.19
1980-1989       53      0.00975  0.00970  0.50   85704     831   85288  2091822  24.41
1980-1989       54      0.00980  0.00975  0.50   84873     828   84459  2006534  23.64
1980-1989       55      0.01064  0.01058  0.50   84045     889   83600  1922075  22.87
1980-1989       56      0.01141  0.01135  0.50   83155     944   82684  1838475  22.11
1980-1989       57      0.01258  0.01250  0.50   82212    1028   81698  1755791  21.36
1980-1989       58      0.01268  0.01260  0.50   81184    1023   80673  1674094  20.62
1980-1989       59      0.01381  0.01371  0.50   80162    1099   79612  1593421  19.88
1980-1989       60      0.01480  0.01469  0.50   79062    1162   78481  1513809  19.15
1980-1989       61      0.01601  0.01589  0.50   77901    1238   77282  1435327  18.43
1980-1989       62      0.01728  0.01713  0.50   76663    1313   76006  1358046  17.71
1980-1989       63      0.01866  0.01849  0.50   75350    1393   74653  1282040  17.01
1980-1989       64      0.01986  0.01967  0.50   73957    1455   73229  1207386  16.33
1980-1989       65      0.02120  0.02098  0.50   72502    1521   71741  1134157  15.64
1980-1989       66      0.02347  0.02320  0.50   70981    1647   70158  1062416  14.97
1980-1989       67      0.02499  0.02468  0.50   69334    1711   68479   992258  14.31
1980-1989       68      0.02766  0.02728  0.50   67623    1845   66701   923779  13.66
1980-1989       69      0.02952  0.02909  0.50   65778    1914   64821   857079  13.03
1980-1989       70      0.03260  0.03208  0.50   63865    2049   62840   792257  12.41
1980-1989       71      0.03569  0.03507  0.50   61816    2168   60732   729417  11.80
1980-1989       72      0.03838  0.03766  0.50   59648    2246   58525   668685  11.21
1980-1989       73      0.04325  0.04234  0.50   57402    2430   56187   610160  10.63
1980-1989       74      0.04705  0.04597  0.50   54972    2527   53708   553973  10.08
1980-1989       75      0.05233  0.05099  0.50   52445    2674   51108   500265   9.54
1980-1989       76      0.05812  0.05648  0.50   49770    2811   48365   449157   9.02
1980-1989       77      0.06322  0.06129  0.50   46959    2878   45520   400792   8.53
1980-1989       78      0.06997  0.06761  0.50   44081    2980   42591   355272   8.06
1980-1989       79      0.07682  0.07398  0.50   41101    3040   39581   312681   7.61
1980-1989       80      0.08711  0.08347  0.50   38061    3177   36472   273100   7.18
1980-1989       81      0.09625  0.09183  0.50   34884    3203   33282   236628   6.78
1980-1989       82      0.10339  0.09830  0.50   31680    3114   30123   203346   6.42
1980-1989       83      0.11295  0.10691  0.50   28566    3054   27039   173223   6.06
1980-1989       84      0.12800  0.12030  0.50   25512    3069   23977   146184   5.73
1980-1989       85      0.13723  0.12842  0.50   22443    2882   21002   122207   5.45
1980-1989       86      0.14984  0.13940  0.50   19561    2727   18197   101205   5.17
1980-1989       87      0.15782  0.14628  0.50   16834    2462   15603    83008   4.93
1980-1989       88      0.16924  0.15604  0.50   14372    2243   13250    67405   4.69
1980-1989       89      0.18169  0.16656  0.50   12129    2020   11119    54155   4.46
1980-1989       90      0.18997  0.17349  0.50   10109    1754    9232    43036   4.26
1980-1989       91      0.20360  0.18479  0.50    8355    1544    7583    33804   4.05
1980-1989       92      0.21950  0.19780  0.50    6811    1347    6137    26221   3.85
1980-1989       93      0.22810  0.20474  0.50    5464    1119    4905    20084   3.68
1980-1989       94      0.23307  0.20875  0.50    4345     907    3892    15179   3.49
1980-1989       95      0.26153  0.23129  0.50    3438     795    3041    11287   3.28
1980-1989       96      0.27839  0.24438  0.50    2643     646    2320     8247   3.12
1980-1989       97      0.29593  0.25779  0.50    1997     515    1740     5927   2.97
1980-1989       98      0.31412  0.27148  0.50    1482     402    1281     4187   2.82
1980-1989       99      0.33292  0.28541  0.50    1080     308     926     2906   2.69
1980-1989      100      0.35228  0.29952  0.50     772     231     656     1980   2.57
1980-1989      101      0.37216  0.31377  0.50     541     170     456     1324   2.45
1980-1989      102      0.39250  0.32811  0.50     371     122     310      869   2.34
1980-1989      103      0.41323  0.34247  0.50     249      85     207      559   2.24
1980-1989      104      0.43428  0.35680  0.50     164      58     135      352   2.15
1980-1989      105      0.45557  0.37105  0.50     105      39      86      217   2.06
1980-1989      106      0.47703  0.38516  0.50      66      26      54      132   1.98
1980-1989      107      0.49857  0.39909  0.50      41      16      33       78   1.91
1980-1989      108      0.52012  0.41277  0.50      24      10      19       45   1.85
1980-1989      109      0.54158  0.42617  0.50      14       6      11       26   1.81
1980-1989      110+     0.56287  1.00000  1.78       8       8      15       15   1.78
1990-1999        0      0.01236  0.01222  0.12  100000    1222   98929  7025406  70.25
1990-1999        1      0.00105  0.00105  0.50   98778     104   98726  6926477  70.12
1990-1999        2      0.00080  0.00080  0.50   98674      79   98634  6827751  69.20
1990-1999        3      0.00061  0.00061  0.50   98594      60   98564  6729117  68.25
1990-1999        4      0.00049  0.00049  0.50   98534      48   98510  6630553  67.29
1990-1999        5      0.00047  0.00047  0.50   98486      46   98463  6532043  66.32
1990-1999        6      0.00039  0.00039  0.50   98440      38   98421  6433580  65.36
1990-1999        7      0.00043  0.00043  0.50   98402      42   98381  6335158  64.38
1990-1999        8      0.00041  0.00041  0.50   98360      41   98340  6236778  63.41
1990-1999        9      0.00033  0.00033  0.50   98319      33   98303  6138438  62.43
1990-1999       10      0.00033  0.00033  0.50   98287      32   98270  6040135  61.45
1990-1999       11      0.00033  0.00033  0.50   98254      33   98238  5941865  60.47
1990-1999       12      0.00032  0.00032  0.50   98221      32   98206  5843627  59.49
1990-1999       13      0.00035  0.00035  0.50   98190      34   98172  5745421  58.51
1990-1999       14      0.00044  0.00044  0.50   98155      43   98134  5647249  57.53
1990-1999       15      0.00053  0.00053  0.50   98112      52   98086  5549115  56.56
1990-1999       16      0.00071  0.00071  0.50   98060      70   98025  5451029  55.59
1990-1999       17      0.00100  0.00100  0.50   97990      98   97942  5353004  54.63
1990-1999       18      0.00124  0.00124  0.50   97893     121   97832  5255062  53.68
1990-1999       19      0.00136  0.00136  0.50   97771     133   97705  5157230  52.75
1990-1999       20      0.00160  0.00160  0.50   97638     156   97561  5059525  51.82
1990-1999       21      0.00158  0.00158  0.50   97483     154   97406  4961965  50.90
1990-1999       22      0.00159  0.00159  0.50   97329     154   97252  4864559  49.98
1990-1999       23      0.00174  0.00173  0.50   97175     169   97090  4767307  49.06
1990-1999       24      0.00177  0.00177  0.50   97006     172   96920  4670217  48.14
1990-1999       25      0.00188  0.00188  0.50   96835     182   96743  4573296  47.23
1990-1999       26      0.00183  0.00183  0.50   96652     177   96564  4476553  46.32
1990-1999       27      0.00193  0.00193  0.50   96476     186   96382  4379989  45.40
1990-1999       28      0.00200  0.00200  0.50   96289     193   96193  4283606  44.49
1990-1999       29      0.00221  0.00221  0.50   96096     212   95990  4187414  43.58
1990-1999       30      0.00230  0.00230  0.50   95884     221   95774  4091423  42.67
1990-1999       31      0.00252  0.00252  0.50   95664     241   95543  3995650  41.77
1990-1999       32      0.00255  0.00255  0.50   95423     243   95301  3900106  40.87
1990-1999       33      0.00274  0.00274  0.50   95180     261   95050  3804805  39.97
1990-1999       34      0.00299  0.00298  0.50   94919     283   94778  3709755  39.08
1990-1999       35      0.00321  0.00321  0.50   94636     304   94484  3614978  38.20
1990-1999       36      0.00345  0.00344  0.50   94333     325   94170  3520494  37.32
1990-1999       37      0.00379  0.00379  0.50   94008     356   93830  3426323  36.45
1990-1999       38      0.00424  0.00423  0.50   93652     396   93454  3332493  35.58
1990-1999       39      0.00433  0.00432  0.50   93256     403   93055  3239039  34.73
1990-1999       40      0.00488  0.00487  0.50   92853     452   92627  3145985  33.88
1990-1999       41      0.00530  0.00528  0.50   92401     488   92157  3053358  33.04
1990-1999       42      0.00572  0.00571  0.50   91913     524   91651  2961201  32.22
1990-1999       43      0.00621  0.00619  0.50   91388     565   91106  2869550  31.40
1990-1999       44      0.00664  0.00662  0.50   90823     601   90522  2778445  30.59
1990-1999       45      0.00749  0.00747  0.50   90222     674   89885  2687922  29.79
1990-1999       46      0.00760  0.00757  0.50   89548     678   89209  2598037  29.01
1990-1999       47      0.00847  0.00843  0.50   88870     749   88496  2508828  28.23
1990-1999       48      0.00869  0.00865  0.50   88121     762   87740  2420332  27.47
1990-1999       49      0.00939  0.00935  0.50   87359     817   86950  2332592  26.70
1990-1999       50      0.01040  0.01034  0.50   86542     895   86094  2245642  25.95
1990-1999       51      0.01042  0.01036  0.50   85647     887   85203  2159548  25.21
1990-1999       52      0.01076  0.01070  0.50   84759     907   84306  2074344  24.47
1990-1999       53      0.01169  0.01162  0.50   83852     974   83365  1990039  23.73
1990-1999       54      0.01193  0.01186  0.50   82878     983   82386  1906674  23.01
1990-1999       55      0.01308  0.01300  0.50   81895    1065   81363  1824287  22.28
1990-1999       56      0.01355  0.01346  0.50   80830    1088   80287  1742924  21.56
1990-1999       57      0.01461  0.01450  0.50   79743    1156   79164  1662638  20.85
1990-1999       58      0.01558  0.01546  0.50   78586    1215   77979  1583473  20.15
1990-1999       59      0.01602  0.01589  0.50   77371    1229   76756  1505495  19.46
1990-1999       60      0.01759  0.01743  0.50   76142    1327   75478  1428738  18.76
1990-1999       61      0.01864  0.01847  0.50   74814    1382   74123  1353260  18.09
1990-1999       62      0.02003  0.01983  0.50   73432    1456   72704  1279137  17.42
1990-1999       63      0.02063  0.02042  0.50   71976    1470   71241  1206433  16.76
1990-1999       64      0.02203  0.02179  0.50   70507    1536   69738  1135192  16.10
1990-1999       65      0.02359  0.02332  0.50   68970    1608   68166  1065453  15.45
1990-1999       66      0.02515  0.02484  0.50   67362    1673   66525   997287  14.80
1990-1999       67      0.02738  0.02701  0.50   65689    1774   64802   930762  14.17
1990-1999       68      0.02868  0.02828  0.50   63914    1807   63011   865960  13.55
1990-1999       69      0.03085  0.03038  0.50   62107    1887   61164   802950  12.93
1990-1999       70      0.03408  0.03351  0.50   60220    2018   59211   741786  12.32
1990-1999       71      0.03648  0.03582  0.50   58202    2085   57160   682575  11.73
1990-1999       72      0.03902  0.03828  0.50   56117    2148   55043   625415  11.14
1990-1999       73      0.04200  0.04113  0.50   53969    2220   52859   570372  10.57
1990-1999       74      0.04630  0.04525  0.50   51749    2342   50578   517512  10.00
1990-1999       75      0.05103  0.04976  0.50   49408    2459   48178   466934   9.45
1990-1999       76      0.05650  0.05495  0.50   46949    2580   45659   418756   8.92
1990-1999       77      0.06211  0.06024  0.50   44369    2673   43033   373096   8.41
1990-1999       78      0.06711  0.06493  0.50   41697    2707   40343   330063   7.92
1990-1999       79      0.07530  0.07257  0.50   38989    2830   37574   289721   7.43
1990-1999       80      0.08411  0.08071  0.50   36160    2919   34700   252146   6.97
1990-1999       81      0.09266  0.08856  0.50   33241    2944   31769   217446   6.54
1990-1999       82      0.10376  0.09865  0.50   30297    2989   28803   185677   6.13
1990-1999       83      0.11563  0.10931  0.50   27309    2985   25816   156874   5.74
1990-1999       84      0.12802  0.12032  0.50   24324    2927   22860   131058   5.39
1990-1999       85      0.13968  0.13056  0.50   21397    2794   20000   108197   5.06
1990-1999       86      0.15545  0.14424  0.50   18603    2683   17262    88197   4.74
1990-1999       87      0.17151  0.15797  0.50   15920    2515   14663    70935   4.46
1990-1999       88      0.18353  0.16810  0.50   13405    2253   12279    56273   4.20
1990-1999       89      0.20112  0.18275  0.50   11152    2038   10133    43994   3.95
1990-1999       90      0.22133  0.19928  0.50    9114    1816    8206    33861   3.72
1990-1999       91      0.23570  0.21085  0.50    7298    1539    6528    25656   3.52
1990-1999       92      0.25206  0.22385  0.50    5759    1289    5114    19127   3.32
1990-1999       93      0.27046  0.23825  0.50    4470    1065    3937    14013   3.14
1990-1999       94      0.28214  0.24726  0.50    3405     842    2984    10076   2.96
1990-1999       95      0.31377  0.27122  0.50    2563     695    2215     7092   2.77
1990-1999       96      0.33704  0.28843  0.50    1868     539    1598     4876   2.61
1990-1999       97      0.36121  0.30596  0.50    1329     407    1126     3278   2.47
1990-1999       98      0.38621  0.32370  0.50     922     299     773     2152   2.33
1990-1999       99      0.41193  0.34158  0.50     624     213     517     1379   2.21
1990-1999      100      0.43825  0.35948  0.50     411     148     337      862   2.10
1990-1999      101      0.46503  0.37730  0.50     263      99     213      525   1.99
1990-1999      102      0.49214  0.39495  0.50     164      65     131      311   1.90
1990-1999      103      0.51941  0.41233  0.50      99      41      79      180   1.81
1990-1999      104      0.54668  0.42933  0.50      58      25      46      101   1.73
1990-1999      105      0.57379  0.44587  0.50      33      15      26       55   1.66
1990-1999      106      0.60057  0.46187  0.50      18       9      14       29   1.60
1990-1999      107      0.62687  0.47727  0.50      10       5       8       15   1.54
1990-1999      108      0.65253  0.49201  0.50       5       3       4        8   1.49
1990-1999      109      0.67744  0.50604  0.50       3       1       2        4   1.45
1990-1999      110+     0.70146  1.00000  1.43       1       1       2        2   1.43
2000-2009        0      0.00719  0.00715  0.13  100000     715   99381  7172837  71.73
2000-2009        1      0.00067  0.00067  0.50   99285      67   99252  7073456  71.24
2000-2009        2      0.00049  0.00049  0.50   99218      49   99194  6974204  70.29
2000-2009        3      0.00041  0.00041  0.50   99170      40   99149  6875010  69.33
2000-2009        4      0.00034  0.00034  0.50   99129      34   99112  6775861  68.35
2000-2009        5      0.00031  0.00031  0.50   99095      30   99080  6676748  67.38
2000-2009        6      0.00030  0.00030  0.50   99065      30   99050  6577668  66.40
2000-2009        7      0.00023  0.00023  0.50   99036      23   99024  6478618  65.42
2000-2009        8      0.00027  0.00027  0.50   99013      27   98999  6379594  64.43
2000-2009        9      0.00021  0.00021  0.50   98986      21   98975  6280594  63.45
2000-2009       10      0.00022  0.00022  0.50   98964      22   98953  6181619  62.46
2000-2009       11      0.00019  0.00019  0.50   98942      19   98933  6082666  61.48
2000-2009       12      0.00024  0.00024  0.50   98924      24   98912  5983733  60.49
2000-2009       13      0.00028  0.00028  0.50   98900      28   98886  5884821  59.50
2000-2009       14      0.00037  0.00037  0.50   98872      36   98854  5785935  58.52
2000-2009       15      0.00045  0.00045  0.50   98836      44   98814  5687080  57.54
2000-2009       16      0.00062  0.00062  0.50   98792      61   98762  5588266  56.57
2000-2009       17      0.00082  0.00082  0.50   98731      81   98691  5489505  55.60
2000-2009       18      0.00110  0.00110  0.50   98650     108   98596  5390814  54.65
2000-2009       19      0.00128  0.00128  0.50   98542     126   98479  5292218  53.71
2000-2009       20      0.00128  0.00128  0.50   98415     126   98352  5193740  52.77
2000-2009       21      0.00144  0.00144  0.50   98289     142   98218  5095387  51.84
2000-2009       22      0.00144  0.00144  0.50   98148     141   98077  4997169  50.91
2000-2009       23      0.00146  0.00146  0.50   98007     143   97935  4899092  49.99
2000-2009       24      0.00157  0.00157  0.50   97864     154   97787  4801156  49.06
2000-2009       25      0.00169  0.00168  0.50   97710     165   97628  4703369  48.14
2000-2009       26      0.00185  0.00185  0.50   97545     180   97455  4605742  47.22
2000-2009       27      0.00184  0.00184  0.50   97365     179   97276  4508286  46.30
2000-2009       28      0.00196  0.00196  0.50   97186     190   97091  4411011  45.39
2000-2009       29      0.00205  0.00205  0.50   96996     199   96896  4313920  44.48
2000-2009       30      0.00216  0.00216  0.50   96797     209   96692  4217024  43.57
2000-2009       31      0.00248  0.00248  0.50   96588     240   96468  4120331  42.66
2000-2009       32      0.00254  0.00254  0.50   96348     245   96226  4023863  41.76
2000-2009       33      0.00263  0.00263  0.50   96104     253   95977  3927637  40.87
2000-2009       34      0.00280  0.00280  0.50   95851     268   95717  3831660  39.98
2000-2009       35      0.00309  0.00309  0.50   95583     295   95435  3735943  39.09
2000-2009       36      0.00311  0.00310  0.50   95288     296   95140  3640508  38.21
2000-2009       37      0.00341  0.00341  0.50   94992     324   94830  3545368  37.32
2000-2009       38      0.00355  0.00355  0.50   94668     336   94500  3450538  36.45
2000-2009       39      0.00391  0.00390  0.50   94332     368   94148  3356037  35.58
2000-2009       40      0.00437  0.00436  0.50   93965     410   93760  3261889  34.71
2000-2009       41      0.00481  0.00480  0.50   93555     449   93330  3168129  33.86
2000-2009       42      0.00482  0.00481  0.50   93106     448   92882  3074799  33.02
2000-2009       43      0.00538  0.00536  0.50   92658     497   92410  2981916  32.18
2000-2009       44      0.00564  0.00562  0.50   92161     518   91902  2889507  31.35
2000-2009       45      0.00628  0.00626  0.50   91643     574   91357  2797604  30.53
2000-2009       46      0.00675  0.00673  0.50   91070     613   90763  2706248  29.72
2000-2009       47      0.00750  0.00748  0.50   90457     676   90118  2615484  28.91
2000-2009       48      0.00796  0.00793  0.50   89780     712   89424  2525366  28.13
2000-2009       49      0.00858  0.00854  0.50   89068     761   88688  2435942  27.35
2000-2009       50      0.00954  0.00949  0.50   88307     838   87888  2347254  26.58
2000-2009       51      0.00993  0.00988  0.50   87469     864   87037  2259366  25.83
2000-2009       52      0.01089  0.01084  0.50   86605     938   86136  2172329  25.08
2000-2009       53      0.01158  0.01152  0.50   85666     987   85173  2086193  24.35
2000-2009       54      0.01204  0.01197  0.50   84680    1014   84173  2001020  23.63
2000-2009       55      0.01338  0.01329  0.50   83666    1112   83110  1916847  22.91
2000-2009       56      0.01362  0.01353  0.50   82554    1117   81996  1833737  22.21
2000-2009       57      0.01461  0.01450  0.50   81437    1181   80847  1751741  21.51
2000-2009       58      0.01533  0.01522  0.50   80256    1221   79646  1670895  20.82
2000-2009       59      0.01647  0.01634  0.50   79035    1291   78389  1591249  20.13
2000-2009       60      0.01754  0.01739  0.50   77744    1352   77068  1512860  19.46
2000-2009       61      0.01823  0.01807  0.50   76392    1380   75702  1435792  18.80
2000-2009       62      0.01953  0.01934  0.50   75012    1450   74287  1360090  18.13
2000-2009       63      0.02062  0.02041  0.50   73561    1502   72810  1285803  17.48
2000-2009       64      0.02135  0.02112  0.50   72060    1522   71299  1212993  16.83
2000-2009       65      0.02294  0.02268  0.50   70538    1600   69738  1141694  16.19
2000-2009       66      0.02360  0.02332  0.50   68938    1608   68134  1071956  15.55
2000-2009       67      0.02502  0.02471  0.50   67330    1664   66498  1003822  14.91
2000-2009       68      0.02625  0.02591  0.50   65666    1701   64816   937324  14.27
2000-2009       69      0.02828  0.02789  0.50   63965    1784   63073   872508  13.64
2000-2009       70      0.03056  0.03010  0.50   62181    1871   61246   809435  13.02
2000-2009       71      0.03279  0.03227  0.50   60310    1946   59337   748189  12.41
2000-2009       72      0.03528  0.03467  0.50   58364    2023   57352   688853  11.80
2000-2009       73      0.03852  0.03779  0.50   56341    2129   55276   631500  11.21
2000-2009       74      0.04182  0.04097  0.50   54211    2221   53101   576224  10.63
2000-2009       75      0.04531  0.04431  0.50   51990    2303   50839   523124  10.06
2000-2009       76      0.04924  0.04805  0.50   49687    2388   48493   472285   9.51
2000-2009       77      0.05448  0.05303  0.50   47299    2508   46045   423792   8.96
2000-2009       78      0.06051  0.05873  0.50   44791    2631   43476   377747   8.43
2000-2009       79      0.06664  0.06449  0.50   42160    2719   40801   334271   7.93
2000-2009       80      0.07369  0.07107  0.50   39441    2803   38040   293470   7.44
2000-2009       81      0.08178  0.07856  0.50   36638    2878   35199   255431   6.97
2000-2009       82      0.09363  0.08944  0.50   33760    3020   32250   220232   6.52
2000-2009       83      0.10031  0.09551  0.50   30740    2936   29272   187982   6.12
2000-2009       84      0.11267  0.10666  0.50   27804    2966   26321   158710   5.71
2000-2009       85      0.12618  0.11869  0.50   24838    2948   23364   132389   5.33
2000-2009       86      0.13484  0.12632  0.50   21890    2765   20508   109024   4.98
2000-2009       87      0.15275  0.14191  0.50   19125    2714   17768    88517   4.63
2000-2009       88      0.16469  0.15216  0.50   16411    2497   15163    70749   4.31
2000-2009       89      0.18991  0.17344  0.50   13914    2413   12707    55586   3.99
2000-2009       90      0.20653  0.18720  0.50   11501    2153   10424    42879   3.73
2000-2009       91      0.23051  0.20669  0.50    9348    1932    8382    32454   3.47
2000-2009       92      0.24866  0.22116  0.50    7416    1640    6596    24073   3.25
2000-2009       93      0.27345  0.24056  0.50    5776    1389    5081    17477   3.03
2000-2009       94      0.30045  0.26121  0.50    4386    1146    3813    12396   2.83
2000-2009       95      0.32650  0.28068  0.50    3241     910    2786     8583   2.65
2000-2009       96      0.35371  0.30056  0.50    2331     701    1981     5797   2.49
2000-2009       97      0.38166  0.32050  0.50    1630     523    1369     3816   2.34
2000-2009       98      0.41010  0.34031  0.50    1108     377     919     2447   2.21
2000-2009       99      0.43875  0.35982  0.50     731     263     599     1528   2.09
2000-2009      100      0.46734  0.37882  0.50     468     177     379      929   1.98
2000-2009      101      0.49559  0.39717  0.50     291     115     233      549   1.89
2000-2009      102      0.52322  0.41473  0.50     175      73     139      316   1.81
2000-2009      103      0.55000  0.43137  0.50     103      44      80      177   1.73
2000-2009      104      0.57570  0.44703  0.50      58      26      45       97   1.66
2000-2009      105      0.60018  0.46164  0.50      32      15      25       52   1.61
2000-2009      106      0.62332  0.47521  0.50      17       8      13       27   1.56
2000-2009      107      0.64507  0.48775  0.50       9       4       7       14   1.51
2000-2009      108      0.66545  0.49931  0.50       5       2       4        7   1.47
2000-2009      109      0.68450  0.50997  0.50       2       1       2        3   1.44
2000-2009      110+     0.70234  1.00000  1.42       1       1       2        2   1.42
2010-2019        0      0.00395  0.00393  0.14  100000     393   99662  7464643  74.65
2010-2019        1      0.00036  0.00036  0.50   99607      36   99589  7364981  73.94
2010-2019        2      0.00021  0.00021  0.50   99571      21   99561  7265392  72.97
2010-2019        3      0.00018  0.00018  0.50   99550      18   99541  7165832  71.98
2010-2019        4      0.00015  0.00015  0.50   99532      15   99525  7066290  70.99
2010-2019        5      0.00015  0.00015  0.50   99517      15   99510  6966765  70.01
2010-2019        6      0.00013  0.00013  0.50   99503      13   99497  6867255  69.02
2010-2019        7      0.00017  0.00017  0.50   99490      16   99482  6767759  68.02
2010-2019        8      0.00015  0.00015  0.50   99474      15   99466  6668277  67.04
2010-2019        9      0.00015  0.00015  0.50   99459      15   99451  6568811  66.05
2010-2019       10      0.00016  0.00016  0.50   99444      16   99436  6469359  65.06
2010-2019       11      0.00013  0.00013  0.50   99428      13   99422  6369923  64.07
2010-2019       12      0.00020  0.00020  0.50   99415      20   99405  6270502  63.07
2010-2019       13      0.00020  0.00020  0.50   99395      20   99385  6171097  62.09
2010-2019       14      0.00026  0.00026  0.50   99375      26   99361  6071712  61.10
2010-2019       15      0.00033  0.00033  0.50   99348      33   99332  5972351  60.12
2010-2019       16      0.00041  0.00041  0.50   99316      41   99295  5873019  59.13
2010-2019       17      0.00050  0.00050  0.50   99275      50   99250  5773724  58.16
2010-2019       18      0.00073  0.00073  0.50   99225      73   99189  5674474  57.19
2010-2019       19      0.00080  0.00080  0.50   99152      80   99112  5575285  56.23
2010-2019       20      0.00082  0.00082  0.50   99073      81   99032  5476173  55.27
2010-2019       21      0.00084  0.00084  0.50   98992      83   98950  5377141  54.32
2010-2019       22      0.00092  0.00092  0.50   98909      91   98863  5278191  53.36
2010-2019       23      0.00090  0.00090  0.50   98818      89   98773  5179327  52.41
2010-2019       24      0.00099  0.00099  0.50   98729      97   98680  5080554  51.46
2010-2019       25      0.00100  0.00099  0.50   98632      98   98582  4981874  50.51
2010-2019       26      0.00119  0.00119  0.50   98533     117   98475  4883291  49.56
2010-2019       27      0.00116  0.00115  0.50   98416     114   98359  4784817  48.62
2010-2019       28      0.00137  0.00137  0.50   98302     135   98235  4686457  47.67
2010-2019       29      0.00149  0.00148  0.50   98168     146   98095  4588223  46.74
2010-2019       30      0.00154  0.00154  0.50   98022     151   97946  4490128  45.81
2010-2019       31      0.00174  0.00174  0.50   97871     170   97786  4392181  44.88
2010-2019       32      0.00185  0.00185  0.50   97701     180   97611  4294395  43.95
2010-2019       33      0.00200  0.00200  0.50   97520     195   97423  4196785  43.03
2010-2019       34      0.00225  0.00225  0.50   97326     219   97216  4099362  42.12
2010-2019       35      0.00249  0.00249  0.50   97107     242   96986  4002146  41.21
2010-2019       36      0.00237  0.00237  0.50   96865     229   96751  3905159  40.32
2010-2019       37      0.00276  0.00276  0.50   96636     267   96503  3808409  39.41
2010-2019       38      0.00299  0.00299  0.50   96369     288   96225  3711906  38.52
2010-2019       39      0.00328  0.00328  0.50   96081     315   95924  3615681  37.63
2010-2019       40      0.00325  0.00324  0.50   95767     311   95611  3519757  36.75
2010-2019       41      0.00372  0.00371  0.50   95456     354   95279  3424146  35.87
2010-2019       42      0.00400  0.00399  0.50   95101     379   94912  3328867  35.00
2010-2019       43      0.00414  0.00413  0.50   94722     391   94527  3233956  34.14
2010-2019       44      0.00432  0.00431  0.50   94331     407   94128  3139429  33.28
2010-2019       45      0.00500  0.00499  0.50   93924     468   93690  3045301  32.42
2010-2019       46      0.00513  0.00511  0.50   93456     478   93217  2951611  31.58
2010-2019       47      0.00575  0.00573  0.50   92978     533   92711  2858394  30.74
2010-2019       48      0.00610  0.00608  0.50   92445     562   92164  2765683  29.92
2010-2019       49      0.00625  0.00623  0.50   91883     572   91597  2673519  29.10
2010-2019       50      0.00677  0.00674  0.50   91311     616   91003  2581923  28.28
2010-2019       51      0.00732  0.00729  0.50   90695     661   90364  2490920  27.46
2010-2019       52      0.00812  0.00809  0.50   90033     728   89669  2400556  26.66
2010-2019       53      0.00839  0.00836  0.50   89305     746   88932  2310887  25.88
2010-2019       54      0.00925  0.00920  0.50   88559     815   88151  2221955  25.09
2010-2019       55      0.00979  0.00974  0.50   87744     855   87316  2133803  24.32
2010-2019       56      0.01037  0.01032  0.50   86889     896   86441  2046487  23.55
2010-2019       57      0.01121  0.01115  0.50   85993     959   85514  1960046  22.79
2010-2019       58      0.01206  0.01199  0.50   85034    1019   84525  1874532  22.04
2010-2019       59      0.01323  0.01314  0.50   84015    1104   83463  1790008  21.31
2010-2019       60      0.01421  0.01411  0.50   82911    1170   82326  1706545  20.58
2010-2019       61      0.01556  0.01544  0.50   81741    1262   81110  1624219  19.87
2010-2019       62      0.01637  0.01624  0.50   80479    1307   79826  1543109  19.17
2010-2019       63      0.01777  0.01762  0.50   79173    1395   78475  1463283  18.48
2010-2019       64      0.01905  0.01887  0.50   77778    1468   77044  1384808  17.80
2010-2019       65      0.02024  0.02004  0.50   76310    1529   75546  1307764  17.14
2010-2019       66      0.02173  0.02150  0.50   74781    1608   73977  1232218  16.48
2010-2019       67      0.02284  0.02258  0.50   73173    1652   72347  1158241  15.83
2010-2019       68      0.02417  0.02388  0.50   71521    1708   70667  1085894  15.18
2010-2019       69      0.02556  0.02524  0.50   69814    1762   68933  1015226  14.54
2010-2019       70      0.02727  0.02690  0.50   68052    1831   67136   946294  13.91
2010-2019       71      0.02830  0.02791  0.50   66221    1848   65297   879158  13.28
2010-2019       72      0.03083  0.03036  0.50   64373    1955   63395   813861  12.64
2010-2019       73      0.03272  0.03219  0.50   62418    2010   61413   750465  12.02
2010-2019       74      0.03546  0.03485  0.50   60409    2105   59356   689052  11.41
2010-2019       75      0.03861  0.03788  0.50   58304    2208   57199   629696  10.80
2010-2019       76      0.04204  0.04117  0.50   56095    2310   54940   572496  10.21
2010-2019       77      0.04595  0.04492  0.50   53786    2416   52578   517556   9.62
2010-2019       78      0.05007  0.04885  0.50   51370    2509   50115   464978   9.05
2010-2019       79      0.05612  0.05459  0.50   48860    2667   47527   414863   8.49
2010-2019       80      0.06316  0.06123  0.50   46193    2828   44779   367337   7.95
2010-2019       81      0.07059  0.06818  0.50   43365    2957   41887   322558   7.44
2010-2019       82      0.07850  0.07554  0.50   40408    3052   38882   280671   6.95
2010-2019       83      0.08764  0.08396  0.50   37356    3137   35788   241789   6.47
2010-2019       84      0.09871  0.09407  0.50   34219    3219   32610   206001   6.02
2010-2019       85      0.11165  0.10575  0.50   31001    3278   29361   173391   5.59
2010-2019       86      0.12615  0.11866  0.50   27722    3290   26078   144030   5.20
2010-2019       87      0.14098  0.13170  0.50   24433    3218   22824   117952   4.83
2010-2019       88      0.14992  0.13946  0.50   21215    2959   19736    95128   4.48
2010-2019       89      0.18111  0.16607  0.50   18256    3032   16740    75393   4.13
2010-2019       90      0.19503  0.17770  0.50   15224    2705   13872    58653   3.85
2010-2019       91      0.21412  0.19341  0.50   12519    2421   11308    44781   3.58
2010-2019       92      0.23566  0.21082  0.50   10098    2129    9033    33473   3.31
2010-2019       93      0.26495  0.23395  0.50    7969    1864    7037    24439   3.07
2010-2019       94      0.27512  0.24185  0.50    6105    1476    5366    17402   2.85
2010-2019       95      0.32697  0.28103  0.50    4628    1301    3978    12036   2.60
2010-2019       96      0.35818  0.30377  0.50    3328    1011    2822     8058   2.42
2010-2019       97      0.39071  0.32685  0.50    2317     757    1938     5236   2.26
2010-2019       98      0.42430  0.35004  0.50    1559     546    1287     3298   2.11
2010-2019       99      0.45866  0.37310  0.50    1014     378     825     2012   1.98
2010-2019      100      0.49346  0.39580  0.50     635     252     510     1187   1.87
2010-2019      101      0.52835  0.41794  0.50     384     160     304      677   1.76
2010-2019      102      0.56297  0.43931  0.50     223      98     174      374   1.67
2010-2019      103      0.59698  0.45975  0.50     125      58      96      199   1.59
2010-2019      104      0.63008  0.47913  0.50      68      32      51      103   1.52
2010-2019      105      0.66198  0.49736  0.50      35      18      26       51   1.45
2010-2019      106      0.69244  0.51436  0.50      18       9      13       25   1.40
2010-2019      107      0.72128  0.53010  0.50       9       5       6       12   1.35
2010-2019      108      0.74836  0.54459  0.50       4       2       3        5   1.31
2010-2019      109      0.77359  0.55783  0.50       2       1       1        2   1.28
2010-2019      110+     0.79694  1.00000  1.25       1       1       1        1   1.25
