Latvia, Life tables (period 1x10), Total	Last modified: 11 Mar 2021;  Methods Protocol: v6 (2017)

  Year          Age         mx       qx    ax      lx      dx      Lx       Tx     ex
1960-1969        0      0.02164  0.02123  0.11  100000    2123   98116  7062284  70.62
1960-1969        1      0.00231  0.00231  0.50   97877     226   97764  6964168  71.15
1960-1969        2      0.00140  0.00140  0.50   97651     136   97583  6866404  70.32
1960-1969        3      0.00106  0.00106  0.50   97515     103   97463  6768821  69.41
1960-1969        4      0.00082  0.00082  0.50   97412      80   97372  6671358  68.49
1960-1969        5      0.00075  0.00075  0.50   97332      73   97295  6573986  67.54
1960-1969        6      0.00059  0.00059  0.50   97259      58   97230  6476691  66.59
1960-1969        7      0.00069  0.00069  0.50   97201      67   97167  6379461  65.63
1960-1969        8      0.00061  0.00061  0.50   97134      59   97104  6282294  64.68
1960-1969        9      0.00057  0.00057  0.50   97074      55   97047  6185190  63.72
1960-1969       10      0.00057  0.00057  0.50   97019      55   96991  6088143  62.75
1960-1969       11      0.00055  0.00055  0.50   96964      53   96937  5991152  61.79
1960-1969       12      0.00061  0.00061  0.50   96911      60   96881  5894215  60.82
1960-1969       13      0.00057  0.00057  0.50   96851      55   96824  5797334  59.86
1960-1969       14      0.00060  0.00060  0.50   96796      58   96767  5700510  58.89
1960-1969       15      0.00070  0.00070  0.50   96738      68   96704  5603743  57.93
1960-1969       16      0.00085  0.00085  0.50   96670      83   96629  5507039  56.97
1960-1969       17      0.00099  0.00099  0.50   96588      96   96540  5410411  56.02
1960-1969       18      0.00127  0.00126  0.50   96492     122   96431  5313871  55.07
1960-1969       19      0.00140  0.00140  0.50   96370     135   96302  5217440  54.14
1960-1969       20      0.00142  0.00142  0.50   96235     137   96167  5121138  53.21
1960-1969       21      0.00147  0.00147  0.50   96098     141   96028  5024972  52.29
1960-1969       22      0.00160  0.00160  0.50   95957     153   95881  4928944  51.37
1960-1969       23      0.00181  0.00181  0.50   95804     173   95717  4833063  50.45
1960-1969       24      0.00201  0.00201  0.50   95631     192   95535  4737346  49.54
1960-1969       25      0.00209  0.00209  0.50   95438     199   95339  4641812  48.64
1960-1969       26      0.00210  0.00210  0.50   95239     200   95139  4546473  47.74
1960-1969       27      0.00213  0.00213  0.50   95039     202   94938  4451333  46.84
1960-1969       28      0.00214  0.00214  0.50   94837     203   94736  4356395  45.94
1960-1969       29      0.00202  0.00202  0.50   94634     191   94539  4261660  45.03
1960-1969       30      0.00233  0.00233  0.50   94443     220   94333  4167121  44.12
1960-1969       31      0.00241  0.00240  0.50   94223     226   94110  4072788  43.22
1960-1969       32      0.00244  0.00244  0.50   93997     229   93882  3978678  42.33
1960-1969       33      0.00249  0.00248  0.50   93768     233   93651  3884795  41.43
1960-1969       34      0.00270  0.00270  0.50   93535     253   93409  3791144  40.53
1960-1969       35      0.00267  0.00266  0.50   93282     249   93158  3697735  39.64
1960-1969       36      0.00272  0.00272  0.50   93034     253   92907  3604577  38.74
1960-1969       37      0.00287  0.00287  0.50   92781     266   92648  3511670  37.85
1960-1969       38      0.00297  0.00296  0.50   92515     274   92378  3419022  36.96
1960-1969       39      0.00309  0.00309  0.50   92241     285   92098  3326645  36.06
1960-1969       40      0.00340  0.00339  0.50   91956     312   91800  3234546  35.18
1960-1969       41      0.00345  0.00345  0.50   91644     316   91486  3142747  34.29
1960-1969       42      0.00388  0.00387  0.50   91328     354   91151  3051261  33.41
1960-1969       43      0.00395  0.00394  0.50   90974     358   90795  2960110  32.54
1960-1969       44      0.00408  0.00407  0.50   90616     369   90431  2869315  31.66
1960-1969       45      0.00440  0.00439  0.50   90247     396   90049  2778884  30.79
1960-1969       46      0.00448  0.00447  0.50   89851     402   89650  2688835  29.93
1960-1969       47      0.00493  0.00492  0.50   89449     440   89229  2599185  29.06
1960-1969       48      0.00530  0.00529  0.50   89009     471   88774  2509956  28.20
1960-1969       49      0.00579  0.00578  0.50   88538     511   88282  2421182  27.35
1960-1969       50      0.00611  0.00609  0.50   88027     536   87759  2332900  26.50
1960-1969       51      0.00646  0.00644  0.50   87491     564   87209  2245141  25.66
1960-1969       52      0.00752  0.00749  0.50   86927     651   86601  2157933  24.82
1960-1969       53      0.00784  0.00781  0.50   86276     674   85939  2071331  24.01
1960-1969       54      0.00824  0.00821  0.50   85602     703   85250  1985392  23.19
1960-1969       55      0.00907  0.00903  0.50   84899     767   84515  1900142  22.38
1960-1969       56      0.01001  0.00997  0.50   84132     838   83713  1815626  21.58
1960-1969       57      0.01056  0.01051  0.50   83294     875   82856  1731914  20.79
1960-1969       58      0.01181  0.01174  0.50   82419     967   81935  1649057  20.01
1960-1969       59      0.01273  0.01265  0.50   81451    1030   80936  1567122  19.24
1960-1969       60      0.01445  0.01435  0.50   80421    1154   79844  1486186  18.48
1960-1969       61      0.01515  0.01504  0.50   79267    1192   78671  1406342  17.74
1960-1969       62      0.01696  0.01682  0.50   78075    1313   77419  1327671  17.01
1960-1969       63      0.01824  0.01807  0.50   76762    1387   76069  1250252  16.29
1960-1969       64      0.02039  0.02019  0.50   75375    1522   74614  1174183  15.58
1960-1969       65      0.02205  0.02181  0.50   73853    1611   73048  1099569  14.89
1960-1969       66      0.02359  0.02331  0.50   72242    1684   71400  1026521  14.21
1960-1969       67      0.02641  0.02607  0.50   70558    1839   69639   955121  13.54
1960-1969       68      0.02907  0.02866  0.50   68719    1969   67734   885482  12.89
1960-1969       69      0.03075  0.03028  0.50   66750    2021   65739   817748  12.25
1960-1969       70      0.03602  0.03538  0.50   64729    2290   63583   752009  11.62
1960-1969       71      0.03754  0.03685  0.50   62438    2301   61288   688425  11.03
1960-1969       72      0.04344  0.04252  0.50   60137    2557   58859   627137  10.43
1960-1969       73      0.04730  0.04621  0.50   57581    2661   56250   568278   9.87
1960-1969       74      0.05448  0.05303  0.50   54920    2913   53463   512028   9.32
1960-1969       75      0.05815  0.05651  0.50   52007    2939   50538   458565   8.82
1960-1969       76      0.06449  0.06247  0.50   49068    3065   47536   408027   8.32
1960-1969       77      0.06888  0.06659  0.50   46003    3063   44471   360492   7.84
1960-1969       78      0.08020  0.07711  0.50   42940    3311   41284   316020   7.36
1960-1969       79      0.08381  0.08044  0.50   39629    3188   38035   274736   6.93
1960-1969       80      0.09640  0.09196  0.50   36441    3351   34765   236701   6.50
1960-1969       81      0.09980  0.09505  0.50   33090    3145   31517   201936   6.10
1960-1969       82      0.11910  0.11240  0.50   29944    3366   28261   170419   5.69
1960-1969       83      0.12829  0.12056  0.50   26579    3204   24976   142158   5.35
1960-1969       84      0.14118  0.13187  0.50   23374    3082   21833   117181   5.01
1960-1969       85      0.15509  0.14393  0.50   20292    2921   18831    95348   4.70
1960-1969       86      0.17228  0.15861  0.50   17371    2755   15993    76517   4.40
1960-1969       87      0.18563  0.16986  0.50   14616    2483   13374    60523   4.14
1960-1969       88      0.20031  0.18208  0.50   12133    2209   11029    47149   3.89
1960-1969       89      0.22312  0.20073  0.50    9924    1992    8928    36120   3.64
1960-1969       90      0.23787  0.21259  0.50    7932    1686    7089    27192   3.43
1960-1969       91      0.25815  0.22864  0.50    6246    1428    5532    20103   3.22
1960-1969       92      0.28283  0.24779  0.50    4818    1194    4221    14572   3.02
1960-1969       93      0.31209  0.26997  0.50    3624     978    3135    10351   2.86
1960-1969       94      0.31333  0.27089  0.50    2646     717    2287     7216   2.73
1960-1969       95      0.34599  0.29496  0.50    1929     569    1644     4929   2.56
1960-1969       96      0.37058  0.31265  0.50    1360     425    1147     3284   2.42
1960-1969       97      0.39589  0.33047  0.50     935     309     780     2137   2.29
1960-1969       98      0.42180  0.34834  0.50     626     218     517     1357   2.17
1960-1969       99      0.44819  0.36614  0.50     408     149     333      840   2.06
1960-1969      100      0.47492  0.38379  0.50     259      99     209      507   1.96
1960-1969      101      0.50184  0.40118  0.50     159      64     127      298   1.87
1960-1969      102      0.52879  0.41822  0.50      95      40      75      170   1.79
1960-1969      103      0.55563  0.43483  0.50      55      24      43       95   1.71
1960-1969      104      0.58219  0.45093  0.50      31      14      24       52   1.64
1960-1969      105      0.60833  0.46645  0.50      17       8      13       27   1.58
1960-1969      106      0.63390  0.48134  0.50       9       4       7       14   1.52
1960-1969      107      0.65878  0.49555  0.50       5       2       4        7   1.47
1960-1969      108      0.68286  0.50905  0.50       2       1       2        3   1.43
1960-1969      109      0.70602  0.52181  0.50       1       1       1        2   1.40
1960-1969      110+     0.72819  1.00000  1.37       1       1       1        1   1.37
1970-1979        0      0.01747  0.01720  0.11  100000    1720   98474  6974965  69.75
1970-1979        1      0.00204  0.00204  0.50   98280     201   98180  6876490  69.97
1970-1979        2      0.00124  0.00124  0.50   98079     122   98019  6778311  69.11
1970-1979        3      0.00088  0.00088  0.50   97958      87   97914  6680292  68.20
1970-1979        4      0.00080  0.00080  0.50   97871      78   97832  6582378  67.26
1970-1979        5      0.00065  0.00065  0.50   97793      63   97761  6484545  66.31
1970-1979        6      0.00060  0.00060  0.50   97730      59   97700  6386784  65.35
1970-1979        7      0.00061  0.00061  0.50   97671      60   97641  6289084  64.39
1970-1979        8      0.00058  0.00058  0.50   97611      57   97582  6191443  63.43
1970-1979        9      0.00051  0.00051  0.50   97554      50   97529  6093860  62.47
1970-1979       10      0.00059  0.00059  0.50   97504      57   97476  5996331  61.50
1970-1979       11      0.00054  0.00054  0.50   97447      53   97421  5898855  60.53
1970-1979       12      0.00056  0.00056  0.50   97394      54   97367  5801435  59.57
1970-1979       13      0.00047  0.00047  0.50   97340      46   97317  5704067  58.60
1970-1979       14      0.00065  0.00065  0.50   97294      64   97262  5606750  57.63
1970-1979       15      0.00068  0.00068  0.50   97230      66   97197  5509488  56.66
1970-1979       16      0.00079  0.00079  0.50   97164      77   97126  5412291  55.70
1970-1979       17      0.00115  0.00115  0.50   97087     112   97031  5315165  54.75
1970-1979       18      0.00150  0.00150  0.50   96975     145   96903  5218134  53.81
1970-1979       19      0.00129  0.00129  0.50   96830     125   96768  5121231  52.89
1970-1979       20      0.00143  0.00143  0.50   96705     138   96636  5024464  51.96
1970-1979       21      0.00178  0.00177  0.50   96567     171   96481  4927828  51.03
1970-1979       22      0.00190  0.00190  0.50   96395     183   96304  4831347  50.12
1970-1979       23      0.00210  0.00210  0.50   96212     202   96111  4735043  49.21
1970-1979       24      0.00192  0.00192  0.50   96010     184   95918  4638932  48.32
1970-1979       25      0.00212  0.00211  0.50   95826     203   95724  4543014  47.41
1970-1979       26      0.00206  0.00206  0.50   95623     197   95525  4447290  46.51
1970-1979       27      0.00239  0.00238  0.50   95426     227   95313  4351765  45.60
1970-1979       28      0.00235  0.00235  0.50   95199     223   95087  4256453  44.71
1970-1979       29      0.00243  0.00243  0.50   94975     231   94860  4161366  43.82
1970-1979       30      0.00280  0.00280  0.50   94745     265   94612  4066506  42.92
1970-1979       31      0.00265  0.00264  0.50   94479     250   94355  3971894  42.04
1970-1979       32      0.00278  0.00278  0.50   94230     262   94099  3877539  41.15
1970-1979       33      0.00287  0.00287  0.50   93968     269   93833  3783440  40.26
1970-1979       34      0.00303  0.00302  0.50   93699     283   93557  3689607  39.38
1970-1979       35      0.00339  0.00338  0.50   93415     316   93258  3596050  38.50
1970-1979       36      0.00356  0.00355  0.50   93100     330   92935  3502792  37.62
1970-1979       37      0.00372  0.00372  0.50   92769     345   92597  3409858  36.76
1970-1979       38      0.00377  0.00376  0.50   92424     347   92251  3317261  35.89
1970-1979       39      0.00401  0.00400  0.50   92077     369   91893  3225010  35.03
1970-1979       40      0.00450  0.00449  0.50   91708     412   91502  3133117  34.16
1970-1979       41      0.00436  0.00435  0.50   91297     397   91098  3041615  33.32
1970-1979       42      0.00501  0.00500  0.50   90899     454   90672  2950517  32.46
1970-1979       43      0.00500  0.00498  0.50   90445     451   90220  2859844  31.62
1970-1979       44      0.00553  0.00551  0.50   89995     496   89747  2769624  30.78
1970-1979       45      0.00553  0.00552  0.50   89499     494   89252  2679878  29.94
1970-1979       46      0.00577  0.00575  0.50   89005     512   88749  2590626  29.11
1970-1979       47      0.00656  0.00654  0.50   88493     579   88204  2501877  28.27
1970-1979       48      0.00677  0.00674  0.50   87914     593   87618  2413674  27.45
1970-1979       49      0.00682  0.00680  0.50   87321     594   87024  2326056  26.64
1970-1979       50      0.00782  0.00779  0.50   86728     675   86390  2239031  25.82
1970-1979       51      0.00815  0.00811  0.50   86052     698   85703  2152641  25.02
1970-1979       52      0.00866  0.00862  0.50   85354     736   84986  2066938  24.22
1970-1979       53      0.00906  0.00902  0.50   84618     763   84237  1981952  23.42
1970-1979       54      0.01021  0.01015  0.50   83855     852   83429  1897715  22.63
1970-1979       55      0.01112  0.01106  0.50   83003     918   82544  1814286  21.86
1970-1979       56      0.01125  0.01118  0.50   82085     918   81626  1731742  21.10
1970-1979       57      0.01220  0.01213  0.50   81167     985   80675  1650115  20.33
1970-1979       58      0.01301  0.01293  0.50   80183    1036   79665  1569440  19.57
1970-1979       59      0.01426  0.01416  0.50   79146    1120   78586  1489776  18.82
1970-1979       60      0.01591  0.01579  0.50   78026    1232   77410  1411190  18.09
1970-1979       61      0.01643  0.01630  0.50   76794    1251   76168  1333780  17.37
1970-1979       62      0.01845  0.01828  0.50   75543    1381   74852  1257611  16.65
1970-1979       63      0.01964  0.01945  0.50   74161    1442   73440  1182759  15.95
1970-1979       64      0.02190  0.02167  0.50   72719    1576   71931  1109319  15.25
1970-1979       65      0.02378  0.02350  0.50   71144    1672   70308  1037388  14.58
1970-1979       66      0.02549  0.02517  0.50   69472    1749   68597   967080  13.92
1970-1979       67      0.02847  0.02807  0.50   67723    1901   66772   898483  13.27
1970-1979       68      0.03169  0.03120  0.50   65822    2054   64795   831710  12.64
1970-1979       69      0.03401  0.03344  0.50   63768    2133   62702   766915  12.03
1970-1979       70      0.03811  0.03740  0.50   61636    2305   60483   704213  11.43
1970-1979       71      0.04186  0.04100  0.50   59331    2433   58114   643730  10.85
1970-1979       72      0.04566  0.04464  0.50   56898    2540   55628   585616  10.29
1970-1979       73      0.05113  0.04985  0.50   54358    2710   53003   529988   9.75
1970-1979       74      0.05532  0.05383  0.50   51648    2780   50258   476984   9.24
1970-1979       75      0.05991  0.05817  0.50   48868    2843   47447   426726   8.73
1970-1979       76      0.06812  0.06588  0.50   46025    3032   44509   379280   8.24
1970-1979       77      0.07342  0.07082  0.50   42993    3045   41471   334771   7.79
1970-1979       78      0.08137  0.07819  0.50   39949    3124   38387   293300   7.34
1970-1979       79      0.09047  0.08656  0.50   36825    3187   35231   254913   6.92
1970-1979       80      0.09810  0.09351  0.50   33638    3146   32065   219682   6.53
1970-1979       81      0.10661  0.10121  0.50   30492    3086   28949   187617   6.15
1970-1979       82      0.11346  0.10737  0.50   27406    2943   25935   158668   5.79
1970-1979       83      0.12746  0.11982  0.50   24463    2931   22998   132734   5.43
1970-1979       84      0.13796  0.12905  0.50   21532    2779   20143   109736   5.10
1970-1979       85      0.15258  0.14176  0.50   18753    2659   17424    89593   4.78
1970-1979       86      0.16655  0.15375  0.50   16095    2474   14857    72169   4.48
1970-1979       87      0.18185  0.16669  0.50   13620    2270   12485    57312   4.21
1970-1979       88      0.20211  0.18356  0.50   11350    2083   10308    44827   3.95
1970-1979       89      0.21661  0.19545  0.50    9266    1811    8361    34519   3.73
1970-1979       90      0.23679  0.21173  0.50    7455    1578    6666    26158   3.51
1970-1979       91      0.25403  0.22540  0.50    5877    1325    5215    19492   3.32
1970-1979       92      0.26877  0.23693  0.50    4552    1079    4013    14277   3.14
1970-1979       93      0.29094  0.25399  0.50    3474     882    3032    10264   2.95
1970-1979       94      0.30971  0.26818  0.50    2591     695    2244     7232   2.79
1970-1979       95      0.33503  0.28696  0.50    1896     544    1624     4988   2.63
1970-1979       96      0.35859  0.30407  0.50    1352     411    1147     3364   2.49
1970-1979       97      0.38288  0.32136  0.50     941     302     790     2217   2.36
1970-1979       98      0.40779  0.33872  0.50     639     216     530     1427   2.24
1970-1979       99      0.43320  0.35608  0.50     422     150     347      897   2.12
1970-1979      100      0.45899  0.37332  0.50     272     102     221      550   2.02
1970-1979      101      0.48502  0.39036  0.50     170      67     137      329   1.93
1970-1979      102      0.51114  0.40710  0.50     104      42      83      191   1.84
1970-1979      103      0.53722  0.42347  0.50      62      26      49      109   1.76
1970-1979      104      0.56310  0.43939  0.50      36      16      28       60   1.69
1970-1979      105      0.58864  0.45479  0.50      20       9      15       32   1.63
1970-1979      106      0.61372  0.46961  0.50      11       5       8       17   1.57
1970-1979      107      0.63821  0.48382  0.50       6       3       4        9   1.52
1970-1979      108      0.66201  0.49737  0.50       3       1       2        4   1.47
1970-1979      109      0.68500  0.51024  0.50       1       1       1        2   1.44
1970-1979      110+     0.70713  1.00000  1.41       1       1       1        1   1.41
1980-1989        0      0.01332  0.01317  0.12  100000    1317   98843  6996458  69.96
1980-1989        1      0.00191  0.00190  0.50   98683     188   98589  6897615  69.90
1980-1989        2      0.00103  0.00103  0.50   98495     101   98444  6799026  69.03
1980-1989        3      0.00083  0.00083  0.50   98394      82   98353  6700582  68.10
1980-1989        4      0.00078  0.00078  0.50   98312      76   98274  6602229  67.16
1980-1989        5      0.00066  0.00066  0.50   98236      65   98203  6503955  66.21
1980-1989        6      0.00060  0.00060  0.50   98171      59   98141  6405752  65.25
1980-1989        7      0.00057  0.00057  0.50   98111      56   98083  6307611  64.29
1980-1989        8      0.00057  0.00057  0.50   98055      56   98027  6209527  63.33
1980-1989        9      0.00052  0.00052  0.50   97999      51   97974  6111500  62.36
1980-1989       10      0.00046  0.00046  0.50   97948      45   97926  6013526  61.40
1980-1989       11      0.00043  0.00043  0.50   97903      42   97882  5915601  60.42
1980-1989       12      0.00058  0.00058  0.50   97862      57   97833  5817719  59.45
1980-1989       13      0.00045  0.00045  0.50   97805      44   97783  5719885  58.48
1980-1989       14      0.00061  0.00061  0.50   97761      60   97731  5622102  57.51
1980-1989       15      0.00060  0.00060  0.50   97701      58   97672  5524372  56.54
1980-1989       16      0.00082  0.00082  0.50   97642      80   97602  5426700  55.58
1980-1989       17      0.00118  0.00118  0.50   97562     115   97505  5329098  54.62
1980-1989       18      0.00139  0.00139  0.50   97447     135   97380  5231593  53.69
1980-1989       19      0.00131  0.00131  0.50   97312     127   97249  5134213  52.76
1980-1989       20      0.00121  0.00121  0.50   97185     118   97126  5036964  51.83
1980-1989       21      0.00161  0.00161  0.50   97067     156   96989  4939838  50.89
1980-1989       22      0.00156  0.00156  0.50   96911     151   96836  4842849  49.97
1980-1989       23      0.00170  0.00170  0.50   96760     164   96678  4746013  49.05
1980-1989       24      0.00167  0.00167  0.50   96596     161   96515  4649335  48.13
1980-1989       25      0.00188  0.00187  0.50   96435     181   96344  4552819  47.21
1980-1989       26      0.00179  0.00179  0.50   96254     172   96168  4456475  46.30
1980-1989       27      0.00203  0.00203  0.50   96082     195   95984  4360307  45.38
1980-1989       28      0.00186  0.00186  0.50   95887     178   95798  4264323  44.47
1980-1989       29      0.00213  0.00213  0.50   95708     204   95607  4168525  43.55
1980-1989       30      0.00241  0.00241  0.50   95505     230   95390  4072918  42.65
1980-1989       31      0.00239  0.00239  0.50   95275     228   95161  3977529  41.75
1980-1989       32      0.00235  0.00234  0.50   95047     223   94936  3882368  40.85
1980-1989       33      0.00256  0.00256  0.50   94824     243   94703  3787432  39.94
1980-1989       34      0.00272  0.00272  0.50   94582     257   94453  3692729  39.04
1980-1989       35      0.00291  0.00290  0.50   94324     274   94187  3598276  38.15
1980-1989       36      0.00324  0.00323  0.50   94051     304   93899  3504089  37.26
1980-1989       37      0.00328  0.00327  0.50   93747     307   93593  3410190  36.38
1980-1989       38      0.00380  0.00379  0.50   93440     354   93263  3316597  35.49
1980-1989       39      0.00396  0.00395  0.50   93086     368   92902  3223334  34.63
1980-1989       40      0.00440  0.00440  0.50   92718     408   92514  3130432  33.76
1980-1989       41      0.00492  0.00491  0.50   92311     453   92084  3037918  32.91
1980-1989       42      0.00492  0.00491  0.50   91858     451   91632  2945834  32.07
1980-1989       43      0.00530  0.00529  0.50   91407     483   91165  2854202  31.23
1980-1989       44      0.00563  0.00561  0.50   90924     510   90669  2763036  30.39
1980-1989       45      0.00603  0.00602  0.50   90414     544   90142  2672368  29.56
1980-1989       46      0.00632  0.00630  0.50   89870     566   89587  2582226  28.73
1980-1989       47      0.00680  0.00678  0.50   89304     605   89001  2492639  27.91
1980-1989       48      0.00719  0.00717  0.50   88698     636   88380  2403638  27.10
1980-1989       49      0.00769  0.00766  0.50   88063     675   87725  2315258  26.29
1980-1989       50      0.00857  0.00853  0.50   87388     746   87015  2227533  25.49
1980-1989       51      0.00918  0.00914  0.50   86642     792   86246  2140518  24.71
1980-1989       52      0.00970  0.00966  0.50   85851     829   85436  2054271  23.93
1980-1989       53      0.01032  0.01027  0.50   85022     873   84585  1968835  23.16
1980-1989       54      0.01129  0.01123  0.50   84149     945   83676  1884250  22.39
1980-1989       55      0.01195  0.01188  0.50   83204     989   82709  1800574  21.64
1980-1989       56      0.01289  0.01281  0.50   82215    1053   81688  1717864  20.89
1980-1989       57      0.01341  0.01333  0.50   81162    1082   80621  1636176  20.16
1980-1989       58      0.01443  0.01432  0.50   80080    1147   79507  1555555  19.42
1980-1989       59      0.01526  0.01514  0.50   78933    1195   78336  1476048  18.70
1980-1989       60      0.01715  0.01700  0.50   77738    1322   77077  1397712  17.98
1980-1989       61      0.01754  0.01739  0.50   76416    1329   75752  1320635  17.28
1980-1989       62      0.01936  0.01917  0.50   75088    1439   74368  1244883  16.58
1980-1989       63      0.02092  0.02071  0.50   73648    1525   72886  1170515  15.89
1980-1989       64      0.02217  0.02193  0.50   72123    1582   71332  1097630  15.22
1980-1989       65      0.02421  0.02392  0.50   70542    1687   69698  1026297  14.55
1980-1989       66      0.02708  0.02671  0.50   68854    1839   67934   956599  13.89
1980-1989       67      0.02888  0.02847  0.50   67015    1908   66061   888665  13.26
1980-1989       68      0.03154  0.03105  0.50   65107    2021   64096   822604  12.63
1980-1989       69      0.03430  0.03372  0.50   63085    2127   62022   758508  12.02
1980-1989       70      0.03711  0.03644  0.50   60958    2221   59847   696486  11.43
1980-1989       71      0.04194  0.04108  0.50   58737    2413   57530   636639  10.84
1980-1989       72      0.04594  0.04491  0.50   56324    2529   55059   579109  10.28
1980-1989       73      0.05046  0.04922  0.50   53795    2648   52471   524049   9.74
1980-1989       74      0.05512  0.05365  0.50   51147    2744   49775   471578   9.22
1980-1989       75      0.06019  0.05843  0.50   48403    2828   46989   421803   8.71
1980-1989       76      0.06736  0.06516  0.50   45575    2970   44090   374814   8.22
1980-1989       77      0.07369  0.07107  0.50   42605    3028   41091   330724   7.76
1980-1989       78      0.07931  0.07628  0.50   39577    3019   38068   289633   7.32
1980-1989       79      0.08825  0.08452  0.50   36558    3090   35013   251566   6.88
1980-1989       80      0.09824  0.09364  0.50   33468    3134   31901   216553   6.47
1980-1989       81      0.10775  0.10225  0.50   30334    3102   28783   184652   6.09
1980-1989       82      0.11797  0.11140  0.50   27233    3034   25716   155868   5.72
1980-1989       83      0.12995  0.12202  0.50   24199    2953   22723   130152   5.38
1980-1989       84      0.14225  0.13281  0.50   21246    2822   19835   107430   5.06
1980-1989       85      0.15659  0.14522  0.50   18424    2676   17087    87595   4.75
1980-1989       86      0.16896  0.15579  0.50   15749    2454   14522    70508   4.48
1980-1989       87      0.18436  0.16880  0.50   13295    2244   12173    55986   4.21
1980-1989       88      0.20368  0.18486  0.50   11051    2043   10030    43813   3.96
1980-1989       89      0.21768  0.19631  0.50    9008    1768    8124    33783   3.75
1980-1989       90      0.23194  0.20784  0.50    7240    1505    6487    25659   3.54
1980-1989       91      0.24909  0.22150  0.50    5735    1270    5100    19171   3.34
1980-1989       92      0.26383  0.23308  0.50    4465    1041    3944    14071   3.15
1980-1989       93      0.29350  0.25594  0.50    3424     876    2986    10127   2.96
1980-1989       94      0.30452  0.26428  0.50    2548     673    2211     7141   2.80
1980-1989       95      0.33526  0.28713  0.50    1874     538    1605     4930   2.63
1980-1989       96      0.35874  0.30418  0.50    1336     406    1133     3325   2.49
1980-1989       97      0.38293  0.32140  0.50     930     299     780     2192   2.36
1980-1989       98      0.40773  0.33868  0.50     631     214     524     1411   2.24
1980-1989       99      0.43298  0.35593  0.50     417     149     343      887   2.13
1980-1989      100      0.45857  0.37304  0.50     269     100     219      544   2.02
1980-1989      101      0.48435  0.38992  0.50     168      66     136      326   1.93
1980-1989      102      0.51016  0.40648  0.50     103      42      82      190   1.85
1980-1989      103      0.53585  0.42262  0.50      61      26      48      108   1.77
1980-1989      104      0.56128  0.43828  0.50      35      15      28       60   1.70
1980-1989      105      0.58629  0.45338  0.50      20       9      15       32   1.64
1980-1989      106      0.61076  0.46788  0.50      11       5       8       17   1.58
1980-1989      107      0.63457  0.48172  0.50       6       3       4        9   1.53
1980-1989      108      0.65760  0.49488  0.50       3       1       2        4   1.48
1980-1989      109      0.67975  0.50732  0.50       2       1       1        2   1.45
1980-1989      110+     0.70096  1.00000  1.43       1       1       1        1   1.43
1990-1999        0      0.01492  0.01472  0.12  100000    1472   98703  6809009  68.09
1990-1999        1      0.00138  0.00138  0.50   98528     136   98460  6710306  68.11
1990-1999        2      0.00098  0.00098  0.50   98392      96   98344  6611847  67.20
1990-1999        3      0.00078  0.00078  0.50   98295      76   98257  6513503  66.26
1990-1999        4      0.00070  0.00070  0.50   98219      68   98185  6415246  65.32
1990-1999        5      0.00061  0.00061  0.50   98151      60   98121  6317061  64.36
1990-1999        6      0.00057  0.00057  0.50   98091      56   98063  6218940  63.40
1990-1999        7      0.00049  0.00049  0.50   98035      48   98011  6120877  62.44
1990-1999        8      0.00046  0.00046  0.50   97987      45   97965  6022866  61.47
1990-1999        9      0.00041  0.00041  0.50   97942      40   97922  5924901  60.49
1990-1999       10      0.00044  0.00044  0.50   97902      43   97881  5826979  59.52
1990-1999       11      0.00038  0.00038  0.50   97859      37   97841  5729098  58.54
1990-1999       12      0.00041  0.00041  0.50   97822      40   97802  5631257  57.57
1990-1999       13      0.00047  0.00047  0.50   97782      46   97760  5533455  56.59
1990-1999       14      0.00054  0.00054  0.50   97737      53   97711  5435695  55.62
1990-1999       15      0.00074  0.00074  0.50   97684      72   97648  5337985  54.65
1990-1999       16      0.00088  0.00088  0.50   97612      86   97569  5240337  53.69
1990-1999       17      0.00120  0.00120  0.50   97525     117   97467  5142768  52.73
1990-1999       18      0.00139  0.00139  0.50   97409     135   97341  5045301  51.80
1990-1999       19      0.00173  0.00173  0.50   97274     168   97190  4947960  50.87
1990-1999       20      0.00165  0.00165  0.50   97106     160   97026  4850770  49.95
1990-1999       21      0.00169  0.00168  0.50   96946     163   96864  4753745  49.04
1990-1999       22      0.00192  0.00191  0.50   96782     185   96690  4656881  48.12
1990-1999       23      0.00199  0.00198  0.50   96597     192   96501  4560191  47.21
1990-1999       24      0.00192  0.00192  0.50   96405     185   96313  4463690  46.30
1990-1999       25      0.00210  0.00209  0.50   96220     201   96120  4367377  45.39
1990-1999       26      0.00210  0.00210  0.50   96019     202   95918  4271257  44.48
1990-1999       27      0.00229  0.00228  0.50   95817     219   95708  4175339  43.58
1990-1999       28      0.00251  0.00251  0.50   95598     240   95478  4079631  42.67
1990-1999       29      0.00283  0.00283  0.50   95359     270   95224  3984153  41.78
1990-1999       30      0.00293  0.00293  0.50   95089     278   94949  3888929  40.90
1990-1999       31      0.00285  0.00284  0.50   94810     270   94675  3793980  40.02
1990-1999       32      0.00302  0.00302  0.50   94541     286   94398  3699304  39.13
1990-1999       33      0.00318  0.00317  0.50   94255     299   94106  3604907  38.25
1990-1999       34      0.00368  0.00367  0.50   93956     345   93784  3510801  37.37
1990-1999       35      0.00378  0.00377  0.50   93612     353   93435  3417017  36.50
1990-1999       36      0.00407  0.00406  0.50   93258     379   93069  3323582  35.64
1990-1999       37      0.00424  0.00423  0.50   92879     393   92683  3230513  34.78
1990-1999       38      0.00464  0.00463  0.50   92487     428   92272  3137830  33.93
1990-1999       39      0.00519  0.00518  0.50   92058     477   91820  3045558  33.08
1990-1999       40      0.00611  0.00609  0.50   91581     558   91302  2953738  32.25
1990-1999       41      0.00574  0.00572  0.50   91024     521   90763  2862436  31.45
1990-1999       42      0.00623  0.00621  0.50   90503     562   90222  2771673  30.63
1990-1999       43      0.00690  0.00687  0.50   89941     618   89632  2681451  29.81
1990-1999       44      0.00772  0.00769  0.50   89323     687   88979  2591819  29.02
1990-1999       45      0.00825  0.00822  0.50   88636     728   88271  2502840  28.24
1990-1999       46      0.00873  0.00869  0.50   87907     764   87525  2414569  27.47
1990-1999       47      0.00885  0.00881  0.50   87143     768   86759  2327043  26.70
1990-1999       48      0.00978  0.00973  0.50   86376     841   85955  2240284  25.94
1990-1999       49      0.01108  0.01102  0.50   85535     942   85064  2154329  25.19
1990-1999       50      0.01201  0.01194  0.50   84593    1010   84087  2069265  24.46
1990-1999       51      0.01211  0.01204  0.50   83582    1006   83079  1985177  23.75
1990-1999       52      0.01286  0.01278  0.50   82576    1055   82048  1902098  23.03
1990-1999       53      0.01389  0.01380  0.50   81521    1125   80958  1820050  22.33
1990-1999       54      0.01502  0.01491  0.50   80396    1199   79797  1739091  21.63
1990-1999       55      0.01531  0.01519  0.50   79197    1203   78596  1659294  20.95
1990-1999       56      0.01561  0.01549  0.50   77994    1208   77390  1580699  20.27
1990-1999       57      0.01753  0.01737  0.50   76786    1334   76119  1503308  19.58
1990-1999       58      0.01809  0.01792  0.50   75452    1352   74776  1427189  18.92
1990-1999       59      0.01958  0.01939  0.50   74100    1437   73381  1352413  18.25
1990-1999       60      0.02102  0.02080  0.50   72663    1511   71907  1279032  17.60
1990-1999       61      0.02179  0.02156  0.50   71152    1534   70385  1207125  16.97
1990-1999       62      0.02342  0.02315  0.50   69618    1612   68812  1136740  16.33
1990-1999       63      0.02483  0.02452  0.50   68006    1668   67172  1067929  15.70
1990-1999       64      0.02649  0.02615  0.50   66338    1735   65471  1000756  15.09
1990-1999       65      0.02792  0.02754  0.50   64604    1779   63714   935285  14.48
1990-1999       66      0.03012  0.02967  0.50   62825    1864   61893   871571  13.87
1990-1999       67      0.03205  0.03155  0.50   60961    1923   59999   809678  13.28
1990-1999       68      0.03351  0.03296  0.50   59038    1946   58065   749679  12.70
1990-1999       69      0.03572  0.03509  0.50   57092    2003   56090   691614  12.11
1990-1999       70      0.03896  0.03822  0.50   55088    2105   54036   635524  11.54
1990-1999       71      0.04145  0.04061  0.50   52983    2152   51907   581489  10.97
1990-1999       72      0.04516  0.04417  0.50   50832    2245   49709   529581  10.42
1990-1999       73      0.04905  0.04787  0.50   48586    2326   47423   479872   9.88
1990-1999       74      0.05250  0.05116  0.50   46261    2367   45077   432449   9.35
1990-1999       75      0.05769  0.05607  0.50   43894    2461   42663   387372   8.83
1990-1999       76      0.06328  0.06134  0.50   41433    2542   40162   344708   8.32
1990-1999       77      0.06879  0.06650  0.50   38891    2586   37598   304546   7.83
1990-1999       78      0.07718  0.07431  0.50   36305    2698   34956   266948   7.35
1990-1999       79      0.08499  0.08153  0.50   33607    2740   32237   231992   6.90
1990-1999       80      0.09510  0.09078  0.50   30867    2802   29466   199755   6.47
1990-1999       81      0.10655  0.10116  0.50   28065    2839   26646   170289   6.07
1990-1999       82      0.11490  0.10866  0.50   25226    2741   23855   143643   5.69
1990-1999       83      0.12641  0.11889  0.50   22485    2673   21148   119788   5.33
1990-1999       84      0.14096  0.13168  0.50   19812    2609   18507    98640   4.98
1990-1999       85      0.15371  0.14274  0.50   17203    2456   15975    80132   4.66
1990-1999       86      0.16840  0.15533  0.50   14747    2291   13602    64157   4.35
1990-1999       87      0.18795  0.17181  0.50   12457    2140   11387    50555   4.06
1990-1999       88      0.20393  0.18506  0.50   10317    1909    9362    39168   3.80
1990-1999       89      0.22593  0.20300  0.50    8407    1707    7554    29806   3.55
1990-1999       90      0.24085  0.21497  0.50    6701    1440    5981    22252   3.32
1990-1999       91      0.26574  0.23457  0.50    5260    1234    4643    16272   3.09
1990-1999       92      0.29382  0.25619  0.50    4026    1032    3511    11628   2.89
1990-1999       93      0.32304  0.27812  0.50    2995     833    2578     8118   2.71
1990-1999       94      0.34534  0.29449  0.50    2162     637    1844     5539   2.56
1990-1999       95      0.36570  0.30917  0.50    1525     472    1289     3696   2.42
1990-1999       96      0.39309  0.32852  0.50    1054     346     881     2406   2.28
1990-1999       97      0.42126  0.34797  0.50     708     246     584     1526   2.16
1990-1999       98      0.45004  0.36737  0.50     461     169     377      941   2.04
1990-1999       99      0.47924  0.38660  0.50     292     113     235      565   1.93
1990-1999      100      0.50867  0.40553  0.50     179      73     143      329   1.84
1990-1999      101      0.53813  0.42403  0.50     106      45      84      186   1.75
1990-1999      102      0.56739  0.44200  0.50      61      27      48      103   1.67
1990-1999      103      0.59626  0.45932  0.50      34      16      26       55   1.60
1990-1999      104      0.62455  0.47593  0.50      18       9      14       28   1.54
1990-1999      105      0.65207  0.49174  0.50      10       5       7       14   1.48
1990-1999      106      0.67866  0.50672  0.50       5       2       4        7   1.43
1990-1999      107      0.70419  0.52082  0.50       2       1       2        3   1.38
1990-1999      108      0.72855  0.53402  0.50       1       1       1        2   1.35
1990-1999      109      0.75165  0.54632  0.50       1       0       0        1   1.31
1990-1999      110+     0.77342  1.00000  1.29       0       0       0        0   1.29
2000-2009        0      0.00883  0.00876  0.13  100000     876   99239  7085054  70.85
2000-2009        1      0.00080  0.00080  0.50   99124      79   99084  6985816  70.48
2000-2009        2      0.00058  0.00058  0.50   99044      57   99015  6886732  69.53
2000-2009        3      0.00035  0.00035  0.50   98987      35   98969  6787716  68.57
2000-2009        4      0.00041  0.00041  0.50   98952      41   98932  6688747  67.60
2000-2009        5      0.00043  0.00043  0.50   98911      43   98890  6589815  66.62
2000-2009        6      0.00031  0.00031  0.50   98869      30   98853  6490925  65.65
2000-2009        7      0.00034  0.00034  0.50   98838      34   98821  6392072  64.67
2000-2009        8      0.00030  0.00030  0.50   98805      30   98790  6293251  63.69
2000-2009        9      0.00031  0.00031  0.50   98775      31   98760  6194461  62.71
2000-2009       10      0.00027  0.00027  0.50   98744      27   98731  6095701  61.73
2000-2009       11      0.00023  0.00023  0.50   98718      22   98707  5996970  60.75
2000-2009       12      0.00028  0.00028  0.50   98696      27   98682  5898263  59.76
2000-2009       13      0.00027  0.00027  0.50   98668      27   98655  5799582  58.78
2000-2009       14      0.00033  0.00033  0.50   98641      32   98625  5700927  57.79
2000-2009       15      0.00044  0.00044  0.50   98609      43   98588  5602302  56.81
2000-2009       16      0.00062  0.00062  0.50   98566      61   98535  5503714  55.84
2000-2009       17      0.00068  0.00068  0.50   98505      67   98472  5405179  54.87
2000-2009       18      0.00092  0.00092  0.50   98438      90   98393  5306707  53.91
2000-2009       19      0.00098  0.00098  0.50   98348      96   98300  5208314  52.96
2000-2009       20      0.00111  0.00111  0.50   98252     109   98197  5110014  52.01
2000-2009       21      0.00113  0.00113  0.50   98143     111   98087  5011817  51.07
2000-2009       22      0.00127  0.00126  0.50   98032     124   97970  4913730  50.12
2000-2009       23      0.00127  0.00127  0.50   97908     124   97846  4815760  49.19
2000-2009       24      0.00143  0.00143  0.50   97784     140   97714  4717914  48.25
2000-2009       25      0.00144  0.00144  0.50   97644     141   97573  4620200  47.32
2000-2009       26      0.00155  0.00155  0.50   97503     151   97427  4522627  46.38
2000-2009       27      0.00165  0.00164  0.50   97352     160   97272  4425200  45.46
2000-2009       28      0.00178  0.00178  0.50   97192     173   97105  4327928  44.53
2000-2009       29      0.00218  0.00218  0.50   97018     212   96913  4230823  43.61
2000-2009       30      0.00192  0.00191  0.50   96807     185   96714  4133911  42.70
2000-2009       31      0.00210  0.00210  0.50   96621     203   96520  4037197  41.78
2000-2009       32      0.00248  0.00248  0.50   96419     239   96299  3940677  40.87
2000-2009       33      0.00242  0.00241  0.50   96180     232   96064  3844378  39.97
2000-2009       34      0.00294  0.00294  0.50   95948     282   95807  3748314  39.07
2000-2009       35      0.00286  0.00285  0.50   95665     273   95529  3652507  38.18
2000-2009       36      0.00314  0.00314  0.50   95393     299   95243  3556978  37.29
2000-2009       37      0.00346  0.00345  0.50   95093     328   94929  3461735  36.40
2000-2009       38      0.00366  0.00366  0.50   94765     347   94592  3366806  35.53
2000-2009       39      0.00442  0.00442  0.50   94419     417   94210  3272214  34.66
2000-2009       40      0.00431  0.00430  0.50   94002     404   93800  3178003  33.81
2000-2009       41      0.00433  0.00432  0.50   93598     404   93396  3084204  32.95
2000-2009       42      0.00516  0.00515  0.50   93194     480   92954  2990808  32.09
2000-2009       43      0.00536  0.00535  0.50   92714     496   92466  2897854  31.26
2000-2009       44      0.00608  0.00606  0.50   92218     559   91938  2805388  30.42
2000-2009       45      0.00648  0.00646  0.50   91659     592   91363  2713450  29.60
2000-2009       46      0.00687  0.00685  0.50   91067     623   90755  2622087  28.79
2000-2009       47      0.00747  0.00745  0.50   90443     673   90106  2531332  27.99
2000-2009       48      0.00761  0.00758  0.50   89770     680   89430  2441226  27.19
2000-2009       49      0.00972  0.00968  0.50   89090     862   88658  2351796  26.40
2000-2009       50      0.00953  0.00949  0.50   88227     837   87809  2263138  25.65
2000-2009       51      0.01003  0.00998  0.50   87390     872   86954  2175329  24.89
2000-2009       52      0.01101  0.01095  0.50   86518     947   86045  2088375  24.14
2000-2009       53      0.01173  0.01166  0.50   85571     998   85072  2002330  23.40
2000-2009       54      0.01308  0.01300  0.50   84573    1099   84023  1917258  22.67
2000-2009       55      0.01315  0.01307  0.50   83474    1091   82928  1833235  21.96
2000-2009       56      0.01453  0.01442  0.50   82383    1188   81789  1750307  21.25
2000-2009       57      0.01522  0.01510  0.50   81195    1226   80582  1668518  20.55
2000-2009       58      0.01618  0.01605  0.50   79969    1284   79327  1587936  19.86
2000-2009       59      0.01832  0.01816  0.50   78685    1429   77970  1508610  19.17
2000-2009       60      0.01850  0.01833  0.50   77256    1416   76548  1430639  18.52
2000-2009       61      0.01938  0.01919  0.50   75840    1456   75112  1354091  17.85
2000-2009       62      0.02129  0.02107  0.50   74384    1567   73601  1278979  17.19
2000-2009       63      0.02268  0.02242  0.50   72817    1633   72001  1205379  16.55
2000-2009       64      0.02427  0.02398  0.50   71184    1707   70331  1133378  15.92
2000-2009       65      0.02537  0.02505  0.50   69478    1740   68607  1063047  15.30
2000-2009       66      0.02601  0.02567  0.50   67737    1739   66868   994440  14.68
2000-2009       67      0.02831  0.02791  0.50   65998    1842   65077   927572  14.05
2000-2009       68      0.03010  0.02966  0.50   64156    1903   63205   862495  13.44
2000-2009       69      0.03226  0.03175  0.50   62254    1976   61265   799290  12.84
2000-2009       70      0.03447  0.03389  0.50   60277    2043   59256   738024  12.24
2000-2009       71      0.03716  0.03648  0.50   58234    2124   57172   678769  11.66
2000-2009       72      0.04056  0.03975  0.50   56110    2230   54995   621596  11.08
2000-2009       73      0.04468  0.04370  0.50   53880    2355   52702   566602  10.52
2000-2009       74      0.04865  0.04749  0.50   51525    2447   50302   513899   9.97
2000-2009       75      0.05260  0.05125  0.50   49078    2515   47821   463598   9.45
2000-2009       76      0.05706  0.05548  0.50   46563    2583   45271   415777   8.93
2000-2009       77      0.06114  0.05933  0.50   43980    2609   42675   370506   8.42
2000-2009       78      0.06721  0.06503  0.50   41370    2690   40025   327831   7.92
2000-2009       79      0.07364  0.07102  0.50   38680    2747   37307   287805   7.44
2000-2009       80      0.08367  0.08031  0.50   35933    2886   34490   250499   6.97
2000-2009       81      0.09213  0.08808  0.50   33047    2911   31592   216009   6.54
2000-2009       82      0.10059  0.09577  0.50   30137    2886   28694   184417   6.12
2000-2009       83      0.11287  0.10684  0.50   27250    2912   25795   155723   5.71
2000-2009       84      0.12513  0.11776  0.50   24339    2866   22906   129929   5.34
2000-2009       85      0.13525  0.12669  0.50   21473    2720   20113   107023   4.98
2000-2009       86      0.15639  0.14505  0.50   18752    2720   17392    86910   4.63
2000-2009       87      0.16915  0.15596  0.50   16032    2500   14782    69518   4.34
2000-2009       88      0.18422  0.16869  0.50   13532    2283   12391    54736   4.04
2000-2009       89      0.20634  0.18704  0.50   11249    2104   10197    42345   3.76
2000-2009       90      0.22558  0.20271  0.50    9145    1854    8218    32148   3.52
2000-2009       91      0.25104  0.22304  0.50    7291    1626    6478    23929   3.28
2000-2009       92      0.26737  0.23585  0.50    5665    1336    4997    17451   3.08
2000-2009       93      0.29225  0.25499  0.50    4329    1104    3777    12454   2.88
2000-2009       94      0.32239  0.27764  0.50    3225     895    2777     8677   2.69
2000-2009       95      0.34506  0.29429  0.50    2330     686    1987     5900   2.53
2000-2009       96      0.37265  0.31412  0.50    1644     516    1386     3913   2.38
2000-2009       97      0.40114  0.33412  0.50    1128     377     939     2527   2.24
2000-2009       98      0.43035  0.35415  0.50     751     266     618     1588   2.11
2000-2009       99      0.46008  0.37404  0.50     485     181     394      970   2.00
2000-2009      100      0.49014  0.39366  0.50     304     120     244      575   1.90
2000-2009      101      0.52028  0.41288  0.50     184      76     146      332   1.80
2000-2009      102      0.55030  0.43156  0.50     108      47      85      186   1.72
2000-2009      103      0.57998  0.44960  0.50      61      28      48      101   1.64
2000-2009      104      0.60909  0.46690  0.50      34      16      26       53   1.57
2000-2009      105      0.63746  0.48339  0.50      18       9      14       27   1.51
2000-2009      106      0.66491  0.49901  0.50       9       5       7       14   1.46
2000-2009      107      0.69128  0.51372  0.50       5       2       3        7   1.41
2000-2009      108      0.71647  0.52750  0.50       2       1       2        3   1.37
2000-2009      109      0.74036  0.54034  0.50       1       1       1        1   1.33
2000-2009      110+     0.76291  1.00000  1.31       0       0       1        1   1.31
2010-2019        0      0.00450  0.00448  0.14  100000     448   99615  7440000  74.40
2010-2019        1      0.00039  0.00039  0.50   99552      39   99533  7340385  73.73
2010-2019        2      0.00021  0.00021  0.50   99513      21   99503  7240852  72.76
2010-2019        3      0.00023  0.00023  0.50   99492      23   99481  7141349  71.78
2010-2019        4      0.00019  0.00019  0.50   99469      19   99460  7041869  70.79
2010-2019        5      0.00017  0.00017  0.50   99451      17   99442  6942409  69.81
2010-2019        6      0.00015  0.00015  0.50   99433      15   99426  6842967  68.82
2010-2019        7      0.00019  0.00019  0.50   99418      19   99409  6743541  67.83
2010-2019        8      0.00014  0.00014  0.50   99399      13   99393  6644132  66.84
2010-2019        9      0.00015  0.00015  0.50   99386      15   99378  6544740  65.85
2010-2019       10      0.00016  0.00016  0.50   99371      16   99363  6445361  64.86
2010-2019       11      0.00017  0.00017  0.50   99355      17   99347  6345998  63.87
2010-2019       12      0.00020  0.00020  0.50   99338      20   99328  6246652  62.88
2010-2019       13      0.00015  0.00015  0.50   99318      15   99311  6147324  61.90
2010-2019       14      0.00024  0.00024  0.50   99303      24   99292  6048013  60.90
2010-2019       15      0.00024  0.00024  0.50   99280      24   99268  5948721  59.92
2010-2019       16      0.00047  0.00047  0.50   99256      46   99233  5849453  58.93
2010-2019       17      0.00042  0.00042  0.50   99209      41   99189  5750221  57.96
2010-2019       18      0.00056  0.00056  0.50   99168      56   99140  5651032  56.98
2010-2019       19      0.00083  0.00083  0.50   99112      82   99071  5551892  56.02
2010-2019       20      0.00075  0.00075  0.50   99031      74   98993  5452821  55.06
2010-2019       21      0.00077  0.00077  0.50   98956      76   98918  5353827  54.10
2010-2019       22      0.00076  0.00076  0.50   98880      75   98842  5254909  53.14
2010-2019       23      0.00085  0.00085  0.50   98805      84   98763  5156067  52.18
2010-2019       24      0.00079  0.00079  0.50   98721      78   98682  5057304  51.23
2010-2019       25      0.00101  0.00101  0.50   98643     100   98593  4958623  50.27
2010-2019       26      0.00093  0.00093  0.50   98543      92   98497  4860030  49.32
2010-2019       27      0.00122  0.00122  0.50   98451     120   98390  4761533  48.36
2010-2019       28      0.00115  0.00115  0.50   98330     113   98274  4663143  47.42
2010-2019       29      0.00134  0.00134  0.50   98217     131   98152  4564869  46.48
2010-2019       30      0.00143  0.00143  0.50   98086     140   98016  4466718  45.54
2010-2019       31      0.00155  0.00155  0.50   97946     152   97870  4368702  44.60
2010-2019       32      0.00164  0.00164  0.50   97795     160   97714  4270831  43.67
2010-2019       33      0.00199  0.00199  0.50   97634     194   97537  4173117  42.74
2010-2019       34      0.00207  0.00207  0.50   97440     201   97339  4075580  41.83
2010-2019       35      0.00225  0.00225  0.50   97239     219   97129  3978240  40.91
2010-2019       36      0.00212  0.00212  0.50   97020     205   96917  3881111  40.00
2010-2019       37      0.00253  0.00253  0.50   96814     245   96692  3784194  39.09
2010-2019       38      0.00273  0.00272  0.50   96570     263   96438  3687502  38.18
2010-2019       39      0.00291  0.00291  0.50   96307     280   96167  3591063  37.29
2010-2019       40      0.00348  0.00347  0.50   96027     334   95860  3494897  36.39
2010-2019       41      0.00336  0.00335  0.50   95693     321   95533  3399036  35.52
2010-2019       42      0.00353  0.00352  0.50   95372     336   95205  3303503  34.64
2010-2019       43      0.00401  0.00400  0.50   95037     381   94847  3208299  33.76
2010-2019       44      0.00430  0.00429  0.50   94656     406   94453  3113452  32.89
2010-2019       45      0.00462  0.00461  0.50   94250     434   94033  3018999  32.03
2010-2019       46      0.00489  0.00488  0.50   93816     458   93587  2924966  31.18
2010-2019       47      0.00537  0.00535  0.50   93358     500   93108  2831379  30.33
2010-2019       48      0.00579  0.00577  0.50   92858     536   92590  2738271  29.49
2010-2019       49      0.00617  0.00615  0.50   92322     568   92038  2645681  28.66
2010-2019       50      0.00666  0.00664  0.50   91755     609   91450  2553643  27.83
2010-2019       51      0.00731  0.00728  0.50   91145     664   90813  2462193  27.01
2010-2019       52      0.00808  0.00805  0.50   90481     728   90117  2371380  26.21
2010-2019       53      0.00872  0.00868  0.50   89753     779   89364  2281262  25.42
2010-2019       54      0.00928  0.00924  0.50   88974     822   88563  2191899  24.64
2010-2019       55      0.01047  0.01042  0.50   88152     918   87693  2103336  23.86
2010-2019       56      0.01083  0.01078  0.50   87234     940   86764  2015643  23.11
2010-2019       57      0.01149  0.01143  0.50   86294     986   85801  1928879  22.35
2010-2019       58      0.01229  0.01221  0.50   85308    1042   84787  1843079  21.61
2010-2019       59      0.01343  0.01334  0.50   84266    1124   83704  1758292  20.87
2010-2019       60      0.01430  0.01420  0.50   83142    1181   82551  1674588  20.14
2010-2019       61      0.01576  0.01564  0.50   81961    1282   81320  1592037  19.42
2010-2019       62      0.01708  0.01693  0.50   80679    1366   79996  1510717  18.73
2010-2019       63      0.01834  0.01818  0.50   79313    1442   78592  1430722  18.04
2010-2019       64      0.01986  0.01966  0.50   77871    1531   77106  1352130  17.36
2010-2019       65      0.02104  0.02082  0.50   76340    1589   75545  1275024  16.70
2010-2019       66      0.02225  0.02200  0.50   74751    1645   73928  1199479  16.05
2010-2019       67      0.02404  0.02376  0.50   73106    1737   72238  1125550  15.40
2010-2019       68      0.02471  0.02440  0.50   71369    1742   70498  1053313  14.76
2010-2019       69      0.02772  0.02734  0.50   69628    1904   68676   982814  14.12
2010-2019       70      0.02919  0.02877  0.50   67724    1949   66749   914139  13.50
2010-2019       71      0.03081  0.03035  0.50   65775    1996   64777   847389  12.88
2010-2019       72      0.03376  0.03320  0.50   63779    2117   62720   782612  12.27
2010-2019       73      0.03575  0.03512  0.50   61662    2166   60579   719892  11.67
2010-2019       74      0.03898  0.03824  0.50   59496    2275   58359   659313  11.08
2010-2019       75      0.04170  0.04085  0.50   57221    2338   56052   600955  10.50
2010-2019       76      0.04575  0.04473  0.50   54883    2455   53656   544902   9.93
2010-2019       77      0.04939  0.04820  0.50   52429    2527   51165   491246   9.37
2010-2019       78      0.05463  0.05318  0.50   49901    2654   48575   440082   8.82
2010-2019       79      0.06015  0.05839  0.50   47248    2759   45868   391507   8.29
2010-2019       80      0.06742  0.06522  0.50   44489    2902   43038   345639   7.77
2010-2019       81      0.07392  0.07129  0.50   41587    2965   40105   302601   7.28
2010-2019       82      0.08304  0.07973  0.50   38622    3079   37083   262496   6.80
2010-2019       83      0.09325  0.08909  0.50   35543    3167   33960   225413   6.34
2010-2019       84      0.10394  0.09881  0.50   32376    3199   30777   191453   5.91
2010-2019       85      0.11251  0.10652  0.50   29177    3108   27623   160677   5.51
2010-2019       86      0.13037  0.12239  0.50   26069    3191   24474   133053   5.10
2010-2019       87      0.14391  0.13425  0.50   22879    3071   21343   108579   4.75
2010-2019       88      0.15869  0.14702  0.50   19807    2912   18351    87236   4.40
2010-2019       89      0.17775  0.16324  0.50   16895    2758   15516    68885   4.08
2010-2019       90      0.20172  0.18323  0.50   14137    2590   12842    53369   3.78
2010-2019       91      0.21722  0.19594  0.50   11547    2262   10415    40527   3.51
2010-2019       92      0.24040  0.21460  0.50    9284    1992    8288    30112   3.24
2010-2019       93      0.27791  0.24401  0.50    7292    1779    6402    21824   2.99
2010-2019       94      0.30194  0.26233  0.50    5513    1446    4789    15421   2.80
2010-2019       95      0.32607  0.28036  0.50    4066    1140    3496    10632   2.61
2010-2019       96      0.35634  0.30245  0.50    2926     885    2484     7135   2.44
2010-2019       97      0.38789  0.32488  0.50    2041     663    1710     4652   2.28
2010-2019       98      0.42050  0.34745  0.50    1378     479    1139     2942   2.13
2010-2019       99      0.45389  0.36994  0.50     899     333     733     1803   2.01
2010-2019      100      0.48776  0.39213  0.50     567     222     456     1070   1.89
2010-2019      101      0.52179  0.41383  0.50     344     143     273      615   1.79
2010-2019      102      0.55566  0.43484  0.50     202      88     158      342   1.69
2010-2019      103      0.58904  0.45503  0.50     114      52      88      184   1.61
2010-2019      104      0.62164  0.47424  0.50      62      29      47       96   1.54
2010-2019      105      0.65318  0.49238  0.50      33      16      25       48   1.47
2010-2019      106      0.68344  0.50938  0.50      17       8      12       23   1.42
2010-2019      107      0.71222  0.52519  0.50       8       4       6       11   1.37
2010-2019      108      0.73937  0.53981  0.50       4       2       3        5   1.32
2010-2019      109      0.76480  0.55324  0.50       2       1       1        2   1.29
2010-2019      110+     0.78845  1.00000  1.27       1       1       1        1   1.27
