New Zealand, Life tables (period 1x10), Total	Last modified: 06 Jun 2022;  Methods Protocol: v6 (2017)

  Year          Age         mx       qx    ax      lx      dx      Lx       Tx     ex
1948-1949        0      0.02941  0.02869  0.14  100000    2869   97534  6887771  68.88
1948-1949        1      0.00440  0.00439  0.50   97131     426   96918  6790237  69.91
1948-1949        2      0.00218  0.00217  0.50   96705     210   96600  6693319  69.21
1948-1949        3      0.00157  0.00157  0.50   96495     151   96419  6596719  68.36
1948-1949        4      0.00129  0.00129  0.50   96343     124   96281  6500300  67.47
1948-1949        5      0.00130  0.00130  0.50   96219     125   96157  6404019  66.56
1948-1949        6      0.00082  0.00082  0.50   96095      79   96055  6307862  65.64
1948-1949        7      0.00067  0.00067  0.50   96016      64   95984  6211806  64.70
1948-1949        8      0.00072  0.00072  0.50   95951      69   95917  6115823  63.74
1948-1949        9      0.00050  0.00050  0.50   95882      48   95858  6019906  62.78
1948-1949       10      0.00081  0.00081  0.50   95834      78   95795  5924048  61.82
1948-1949       11      0.00084  0.00083  0.50   95756      80   95716  5828254  60.87
1948-1949       12      0.00087  0.00087  0.50   95676      83   95635  5732538  59.92
1948-1949       13      0.00099  0.00099  0.50   95593      94   95546  5636903  58.97
1948-1949       14      0.00094  0.00094  0.50   95499      90   95454  5541357  58.03
1948-1949       15      0.00092  0.00092  0.50   95409      88   95365  5445904  57.08
1948-1949       16      0.00140  0.00139  0.50   95321     133   95254  5350539  56.13
1948-1949       17      0.00147  0.00147  0.50   95188     140   95118  5255284  55.21
1948-1949       18      0.00163  0.00163  0.50   95048     155   94970  5160167  54.29
1948-1949       19      0.00176  0.00175  0.50   94893     166   94809  5065196  53.38
1948-1949       20      0.00161  0.00161  0.50   94726     152   94650  4970387  52.47
1948-1949       21      0.00176  0.00175  0.50   94574     166   94491  4875737  51.55
1948-1949       22      0.00195  0.00195  0.50   94408     184   94316  4781246  50.64
1948-1949       23      0.00147  0.00147  0.50   94224     138   94155  4686930  49.74
1948-1949       24      0.00193  0.00193  0.50   94086     182   93995  4592775  48.81
1948-1949       25      0.00175  0.00175  0.50   93904     165   93822  4498779  47.91
1948-1949       26      0.00174  0.00174  0.50   93740     163   93658  4404957  46.99
1948-1949       27      0.00158  0.00158  0.50   93576     148   93502  4311299  46.07
1948-1949       28      0.00177  0.00177  0.50   93429     166   93346  4217797  45.14
1948-1949       29      0.00153  0.00152  0.50   93263     142   93192  4124451  44.22
1948-1949       30      0.00165  0.00164  0.50   93121     153   93044  4031259  43.29
1948-1949       31      0.00165  0.00165  0.50   92968     154   92891  3938215  42.36
1948-1949       32      0.00200  0.00200  0.50   92814     185   92721  3845324  41.43
1948-1949       33      0.00187  0.00187  0.50   92628     173   92542  3752603  40.51
1948-1949       34      0.00188  0.00188  0.50   92455     174   92368  3660061  39.59
1948-1949       35      0.00230  0.00230  0.50   92281     212   92176  3567693  38.66
1948-1949       36      0.00250  0.00250  0.50   92070     230   91955  3475518  37.75
1948-1949       37      0.00193  0.00193  0.50   91840     177   91751  3383563  36.84
1948-1949       38      0.00253  0.00253  0.50   91663     232   91547  3291812  35.91
1948-1949       39      0.00276  0.00276  0.50   91431     252   91305  3200265  35.00
1948-1949       40      0.00268  0.00268  0.50   91179     244   91057  3108960  34.10
1948-1949       41      0.00268  0.00268  0.50   90934     244   90812  3017903  33.19
1948-1949       42      0.00368  0.00367  0.50   90691     333   90524  2927091  32.28
1948-1949       43      0.00354  0.00353  0.50   90358     319   90198  2836567  31.39
1948-1949       44      0.00312  0.00311  0.50   90039     280   89899  2746368  30.50
1948-1949       45      0.00472  0.00471  0.50   89759     423   89548  2656469  29.60
1948-1949       46      0.00426  0.00425  0.50   89336     380   89146  2566922  28.73
1948-1949       47      0.00461  0.00460  0.50   88956     409   88752  2477775  27.85
1948-1949       48      0.00644  0.00641  0.50   88547     568   88263  2389024  26.98
1948-1949       49      0.00624  0.00622  0.50   87979     547   87706  2300760  26.15
1948-1949       50      0.00759  0.00756  0.50   87432     661   87102  2213055  25.31
1948-1949       51      0.00603  0.00601  0.50   86771     522   86510  2125953  24.50
1948-1949       52      0.00885  0.00881  0.50   86249     760   85869  2039443  23.65
1948-1949       53      0.00799  0.00796  0.50   85490     680   85150  1953573  22.85
1948-1949       54      0.01080  0.01075  0.50   84809     911   84354  1868424  22.03
1948-1949       55      0.00879  0.00875  0.50   83898     735   83531  1784070  21.26
1948-1949       56      0.01229  0.01222  0.50   83164    1016   82655  1700539  20.45
1948-1949       57      0.01197  0.01190  0.50   82147     977   81659  1617884  19.69
1948-1949       58      0.01459  0.01448  0.50   81170    1176   80582  1536225  18.93
1948-1949       59      0.01473  0.01462  0.50   79994    1169   79410  1455643  18.20
1948-1949       60      0.01768  0.01753  0.50   78825    1382   78134  1376233  17.46
1948-1949       61      0.01591  0.01578  0.50   77443    1222   76832  1298099  16.76
1948-1949       62      0.01897  0.01879  0.50   76221    1432   75505  1221267  16.02
1948-1949       63      0.02247  0.02222  0.50   74789    1662   73958  1145762  15.32
1948-1949       64      0.02527  0.02495  0.50   73127    1825   72215  1071804  14.66
1948-1949       65      0.03054  0.03008  0.50   71302    2145   70230   999589  14.02
1948-1949       66      0.02689  0.02653  0.50   69158    1835   68241   929359  13.44
1948-1949       67      0.02878  0.02837  0.50   67323    1910   66368   861119  12.79
1948-1949       68      0.03350  0.03295  0.50   65413    2155   64335   794751  12.15
1948-1949       69      0.03660  0.03595  0.50   63258    2274   62121   730415  11.55
1948-1949       70      0.04149  0.04065  0.50   60984    2479   59744   668295  10.96
1948-1949       71      0.03845  0.03772  0.50   58505    2207   57402   608550  10.40
1948-1949       72      0.05039  0.04915  0.50   56298    2767   54915   551149   9.79
1948-1949       73      0.05898  0.05729  0.50   53531    3067   51997   496234   9.27
1948-1949       74      0.06590  0.06380  0.50   50464    3220   48854   444237   8.80
1948-1949       75      0.06123  0.05941  0.50   47244    2807   45841   395383   8.37
1948-1949       76      0.07732  0.07444  0.50   44437    3308   42783   349542   7.87
1948-1949       77      0.08086  0.07772  0.50   41129    3197   39531   306758   7.46
1948-1949       78      0.09768  0.09314  0.50   37933    3533   36166   267227   7.04
1948-1949       79      0.10233  0.09735  0.50   34400    3349   32725   231061   6.72
1948-1949       80      0.09907  0.09440  0.50   31051    2931   29585   198336   6.39
1948-1949       81      0.10190  0.09696  0.50   28120    2727   26757   168750   6.00
1948-1949       82      0.12219  0.11515  0.50   25393    2924   23931   141994   5.59
1948-1949       83      0.13470  0.12620  0.50   22469    2836   21051   118062   5.25
1948-1949       84      0.14903  0.13870  0.50   19634    2723   18272    97011   4.94
1948-1949       85      0.15725  0.14579  0.50   16910    2465   15678    78739   4.66
1948-1949       86      0.18963  0.17321  0.50   14445    2502   13194    63061   4.37
1948-1949       87      0.18222  0.16700  0.50   11943    1995   10946    49867   4.18
1948-1949       88      0.21454  0.19375  0.50    9949    1928    8985    38921   3.91
1948-1949       89      0.21790  0.19649  0.50    8021    1576    7233    29936   3.73
1948-1949       90      0.23397  0.20947  0.50    6445    1350    5770    22703   3.52
1948-1949       91      0.25217  0.22394  0.50    5095    1141    4524    16934   3.32
1948-1949       92      0.27124  0.23885  0.50    3954     944    3482    12409   3.14
1948-1949       93      0.29114  0.25415  0.50    3010     765    2627     8927   2.97
1948-1949       94      0.31183  0.26977  0.50    2245     606    1942     6300   2.81
1948-1949       95      0.33324  0.28565  0.50    1639     468    1405     4358   2.66
1948-1949       96      0.35531  0.30171  0.50    1171     353     994     2953   2.52
1948-1949       97      0.37795  0.31788  0.50     818     260     688     1959   2.40
1948-1949       98      0.40108  0.33408  0.50     558     186     465     1271   2.28
1948-1949       99      0.42460  0.35024  0.50     371     130     306      807   2.17
1948-1949      100      0.44841  0.36628  0.50     241      88     197      500   2.07
1948-1949      101      0.47239  0.38213  0.50     153      58     124      303   1.98
1948-1949      102      0.49645  0.39773  0.50      94      38      76      179   1.90
1948-1949      103      0.52048  0.41300  0.50      57      24      45      104   1.82
1948-1949      104      0.54435  0.42789  0.50      33      14      26       59   1.75
1948-1949      105      0.56798  0.44235  0.50      19       8      15       32   1.69
1948-1949      106      0.59126  0.45635  0.50      11       5       8       17   1.63
1948-1949      107      0.61409  0.46983  0.50       6       3       4        9   1.58
1948-1949      108      0.63640  0.48278  0.50       3       1       2        5   1.53
1948-1949      109      0.65810  0.49517  0.50       2       1       1        2   1.50
1948-1949      110+     0.67914  1.00000  1.47       1       1       1        1   1.47
1950-1959        0      0.02595  0.02538  0.13  100000    2538   97787  7017187  70.17
1950-1959        1      0.00290  0.00289  0.50   97462     282   97321  6919400  71.00
1950-1959        2      0.00153  0.00153  0.50   97180     149   97106  6822078  70.20
1950-1959        3      0.00123  0.00123  0.50   97032     120   96972  6724972  69.31
1950-1959        4      0.00082  0.00082  0.50   96912      79   96872  6628001  68.39
1950-1959        5      0.00070  0.00070  0.50   96833      68   96799  6531129  67.45
1950-1959        6      0.00066  0.00066  0.50   96765      64   96733  6434330  66.49
1950-1959        7      0.00056  0.00056  0.50   96701      54   96674  6337597  65.54
1950-1959        8      0.00055  0.00055  0.50   96646      53   96620  6240924  64.57
1950-1959        9      0.00050  0.00050  0.50   96593      48   96569  6144304  63.61
1950-1959       10      0.00049  0.00049  0.50   96545      48   96522  6047735  62.64
1950-1959       11      0.00051  0.00051  0.50   96498      49   96473  5951213  61.67
1950-1959       12      0.00057  0.00057  0.50   96448      55   96421  5854740  60.70
1950-1959       13      0.00053  0.00053  0.50   96393      51   96368  5758319  59.74
1950-1959       14      0.00061  0.00061  0.50   96342      59   96313  5661951  58.77
1950-1959       15      0.00078  0.00078  0.50   96283      75   96246  5565639  57.80
1950-1959       16      0.00078  0.00078  0.50   96208      75   96171  5469393  56.85
1950-1959       17      0.00100  0.00100  0.50   96134      96   96086  5373222  55.89
1950-1959       18      0.00124  0.00124  0.50   96038     119   95978  5277137  54.95
1950-1959       19      0.00128  0.00128  0.50   95919     123   95857  5181158  54.02
1950-1959       20      0.00149  0.00149  0.50   95796     143   95725  5085301  53.08
1950-1959       21      0.00128  0.00128  0.50   95654     122   95593  4989576  52.16
1950-1959       22      0.00141  0.00141  0.50   95532     135   95464  4893984  51.23
1950-1959       23      0.00141  0.00141  0.50   95397     134   95330  4798520  50.30
1950-1959       24      0.00132  0.00132  0.50   95262     126   95199  4703190  49.37
1950-1959       25      0.00127  0.00127  0.50   95137     121   95076  4607991  48.44
1950-1959       26      0.00130  0.00130  0.50   95016     123   94954  4512914  47.50
1950-1959       27      0.00131  0.00131  0.50   94893     124   94831  4417960  46.56
1950-1959       28      0.00143  0.00143  0.50   94769     136   94701  4323129  45.62
1950-1959       29      0.00133  0.00133  0.50   94633     126   94571  4228428  44.68
1950-1959       30      0.00148  0.00148  0.50   94508     139   94438  4133857  43.74
1950-1959       31      0.00133  0.00132  0.50   94368     125   94306  4039419  42.80
1950-1959       32      0.00144  0.00144  0.50   94243     136   94175  3945113  41.86
1950-1959       33      0.00154  0.00154  0.50   94107     145   94035  3850938  40.92
1950-1959       34      0.00153  0.00153  0.50   93962     143   93891  3756903  39.98
1950-1959       35      0.00179  0.00179  0.50   93819     167   93735  3663012  39.04
1950-1959       36      0.00189  0.00189  0.50   93651     177   93563  3569277  38.11
1950-1959       37      0.00189  0.00189  0.50   93475     177   93386  3475714  37.18
1950-1959       38      0.00225  0.00224  0.50   93298     209   93193  3382328  36.25
1950-1959       39      0.00236  0.00236  0.50   93089     219   92979  3289135  35.33
1950-1959       40      0.00246  0.00246  0.50   92869     228   92755  3196156  34.42
1950-1959       41      0.00228  0.00228  0.50   92641     211   92536  3103400  33.50
1950-1959       42      0.00303  0.00302  0.50   92430     280   92291  3010864  32.57
1950-1959       43      0.00305  0.00305  0.50   92151     281   92010  2918574  31.67
1950-1959       44      0.00333  0.00332  0.50   91870     305   91717  2826563  30.77
1950-1959       45      0.00404  0.00404  0.50   91565     369   91380  2734846  29.87
1950-1959       46      0.00413  0.00412  0.50   91195     375   91008  2643466  28.99
1950-1959       47      0.00470  0.00468  0.50   90820     425   90607  2552458  28.10
1950-1959       48      0.00524  0.00523  0.50   90394     473   90158  2461851  27.23
1950-1959       49      0.00611  0.00609  0.50   89922     548   89648  2371693  26.38
1950-1959       50      0.00625  0.00623  0.50   89374     556   89096  2282045  25.53
1950-1959       51      0.00611  0.00609  0.50   88817     541   88547  2192950  24.69
1950-1959       52      0.00796  0.00792  0.50   88277     700   87927  2104403  23.84
1950-1959       53      0.00853  0.00849  0.50   87577     744   87205  2016476  23.03
1950-1959       54      0.00937  0.00933  0.50   86833     810   86428  1929271  22.22
1950-1959       55      0.00943  0.00939  0.50   86023     808   85619  1842843  21.42
1950-1959       56      0.01145  0.01138  0.50   85216     970   84731  1757223  20.62
1950-1959       57      0.01196  0.01189  0.50   84246    1001   83745  1672493  19.85
1950-1959       58      0.01402  0.01392  0.50   83244    1159   82665  1588748  19.09
1950-1959       59      0.01500  0.01489  0.50   82085    1222   81475  1506083  18.35
1950-1959       60      0.01644  0.01630  0.50   80864    1318   80204  1424608  17.62
1950-1959       61      0.01550  0.01539  0.50   79545    1224   78933  1344404  16.90
1950-1959       62      0.01982  0.01963  0.50   78321    1537   77553  1265471  16.16
1950-1959       63      0.02176  0.02152  0.50   76784    1653   75958  1187918  15.47
1950-1959       64      0.02404  0.02376  0.50   75131    1785   74239  1111960  14.80
1950-1959       65      0.02771  0.02733  0.50   73346    2004   72344  1037721  14.15
1950-1959       66      0.02689  0.02654  0.50   71342    1893   70395   965377  13.53
1950-1959       67      0.03024  0.02979  0.50   69449    2069   68414   894982  12.89
1950-1959       68      0.03247  0.03195  0.50   67380    2153   66303   826567  12.27
1950-1959       69      0.03658  0.03592  0.50   65227    2343   64056   760264  11.66
1950-1959       70      0.03983  0.03905  0.50   62884    2456   61656   696209  11.07
1950-1959       71      0.03970  0.03893  0.50   60428    2352   59252   634552  10.50
1950-1959       72      0.04992  0.04870  0.50   58076    2828   56662   575300   9.91
1950-1959       73      0.05501  0.05354  0.50   55248    2958   53769   518638   9.39
1950-1959       74      0.06160  0.05976  0.50   52290    3125   50727   464870   8.89
1950-1959       75      0.06697  0.06480  0.50   49165    3186   47572   414142   8.42
1950-1959       76      0.07541  0.07267  0.50   45979    3341   44308   366570   7.97
1950-1959       77      0.07541  0.07267  0.50   42638    3099   41088   322262   7.56
1950-1959       78      0.09018  0.08629  0.50   39539    3412   37833   281173   7.11
1950-1959       79      0.09792  0.09335  0.50   36127    3372   34441   243340   6.74
1950-1959       80      0.10231  0.09733  0.50   32755    3188   31161   208899   6.38
1950-1959       81      0.09941  0.09470  0.50   29567    2800   28167   177738   6.01
1950-1959       82      0.11952  0.11278  0.50   26767    3019   25258   149571   5.59
1950-1959       83      0.13072  0.12270  0.50   23748    2914   22291   124313   5.23
1950-1959       84      0.15470  0.14359  0.50   20834    2992   19339   102022   4.90
1950-1959       85      0.16116  0.14914  0.50   17843    2661   16512    82683   4.63
1950-1959       86      0.18236  0.16712  0.50   15182    2537   13913    66171   4.36
1950-1959       87      0.19675  0.17913  0.50   12644    2265   11512    52258   4.13
1950-1959       88      0.19917  0.18113  0.50   10379    1880    9439    40746   3.93
1950-1959       89      0.22816  0.20480  0.50    8499    1741    7629    31307   3.68
1950-1959       90      0.23672  0.21167  0.50    6759    1431    6043    23678   3.50
1950-1959       91      0.23484  0.21017  0.50    5328    1120    4768    17634   3.31
1950-1959       92      0.28226  0.24735  0.50    4208    1041    3688    12866   3.06
1950-1959       93      0.29849  0.25972  0.50    3167     823    2756     9178   2.90
1950-1959       94      0.30313  0.26323  0.50    2345     617    2036     6422   2.74
1950-1959       95      0.34916  0.29727  0.50    1728     514    1471     4386   2.54
1950-1959       96      0.37358  0.31478  0.50    1214     382    1023     2915   2.40
1950-1959       97      0.39870  0.33243  0.50     832     277     694     1892   2.27
1950-1959       98      0.42438  0.35010  0.50     555     194     458     1199   2.16
1950-1959       99      0.45052  0.36769  0.50     361     133     295      740   2.05
1950-1959      100      0.47696  0.38512  0.50     228      88     184      446   1.95
1950-1959      101      0.50357  0.40228  0.50     140      56     112      262   1.86
1950-1959      102      0.53018  0.41909  0.50      84      35      66      150   1.78
1950-1959      103      0.55666  0.43546  0.50      49      21      38       83   1.71
1950-1959      104      0.58285  0.45132  0.50      28      12      21       45   1.64
1950-1959      105      0.60860  0.46661  0.50      15       7      12       24   1.58
1950-1959      106      0.63380  0.48128  0.50       8       4       6       12   1.52
1950-1959      107      0.65831  0.49528  0.50       4       2       3        6   1.48
1950-1959      108      0.68202  0.50859  0.50       2       1       2        3   1.43
1950-1959      109      0.70486  0.52118  0.50       1       1       1        1   1.40
1950-1959      110+     0.72673  1.00000  1.38       0       0       1        1   1.38
1960-1969        0      0.01992  0.01958  0.11  100000    1958   98254  7121367  71.21
1960-1969        1      0.00194  0.00194  0.50   98042     190   97947  7023113  71.63
1960-1969        2      0.00109  0.00109  0.50   97852     106   97799  6925166  70.77
1960-1969        3      0.00082  0.00082  0.50   97746      80   97705  6827367  69.85
1960-1969        4      0.00067  0.00067  0.50   97665      65   97633  6729662  68.91
1960-1969        5      0.00051  0.00051  0.50   97600      49   97576  6632029  67.95
1960-1969        6      0.00047  0.00047  0.50   97551      45   97528  6534454  66.99
1960-1969        7      0.00043  0.00043  0.50   97506      42   97484  6436925  66.02
1960-1969        8      0.00041  0.00041  0.50   97463      40   97443  6339441  65.04
1960-1969        9      0.00036  0.00036  0.50   97423      35   97405  6241998  64.07
1960-1969       10      0.00035  0.00035  0.50   97388      34   97371  6144592  63.09
1960-1969       11      0.00034  0.00034  0.50   97354      33   97338  6047221  62.12
1960-1969       12      0.00039  0.00039  0.50   97321      38   97302  5949884  61.14
1960-1969       13      0.00041  0.00041  0.50   97283      40   97263  5852582  60.16
1960-1969       14      0.00047  0.00047  0.50   97243      46   97220  5755319  59.18
1960-1969       15      0.00060  0.00060  0.50   97197      58   97168  5658098  58.21
1960-1969       16      0.00067  0.00067  0.50   97139      65   97106  5560930  57.25
1960-1969       17      0.00098  0.00098  0.50   97073      95   97026  5463824  56.29
1960-1969       18      0.00110  0.00110  0.50   96978     106   96925  5366799  55.34
1960-1969       19      0.00107  0.00107  0.50   96872     103   96820  5269874  54.40
1960-1969       20      0.00114  0.00114  0.50   96768     111   96713  5173054  53.46
1960-1969       21      0.00110  0.00110  0.50   96658     107   96604  5076341  52.52
1960-1969       22      0.00107  0.00107  0.50   96551     103   96499  4979736  51.58
1960-1969       23      0.00108  0.00108  0.50   96448     105   96396  4883237  50.63
1960-1969       24      0.00095  0.00095  0.50   96343      92   96297  4786841  49.69
1960-1969       25      0.00092  0.00092  0.50   96252      89   96207  4690544  48.73
1960-1969       26      0.00107  0.00107  0.50   96163     103   96112  4594337  47.78
1960-1969       27      0.00105  0.00105  0.50   96060     101   96010  4498225  46.83
1960-1969       28      0.00106  0.00106  0.50   95959     102   95908  4402215  45.88
1960-1969       29      0.00111  0.00111  0.50   95857     106   95804  4306307  44.92
1960-1969       30      0.00116  0.00116  0.50   95751     111   95695  4210503  43.97
1960-1969       31      0.00109  0.00109  0.50   95640     104   95588  4114808  43.02
1960-1969       32      0.00126  0.00126  0.50   95536     120   95476  4019220  42.07
1960-1969       33      0.00146  0.00146  0.50   95416     139   95346  3923744  41.12
1960-1969       34      0.00154  0.00154  0.50   95277     146   95204  3828398  40.18
1960-1969       35      0.00150  0.00149  0.50   95130     142   95059  3733195  39.24
1960-1969       36      0.00174  0.00174  0.50   94988     165   94906  3638135  38.30
1960-1969       37      0.00173  0.00173  0.50   94823     164   94741  3543230  37.37
1960-1969       38      0.00198  0.00198  0.50   94659     188   94566  3448488  36.43
1960-1969       39      0.00229  0.00229  0.50   94472     216   94364  3353923  35.50
1960-1969       40      0.00234  0.00234  0.50   94256     220   94145  3259559  34.58
1960-1969       41      0.00235  0.00235  0.50   94035     221   93925  3165414  33.66
1960-1969       42      0.00289  0.00288  0.50   93815     270   93679  3071489  32.74
1960-1969       43      0.00305  0.00304  0.50   93544     284   93402  2977809  31.83
1960-1969       44      0.00333  0.00333  0.50   93260     310   93105  2884407  30.93
1960-1969       45      0.00386  0.00385  0.50   92949     358   92770  2791302  30.03
1960-1969       46      0.00416  0.00415  0.50   92591     384   92399  2698532  29.14
1960-1969       47      0.00469  0.00468  0.50   92207     432   91991  2606133  28.26
1960-1969       48      0.00540  0.00539  0.50   91775     494   91528  2514141  27.39
1960-1969       49      0.00588  0.00586  0.50   91281     535   91014  2422613  26.54
1960-1969       50      0.00603  0.00601  0.50   90746     545   90474  2331599  25.69
1960-1969       51      0.00631  0.00629  0.50   90201     568   89917  2241126  24.85
1960-1969       52      0.00758  0.00756  0.50   89633     677   89295  2151209  24.00
1960-1969       53      0.00843  0.00839  0.50   88956     746   88583  2061914  23.18
1960-1969       54      0.00921  0.00917  0.50   88210     809   87806  1973331  22.37
1960-1969       55      0.00969  0.00965  0.50   87401     843   86980  1885525  21.57
1960-1969       56      0.01110  0.01104  0.50   86558     956   86080  1798545  20.78
1960-1969       57      0.01188  0.01181  0.50   85602    1011   85097  1712465  20.00
1960-1969       58      0.01365  0.01356  0.50   84592    1147   84018  1627368  19.24
1960-1969       59      0.01522  0.01511  0.50   83445    1260   82814  1543350  18.50
1960-1969       60      0.01621  0.01608  0.50   82184    1322   81523  1460536  17.77
1960-1969       61      0.01639  0.01626  0.50   80863    1314   80205  1379013  17.05
1960-1969       62      0.01956  0.01937  0.50   79548    1541   78778  1298807  16.33
1960-1969       63      0.02174  0.02151  0.50   78007    1678   77168  1220030  15.64
1960-1969       64      0.02353  0.02326  0.50   76329    1775   75442  1142861  14.97
1960-1969       65      0.02727  0.02690  0.50   74554    2005   73552  1067419  14.32
1960-1969       66      0.02549  0.02517  0.50   72549    1826   71636   993868  13.70
1960-1969       67      0.02940  0.02898  0.50   70723    2049   69698   922232  13.04
1960-1969       68      0.03365  0.03309  0.50   68674    2273   67537   852534  12.41
1960-1969       69      0.03554  0.03492  0.50   66401    2319   65241   784997  11.82
1960-1969       70      0.03935  0.03859  0.50   64082    2473   62846   719755  11.23
1960-1969       71      0.03912  0.03837  0.50   61609    2364   60427   656910  10.66
1960-1969       72      0.04693  0.04585  0.50   59245    2717   57887   596483  10.07
1960-1969       73      0.05308  0.05171  0.50   56529    2923   55067   538596   9.53
1960-1969       74      0.05879  0.05711  0.50   53606    3061   52075   483529   9.02
1960-1969       75      0.06600  0.06389  0.50   50544    3229   48930   431454   8.54
1960-1969       76      0.07247  0.06994  0.50   47315    3309   45660   382524   8.08
1960-1969       77      0.07264  0.07010  0.50   44006    3085   42464   336864   7.65
1960-1969       78      0.08618  0.08262  0.50   40921    3381   39231   294400   7.19
1960-1969       79      0.09539  0.09104  0.50   37540    3418   35832   255169   6.80
1960-1969       80      0.10025  0.09547  0.50   34123    3258   32494   219338   6.43
1960-1969       81      0.09735  0.09283  0.50   30865    2865   29432   186844   6.05
1960-1969       82      0.11640  0.10999  0.50   28000    3080   26460   157412   5.62
1960-1969       83      0.13060  0.12260  0.50   24920    3055   23392   130952   5.25
1960-1969       84      0.14969  0.13927  0.50   21865    3045   20342   107559   4.92
1960-1969       85      0.15919  0.14745  0.50   18820    2775   17432    87217   4.63
1960-1969       86      0.18083  0.16583  0.50   16045    2661   14714    69785   4.35
1960-1969       87      0.19051  0.17394  0.50   13384    2328   12220    55070   4.11
1960-1969       88      0.20235  0.18375  0.50   11056    2032   10040    42850   3.88
1960-1969       89      0.23064  0.20680  0.50    9024    1866    8091    32810   3.64
1960-1969       90      0.24107  0.21514  0.50    7158    1540    6388    24719   3.45
1960-1969       91      0.23681  0.21174  0.50    5618    1190    5023    18331   3.26
1960-1969       92      0.28587  0.25012  0.50    4429    1108    3875    13307   3.00
1960-1969       93      0.30283  0.26301  0.50    3321     873    2884     9432   2.84
1960-1969       94      0.31863  0.27484  0.50    2447     673    2111     6548   2.68
1960-1969       95      0.35449  0.30112  0.50    1775     534    1508     4437   2.50
1960-1969       96      0.37988  0.31924  0.50    1240     396    1042     2930   2.36
1960-1969       97      0.40599  0.33748  0.50     844     285     702     1887   2.23
1960-1969       98      0.43267  0.35572  0.50     559     199     460     1185   2.12
1960-1969       99      0.45980  0.37385  0.50     360     135     293      725   2.01
1960-1969      100      0.48721  0.39177  0.50     226      88     181      432   1.92
1960-1969      101      0.51473  0.40937  0.50     137      56     109      251   1.83
1960-1969      102      0.54221  0.42657  0.50      81      35      64      142   1.75
1960-1969      103      0.56948  0.44326  0.50      46      21      36       78   1.67
1960-1969      104      0.59637  0.45939  0.50      26      12      20       42   1.61
1960-1969      105      0.62273  0.47487  0.50      14       7      11       22   1.55
1960-1969      106      0.64842  0.48967  0.50       7       4       6       11   1.49
1960-1969      107      0.67332  0.50373  0.50       4       2       3        5   1.44
1960-1969      108      0.69731  0.51704  0.50       2       1       1        3   1.40
1960-1969      109      0.72031  0.52958  0.50       1       0       1        1   1.37
1960-1969      110+     0.74223  1.00000  1.35       0       0       1        1   1.35
1970-1979        0      0.01530  0.01510  0.12  100000    1510   98668  7211968  72.12
1970-1979        1      0.00145  0.00145  0.50   98490     143   98419  7113300  72.22
1970-1979        2      0.00083  0.00083  0.50   98348      82   98307  7014881  71.33
1970-1979        3      0.00067  0.00067  0.50   98266      66   98233  6916574  70.39
1970-1979        4      0.00056  0.00056  0.50   98200      55   98173  6818341  69.43
1970-1979        5      0.00045  0.00045  0.50   98145      44   98123  6720169  68.47
1970-1979        6      0.00043  0.00043  0.50   98101      42   98080  6622045  67.50
1970-1979        7      0.00037  0.00037  0.50   98059      36   98041  6523965  66.53
1970-1979        8      0.00035  0.00035  0.50   98023      34   98006  6425924  65.56
1970-1979        9      0.00033  0.00033  0.50   97989      33   97973  6327918  64.58
1970-1979       10      0.00028  0.00028  0.50   97956      28   97943  6229945  63.60
1970-1979       11      0.00032  0.00032  0.50   97929      32   97913  6132003  62.62
1970-1979       12      0.00033  0.00033  0.50   97897      32   97881  6034090  61.64
1970-1979       13      0.00045  0.00045  0.50   97865      44   97843  5936209  60.66
1970-1979       14      0.00046  0.00046  0.50   97821      45   97799  5838366  59.68
1970-1979       15      0.00063  0.00063  0.50   97776      61   97746  5740567  58.71
1970-1979       16      0.00094  0.00094  0.50   97715      92   97669  5642821  57.75
1970-1979       17      0.00122  0.00122  0.50   97623     119   97564  5545152  56.80
1970-1979       18      0.00144  0.00144  0.50   97504     141   97434  5447588  55.87
1970-1979       19      0.00134  0.00134  0.50   97364     130   97298  5350154  54.95
1970-1979       20      0.00132  0.00132  0.50   97233     128   97169  5252856  54.02
1970-1979       21      0.00131  0.00131  0.50   97105     127   97042  5155687  53.09
1970-1979       22      0.00116  0.00116  0.50   96978     112   96922  5058645  52.16
1970-1979       23      0.00105  0.00105  0.50   96866     102   96815  4961723  51.22
1970-1979       24      0.00101  0.00101  0.50   96764      97   96715  4864908  50.28
1970-1979       25      0.00105  0.00105  0.50   96667     101   96616  4768193  49.33
1970-1979       26      0.00101  0.00101  0.50   96566      98   96517  4671577  48.38
1970-1979       27      0.00096  0.00096  0.50   96468      92   96422  4575060  47.43
1970-1979       28      0.00101  0.00101  0.50   96376      98   96327  4478638  46.47
1970-1979       29      0.00107  0.00107  0.50   96278     103   96227  4382311  45.52
1970-1979       30      0.00107  0.00107  0.50   96175     103   96124  4286085  44.57
1970-1979       31      0.00104  0.00104  0.50   96072     100   96023  4189961  43.61
1970-1979       32      0.00116  0.00116  0.50   95973     111   95917  4093938  42.66
1970-1979       33      0.00121  0.00121  0.50   95861     116   95803  3998021  41.71
1970-1979       34      0.00129  0.00129  0.50   95745     123   95684  3902217  40.76
1970-1979       35      0.00136  0.00136  0.50   95622     130   95557  3806534  39.81
1970-1979       36      0.00158  0.00158  0.50   95492     150   95417  3710977  38.86
1970-1979       37      0.00171  0.00171  0.50   95341     163   95260  3615560  37.92
1970-1979       38      0.00197  0.00197  0.50   95178     187   95085  3520301  36.99
1970-1979       39      0.00200  0.00199  0.50   94991     189   94896  3425216  36.06
1970-1979       40      0.00234  0.00234  0.50   94802     222   94691  3330320  35.13
1970-1979       41      0.00241  0.00241  0.50   94580     228   94466  3235629  34.21
1970-1979       42      0.00275  0.00274  0.50   94352     259   94223  3141162  33.29
1970-1979       43      0.00313  0.00312  0.50   94093     294   93947  3046939  32.38
1970-1979       44      0.00336  0.00335  0.50   93800     314   93643  2952993  31.48
1970-1979       45      0.00379  0.00378  0.50   93485     354   93309  2859350  30.59
1970-1979       46      0.00420  0.00419  0.50   93132     390   92937  2766042  29.70
1970-1979       47      0.00454  0.00453  0.50   92742     420   92532  2673105  28.82
1970-1979       48      0.00521  0.00520  0.50   92322     480   92082  2580572  27.95
1970-1979       49      0.00569  0.00568  0.50   91842     521   91582  2488490  27.10
1970-1979       50      0.00605  0.00604  0.50   91321     551   91045  2396909  26.25
1970-1979       51      0.00625  0.00623  0.50   90770     566   90487  2305863  25.40
1970-1979       52      0.00740  0.00737  0.50   90204     665   89871  2215377  24.56
1970-1979       53      0.00788  0.00785  0.50   89539     703   89187  2125505  23.74
1970-1979       54      0.00892  0.00888  0.50   88836     789   88441  2036318  22.92
1970-1979       55      0.00944  0.00940  0.50   88047     827   87633  1947876  22.12
1970-1979       56      0.01057  0.01051  0.50   87220     917   86761  1860243  21.33
1970-1979       57      0.01135  0.01128  0.50   86303     974   85816  1773482  20.55
1970-1979       58      0.01280  0.01272  0.50   85329    1085   84786  1687666  19.78
1970-1979       59      0.01405  0.01395  0.50   84244    1175   83656  1602879  19.03
1970-1979       60      0.01560  0.01548  0.50   83068    1286   82426  1519223  18.29
1970-1979       61      0.01611  0.01598  0.50   81783    1307   81129  1436798  17.57
1970-1979       62      0.01838  0.01821  0.50   80476    1466   79743  1355668  16.85
1970-1979       63      0.02049  0.02028  0.50   79010    1602   78209  1275925  16.15
1970-1979       64      0.02284  0.02259  0.50   77408    1748   76534  1197716  15.47
1970-1979       65      0.02505  0.02474  0.50   75660    1872   74724  1121182  14.82
1970-1979       66      0.02555  0.02523  0.50   73788    1862   72857  1046458  14.18
1970-1979       67      0.02762  0.02724  0.50   71926    1959   70947   973600  13.54
1970-1979       68      0.03099  0.03051  0.50   69967    2135   68899   902654  12.90
1970-1979       69      0.03453  0.03394  0.50   67832    2302   66681   833754  12.29
1970-1979       70      0.03687  0.03620  0.50   65530    2372   64343   767074  11.71
1970-1979       71      0.03973  0.03896  0.50   63157    2461   61927   702730  11.13
1970-1979       72      0.04558  0.04456  0.50   60697    2705   59344   640803  10.56
1970-1979       73      0.05131  0.05003  0.50   57992    2901   56542   581459  10.03
1970-1979       74      0.05644  0.05489  0.50   55091    3024   53579   524917   9.53
1970-1979       75      0.05955  0.05783  0.50   52067    3011   50561   471338   9.05
1970-1979       76      0.06529  0.06323  0.50   49056    3102   47505   420777   8.58
1970-1979       77      0.06765  0.06544  0.50   45954    3007   44450   373272   8.12
1970-1979       78      0.07783  0.07491  0.50   42947    3217   41338   328822   7.66
1970-1979       79      0.08558  0.08206  0.50   39729    3260   38099   287484   7.24
1970-1979       80      0.08931  0.08550  0.50   36469    3118   34910   249385   6.84
1970-1979       81      0.09191  0.08787  0.50   33351    2931   31886   214475   6.43
1970-1979       82      0.10811  0.10257  0.50   30420    3120   28860   182589   6.00
1970-1979       83      0.12014  0.11333  0.50   27300    3094   25753   153729   5.63
1970-1979       84      0.13528  0.12671  0.50   24206    3067   22673   127975   5.29
1970-1979       85      0.13983  0.13069  0.50   21139    2763   19758   105303   4.98
1970-1979       86      0.16504  0.15246  0.50   18376    2802   16976    85545   4.66
1970-1979       87      0.17079  0.15735  0.50   15575    2451   14349    68569   4.40
1970-1979       88      0.18560  0.16984  0.50   13124    2229   12010    54220   4.13
1970-1979       89      0.20775  0.18820  0.50   10895    2050    9870    42210   3.87
1970-1979       90      0.22273  0.20041  0.50    8845    1773    7958    32341   3.66
1970-1979       91      0.23176  0.20769  0.50    7072    1469    6338    24382   3.45
1970-1979       92      0.25740  0.22805  0.50    5603    1278    4964    18045   3.22
1970-1979       93      0.27921  0.24500  0.50    4325    1060    3796    13080   3.02
1970-1979       94      0.29227  0.25500  0.50    3266     833    2849     9285   2.84
1970-1979       95      0.33040  0.28356  0.50    2433     690    2088     6435   2.65
1970-1979       96      0.35517  0.30161  0.50    1743     526    1480     4347   2.49
1970-1979       97      0.38079  0.31988  0.50    1217     389    1023     2867   2.36
1970-1979       98      0.40715  0.33828  0.50     828     280     688     1844   2.23
1970-1979       99      0.43411  0.35669  0.50     548     195     450     1157   2.11
1970-1979      100      0.46153  0.37499  0.50     352     132     286      706   2.00
1970-1979      101      0.48923  0.39308  0.50     220      87     177      420   1.91
1970-1979      102      0.51706  0.41085  0.50     134      55     106      243   1.82
1970-1979      103      0.54484  0.42819  0.50      79      34      62      137   1.74
1970-1979      104      0.57239  0.44503  0.50      45      20      35       75   1.66
1970-1979      105      0.59955  0.46127  0.50      25      12      19       40   1.60
1970-1979      106      0.62615  0.47686  0.50      13       6      10       21   1.54
1970-1979      107      0.65205  0.49173  0.50       7       3       5       10   1.49
1970-1979      108      0.67713  0.50586  0.50       4       2       3        5   1.44
1970-1979      109      0.70126  0.51921  0.50       2       1       1        2   1.40
1970-1979      110+     0.72435  1.00000  1.38       1       1       1        1   1.38
1980-1989        0      0.01147  0.01136  0.13  100000    1136   99007  7400814  74.01
1980-1989        1      0.00093  0.00093  0.50   98864      92   98818  7301808  73.86
1980-1989        2      0.00068  0.00068  0.50   98773      67   98739  7202989  72.93
1980-1989        3      0.00047  0.00047  0.50   98706      46   98682  7104250  71.97
1980-1989        4      0.00038  0.00038  0.50   98659      38   98640  7005568  71.01
1980-1989        5      0.00035  0.00035  0.50   98622      35   98604  6906927  70.03
1980-1989        6      0.00034  0.00034  0.50   98587      33   98570  6808323  69.06
1980-1989        7      0.00024  0.00024  0.50   98553      24   98541  6709753  68.08
1980-1989        8      0.00026  0.00026  0.50   98529      26   98516  6611212  67.10
1980-1989        9      0.00025  0.00025  0.50   98504      25   98491  6512695  66.12
1980-1989       10      0.00023  0.00023  0.50   98479      22   98468  6414204  65.13
1980-1989       11      0.00026  0.00026  0.50   98457      25   98444  6315736  64.15
1980-1989       12      0.00026  0.00026  0.50   98432      25   98419  6217292  63.16
1980-1989       13      0.00032  0.00032  0.50   98406      32   98390  6118873  62.18
1980-1989       14      0.00044  0.00043  0.50   98374      43   98353  6020483  61.20
1980-1989       15      0.00067  0.00067  0.50   98332      66   98299  5922130  60.23
1980-1989       16      0.00078  0.00078  0.50   98266      76   98227  5823831  59.27
1980-1989       17      0.00108  0.00108  0.50   98189     106   98136  5725604  58.31
1980-1989       18      0.00123  0.00123  0.50   98084     120   98023  5627467  57.37
1980-1989       19      0.00126  0.00126  0.50   97963     124   97902  5529444  56.44
1980-1989       20      0.00130  0.00130  0.50   97840     128   97776  5431542  55.51
1980-1989       21      0.00137  0.00137  0.50   97712     133   97646  5333766  54.59
1980-1989       22      0.00120  0.00119  0.50   97579     117   97520  5236121  53.66
1980-1989       23      0.00123  0.00123  0.50   97462     120   97402  5138600  52.72
1980-1989       24      0.00113  0.00113  0.50   97342     110   97287  5041198  51.79
1980-1989       25      0.00109  0.00109  0.50   97233     106   97180  4943911  50.85
1980-1989       26      0.00102  0.00102  0.50   97127     100   97077  4846731  49.90
1980-1989       27      0.00113  0.00113  0.50   97028     110   96973  4749654  48.95
1980-1989       28      0.00096  0.00096  0.50   96918      93   96871  4652681  48.01
1980-1989       29      0.00096  0.00096  0.50   96825      93   96778  4555810  47.05
1980-1989       30      0.00109  0.00109  0.50   96732     106   96679  4459032  46.10
1980-1989       31      0.00104  0.00104  0.50   96626     100   96576  4362353  45.15
1980-1989       32      0.00100  0.00100  0.50   96526      97   96477  4265777  44.19
1980-1989       33      0.00111  0.00110  0.50   96429     106   96376  4169300  43.24
1980-1989       34      0.00120  0.00120  0.50   96322     115   96265  4072924  42.28
1980-1989       35      0.00121  0.00121  0.50   96207     116   96149  3976659  41.33
1980-1989       36      0.00124  0.00124  0.50   96091     119   96032  3880510  40.38
1980-1989       37      0.00131  0.00131  0.50   95972     125   95909  3784478  39.43
1980-1989       38      0.00152  0.00152  0.50   95847     146   95774  3688569  38.48
1980-1989       39      0.00149  0.00149  0.50   95701     143   95629  3592796  37.54
1980-1989       40      0.00173  0.00173  0.50   95558     165   95476  3497166  36.60
1980-1989       41      0.00183  0.00183  0.50   95393     174   95306  3401690  35.66
1980-1989       42      0.00207  0.00207  0.50   95219     197   95120  3306385  34.72
1980-1989       43      0.00249  0.00249  0.50   95021     236   94903  3211265  33.80
1980-1989       44      0.00261  0.00261  0.50   94785     247   94661  3116362  32.88
1980-1989       45      0.00287  0.00287  0.50   94538     271   94402  3021700  31.96
1980-1989       46      0.00321  0.00321  0.50   94267     303   94116  2927298  31.05
1980-1989       47      0.00361  0.00360  0.50   93964     338   93795  2833182  30.15
1980-1989       48      0.00404  0.00403  0.50   93626     378   93437  2739387  29.26
1980-1989       49      0.00444  0.00443  0.50   93248     413   93042  2645950  28.38
1980-1989       50      0.00503  0.00502  0.50   92835     466   92602  2552908  27.50
1980-1989       51      0.00526  0.00525  0.50   92370     485   92127  2460305  26.64
1980-1989       52      0.00616  0.00614  0.50   91885     564   91602  2368178  25.77
1980-1989       53      0.00670  0.00667  0.50   91320     609   91016  2276576  24.93
1980-1989       54      0.00737  0.00734  0.50   90711     666   90378  2185560  24.09
1980-1989       55      0.00790  0.00787  0.50   90045     709   89691  2095182  23.27
1980-1989       56      0.00912  0.00907  0.50   89336     811   88931  2005492  22.45
1980-1989       57      0.01015  0.01010  0.50   88526     894   88078  1916561  21.65
1980-1989       58      0.01093  0.01087  0.50   87631     953   87155  1828482  20.87
1980-1989       59      0.01176  0.01169  0.50   86679    1013   86172  1741328  20.09
1980-1989       60      0.01338  0.01329  0.50   85665    1139   85096  1655156  19.32
1980-1989       61      0.01407  0.01398  0.50   84527    1181   83936  1570060  18.57
1980-1989       62      0.01591  0.01579  0.50   83345    1316   82687  1486124  17.83
1980-1989       63      0.01744  0.01729  0.50   82030    1418   81320  1403436  17.11
1980-1989       64      0.01870  0.01853  0.50   80611    1493   79864  1322116  16.40
1980-1989       65      0.02084  0.02063  0.50   79118    1632   78302  1242251  15.70
1980-1989       66      0.02268  0.02242  0.50   77486    1738   76617  1163949  15.02
1980-1989       67      0.02532  0.02500  0.50   75748    1894   74801  1087333  14.35
1980-1989       68      0.02774  0.02736  0.50   73855    2021   72844  1012531  13.71
1980-1989       69      0.02942  0.02900  0.50   71834    2083   70792   939687  13.08
1980-1989       70      0.03212  0.03161  0.50   69751    2205   68648   868895  12.46
1980-1989       71      0.03570  0.03507  0.50   67546    2369   66362   800246  11.85
1980-1989       72      0.04049  0.03968  0.50   65177    2586   63884   733885  11.26
1980-1989       73      0.04327  0.04236  0.50   62591    2651   61265   670001  10.70
1980-1989       74      0.04778  0.04667  0.50   59940    2797   58541   608735  10.16
1980-1989       75      0.05312  0.05175  0.50   57142    2957   55664   550194   9.63
1980-1989       76      0.05811  0.05647  0.50   54185    3060   52656   494530   9.13
1980-1989       77      0.06247  0.06058  0.50   51126    3097   49577   441875   8.64
1980-1989       78      0.06829  0.06604  0.50   48028    3172   46443   392298   8.17
1980-1989       79      0.07379  0.07116  0.50   44857    3192   43261   345855   7.71
1980-1989       80      0.08493  0.08147  0.50   41665    3395   39967   302595   7.26
1980-1989       81      0.08937  0.08555  0.50   38270    3274   36633   262627   6.86
1980-1989       82      0.10004  0.09527  0.50   34996    3334   33329   225994   6.46
1980-1989       83      0.10785  0.10233  0.50   31662    3240   30042   192665   6.09
1980-1989       84      0.11750  0.11098  0.50   28422    3154   26845   162624   5.72
1980-1989       85      0.13023  0.12227  0.50   25268    3090   23723   135779   5.37
1980-1989       86      0.13896  0.12993  0.50   22178    2882   20737   112056   5.05
1980-1989       87      0.15672  0.14533  0.50   19296    2804   17894    91319   4.73
1980-1989       88      0.17069  0.15726  0.50   16492    2594   15195    73424   4.45
1980-1989       89      0.17920  0.16447  0.50   13898    2286   12755    58229   4.19
1980-1989       90      0.20337  0.18460  0.50   11613    2144   10541    45474   3.92
1980-1989       91      0.21160  0.19136  0.50    9469    1812    8563    34933   3.69
1980-1989       92      0.23841  0.21301  0.50    7657    1631    6841    26370   3.44
1980-1989       93      0.25863  0.22902  0.50    6026    1380    5336    19528   3.24
1980-1989       94      0.27898  0.24483  0.50    4646    1137    4077    14193   3.05
1980-1989       95      0.29750  0.25898  0.50    3508     909    3054    10115   2.88
1980-1989       96      0.32042  0.27618  0.50    2600     718    2241     7061   2.72
1980-1989       97      0.34435  0.29377  0.50    1882     553    1605     4820   2.56
1980-1989       98      0.36919  0.31166  0.50    1329     414    1122     3215   2.42
1980-1989       99      0.39484  0.32974  0.50     915     302     764     2093   2.29
1980-1989      100      0.42118  0.34791  0.50     613     213     506     1329   2.17
1980-1989      101      0.44805  0.36605  0.50     400     146     327      823   2.06
1980-1989      102      0.47532  0.38405  0.50     253      97     205      496   1.96
1980-1989      103      0.50281  0.40179  0.50     156      63     125      291   1.86
1980-1989      104      0.53035  0.41919  0.50      93      39      74      166   1.78
1980-1989      105      0.55777  0.43614  0.50      54      24      42       92   1.70
1980-1989      106      0.58490  0.45255  0.50      31      14      24       50   1.64
1980-1989      107      0.61157  0.46835  0.50      17       8      13       26   1.58
1980-1989      108      0.63764  0.48349  0.50       9       4       7       14   1.52
1980-1989      109      0.66296  0.49791  0.50       5       2       3        7   1.48
1980-1989      110+     0.68741  1.00000  1.45       2       2       3        3   1.45
1990-1999        0      0.00695  0.00691  0.13  100000     691   99402  7683337  76.83
1990-1999        1      0.00068  0.00068  0.50   99309      67   99275  7583935  76.37
1990-1999        2      0.00041  0.00041  0.50   99242      41   99221  7484660  75.42
1990-1999        3      0.00031  0.00031  0.50   99201      31   99185  7385438  74.45
1990-1999        4      0.00027  0.00027  0.50   99170      27   99156  7286253  73.47
1990-1999        5      0.00021  0.00021  0.50   99143      21   99132  7187097  72.49
1990-1999        6      0.00020  0.00020  0.50   99122      19   99112  7087964  71.51
1990-1999        7      0.00021  0.00021  0.50   99103      21   99092  6988852  70.52
1990-1999        8      0.00018  0.00018  0.50   99082      18   99073  6889760  69.54
1990-1999        9      0.00015  0.00015  0.50   99064      15   99056  6790687  68.55
1990-1999       10      0.00017  0.00017  0.50   99049      17   99041  6691630  67.56
1990-1999       11      0.00021  0.00021  0.50   99032      21   99022  6592590  66.57
1990-1999       12      0.00021  0.00021  0.50   99012      21   99001  6493568  65.58
1990-1999       13      0.00025  0.00025  0.50   98990      24   98978  6394567  64.60
1990-1999       14      0.00036  0.00036  0.50   98966      35   98948  6295589  63.61
1990-1999       15      0.00048  0.00048  0.50   98931      48   98907  6196641  62.64
1990-1999       16      0.00077  0.00077  0.50   98883      77   98845  6097734  61.67
1990-1999       17      0.00088  0.00088  0.50   98806      87   98763  5998889  60.71
1990-1999       18      0.00102  0.00102  0.50   98720     101   98669  5900127  59.77
1990-1999       19      0.00110  0.00110  0.50   98619     109   98564  5801457  58.83
1990-1999       20      0.00111  0.00111  0.50   98510     109   98455  5702893  57.89
1990-1999       21      0.00103  0.00103  0.50   98401     101   98350  5604438  56.96
1990-1999       22      0.00103  0.00103  0.50   98300     102   98249  5506088  56.01
1990-1999       23      0.00101  0.00101  0.50   98198      99   98148  5407839  55.07
1990-1999       24      0.00107  0.00107  0.50   98099     105   98046  5309690  54.13
1990-1999       25      0.00105  0.00105  0.50   97994     103   97943  5211644  53.18
1990-1999       26      0.00097  0.00097  0.50   97891      95   97844  5113701  52.24
1990-1999       27      0.00096  0.00096  0.50   97796      94   97749  5015858  51.29
1990-1999       28      0.00095  0.00095  0.50   97702      93   97656  4918108  50.34
1990-1999       29      0.00094  0.00094  0.50   97610      92   97564  4820453  49.39
1990-1999       30      0.00095  0.00095  0.50   97518      92   97472  4722889  48.43
1990-1999       31      0.00092  0.00092  0.50   97425      90   97380  4625417  47.48
1990-1999       32      0.00097  0.00097  0.50   97336      94   97289  4528037  46.52
1990-1999       33      0.00096  0.00096  0.50   97242      93   97195  4430748  45.56
1990-1999       34      0.00108  0.00108  0.50   97148     105   97096  4333553  44.61
1990-1999       35      0.00107  0.00107  0.50   97044     104   96992  4236458  43.66
1990-1999       36      0.00107  0.00107  0.50   96940     104   96888  4139466  42.70
1990-1999       37      0.00122  0.00122  0.50   96836     118   96777  4042578  41.75
1990-1999       38      0.00128  0.00128  0.50   96718     124   96656  3945802  40.80
1990-1999       39      0.00133  0.00132  0.50   96594     128   96530  3849146  39.85
1990-1999       40      0.00148  0.00148  0.50   96466     143   96394  3752616  38.90
1990-1999       41      0.00155  0.00154  0.50   96323     149   96248  3656222  37.96
1990-1999       42      0.00176  0.00176  0.50   96174     169   96089  3559974  37.02
1990-1999       43      0.00186  0.00185  0.50   96005     178   95916  3463884  36.08
1990-1999       44      0.00194  0.00194  0.50   95827     186   95733  3367969  35.15
1990-1999       45      0.00213  0.00212  0.50   95640     203   95539  3272235  34.21
1990-1999       46      0.00246  0.00245  0.50   95437     234   95320  3176696  33.29
1990-1999       47      0.00260  0.00260  0.50   95203     247   95080  3081376  32.37
1990-1999       48      0.00297  0.00296  0.50   94956     281   94815  2986296  31.45
1990-1999       49      0.00325  0.00324  0.50   94675     307   94521  2891481  30.54
1990-1999       50      0.00356  0.00355  0.50   94368     335   94200  2796959  29.64
1990-1999       51      0.00398  0.00397  0.50   94033     374   93846  2702759  28.74
1990-1999       52      0.00457  0.00456  0.50   93659     427   93446  2608913  27.86
1990-1999       53      0.00501  0.00500  0.50   93232     466   92999  2515467  26.98
1990-1999       54      0.00580  0.00579  0.50   92766     537   92498  2422468  26.11
1990-1999       55      0.00606  0.00604  0.50   92229     557   91950  2329971  25.26
1990-1999       56      0.00681  0.00679  0.50   91672     622   91361  2238020  24.41
1990-1999       57      0.00729  0.00727  0.50   91049     662   90718  2146660  23.58
1990-1999       58      0.00804  0.00800  0.50   90388     723   90026  2055942  22.75
1990-1999       59      0.00930  0.00925  0.50   89664     830   89249  1965916  21.93
1990-1999       60      0.01026  0.01020  0.50   88834     906   88381  1876666  21.13
1990-1999       61      0.01066  0.01061  0.50   87928     933   87462  1788285  20.34
1990-1999       62      0.01216  0.01209  0.50   86995    1051   86470  1700824  19.55
1990-1999       63      0.01346  0.01337  0.50   85944    1149   85370  1614354  18.78
1990-1999       64      0.01505  0.01494  0.50   84795    1266   84162  1528985  18.03
1990-1999       65      0.01652  0.01639  0.50   83529    1369   82844  1444823  17.30
1990-1999       66      0.01771  0.01756  0.50   82160    1442   81439  1361979  16.58
1990-1999       67      0.01940  0.01921  0.50   80717    1551   79942  1280540  15.86
1990-1999       68      0.02105  0.02083  0.50   79167    1649   78342  1200598  15.17
1990-1999       69      0.02366  0.02338  0.50   77518    1812   76611  1122256  14.48
1990-1999       70      0.02587  0.02554  0.50   75705    1934   74738  1045645  13.81
1990-1999       71      0.02766  0.02728  0.50   73771    2013   72765   970906  13.16
1990-1999       72      0.03064  0.03018  0.50   71759    2166   70676   898141  12.52
1990-1999       73      0.03388  0.03332  0.50   69593    2319   68434   827465  11.89
1990-1999       74      0.03705  0.03638  0.50   67274    2447   66051   759032  11.28
1990-1999       75      0.04156  0.04071  0.50   64827    2639   63507   692981  10.69
1990-1999       76      0.04441  0.04345  0.50   62188    2702   60837   629474  10.12
1990-1999       77      0.04830  0.04716  0.50   59486    2805   58083   568637   9.56
1990-1999       78      0.05365  0.05225  0.50   56681    2962   55200   510554   9.01
1990-1999       79      0.06045  0.05867  0.50   53719    3152   52143   455354   8.48
1990-1999       80      0.06895  0.06666  0.50   50567    3371   48882   403211   7.97
1990-1999       81      0.07416  0.07151  0.50   47197    3375   45509   354329   7.51
1990-1999       82      0.08395  0.08057  0.50   43822    3531   42056   308820   7.05
1990-1999       83      0.09241  0.08833  0.50   40291    3559   38512   266764   6.62
1990-1999       84      0.10177  0.09684  0.50   36732    3557   34954   228252   6.21
1990-1999       85      0.11239  0.10641  0.50   33175    3530   31410   193299   5.83
1990-1999       86      0.12228  0.11524  0.50   29645    3416   27937   161889   5.46
1990-1999       87      0.13766  0.12879  0.50   26229    3378   24540   133952   5.11
1990-1999       88      0.14551  0.13564  0.50   22851    3100   21301   109412   4.79
1990-1999       89      0.16211  0.14996  0.50   19751    2962   18270    88111   4.46
1990-1999       90      0.18499  0.16932  0.50   16789    2843   15368    69841   4.16
1990-1999       91      0.19856  0.18063  0.50   13946    2519   12687    54473   3.91
1990-1999       92      0.21989  0.19811  0.50   11427    2264   10295    41787   3.66
1990-1999       93      0.23545  0.21065  0.50    9163    1930    8198    31491   3.44
1990-1999       94      0.25075  0.22282  0.50    7233    1612    6427    23293   3.22
1990-1999       95      0.27977  0.24544  0.50    5622    1380    4932    16866   3.00
1990-1999       96      0.30353  0.26353  0.50    4242    1118    3683    11934   2.81
1990-1999       97      0.32851  0.28216  0.50    3124     881    2683     8251   2.64
1990-1999       98      0.35463  0.30122  0.50    2242     675    1905     5568   2.48
1990-1999       99      0.38178  0.32058  0.50    1567     502    1316     3663   2.34
1990-1999      100      0.40982  0.34012  0.50    1065     362     884     2347   2.20
1990-1999      101      0.43859  0.35971  0.50     703     253     576     1464   2.08
1990-1999      102      0.46790  0.37919  0.50     450     171     365      888   1.97
1990-1999      103      0.49756  0.39844  0.50     279     111     224      523   1.87
1990-1999      104      0.52734  0.41731  0.50     168      70     133      299   1.78
1990-1999      105      0.55704  0.43569  0.50      98      43      77      166   1.70
1990-1999      106      0.58642  0.45346  0.50      55      25      43       90   1.63
1990-1999      107      0.61528  0.47053  0.50      30      14      23       47   1.56
1990-1999      108      0.64343  0.48681  0.50      16       8      12       24   1.51
1990-1999      109      0.67068  0.50226  0.50       8       4       6       12   1.46
1990-1999      110+     0.69689  1.00000  1.43       4       4       6        6   1.43
2000-2009        0      0.00524  0.00521  0.14  100000     521   99551  7959270  79.59
2000-2009        1      0.00057  0.00057  0.50   99479      57   99450  7859720  79.01
2000-2009        2      0.00030  0.00030  0.50   99422      30   99407  7760269  78.05
2000-2009        3      0.00022  0.00022  0.50   99392      22   99381  7660863  77.08
2000-2009        4      0.00018  0.00018  0.50   99370      18   99361  7561482  76.09
2000-2009        5      0.00014  0.00014  0.50   99351      14   99344  7462121  75.11
2000-2009        6      0.00014  0.00014  0.50   99337      14   99330  7362777  74.12
2000-2009        7      0.00016  0.00016  0.50   99323      15   99315  7263447  73.13
2000-2009        8      0.00011  0.00011  0.50   99308      11   99302  7164132  72.14
2000-2009        9      0.00013  0.00013  0.50   99297      13   99290  7064829  71.15
2000-2009       10      0.00011  0.00011  0.50   99284      11   99278  6965539  70.16
2000-2009       11      0.00014  0.00014  0.50   99273      14   99266  6866261  69.17
2000-2009       12      0.00017  0.00017  0.50   99259      17   99251  6766995  68.18
2000-2009       13      0.00020  0.00020  0.50   99242      19   99233  6667744  67.19
2000-2009       14      0.00027  0.00027  0.50   99223      27   99210  6568511  66.20
2000-2009       15      0.00038  0.00038  0.50   99196      38   99177  6469302  65.22
2000-2009       16      0.00058  0.00058  0.50   99158      58   99129  6370125  64.24
2000-2009       17      0.00073  0.00073  0.50   99100      72   99064  6270996  63.28
2000-2009       18      0.00078  0.00078  0.50   99028      77   98989  6171932  62.33
2000-2009       19      0.00069  0.00069  0.50   98950      68   98916  6072943  61.37
2000-2009       20      0.00073  0.00073  0.50   98882      73   98846  5974027  60.42
2000-2009       21      0.00069  0.00069  0.50   98809      68   98775  5875181  59.46
2000-2009       22      0.00075  0.00075  0.50   98741      74   98704  5776406  58.50
2000-2009       23      0.00067  0.00067  0.50   98667      66   98634  5677702  57.54
2000-2009       24      0.00067  0.00067  0.50   98601      66   98568  5579068  56.58
2000-2009       25      0.00071  0.00071  0.50   98534      70   98500  5480500  55.62
2000-2009       26      0.00069  0.00069  0.50   98465      68   98430  5382001  54.66
2000-2009       27      0.00066  0.00066  0.50   98396      65   98364  5283570  53.70
2000-2009       28      0.00071  0.00071  0.50   98331      70   98296  5185207  52.73
2000-2009       29      0.00074  0.00074  0.50   98261      72   98225  5086910  51.77
2000-2009       30      0.00074  0.00074  0.50   98189      73   98152  4988685  50.81
2000-2009       31      0.00071  0.00071  0.50   98116      70   98081  4890533  49.84
2000-2009       32      0.00091  0.00091  0.50   98046      89   98002  4792452  48.88
2000-2009       33      0.00080  0.00080  0.50   97957      79   97918  4694450  47.92
2000-2009       34      0.00087  0.00087  0.50   97878      85   97836  4596532  46.96
2000-2009       35      0.00092  0.00092  0.50   97793      90   97748  4498697  46.00
2000-2009       36      0.00096  0.00096  0.50   97703      93   97656  4400949  45.04
2000-2009       37      0.00103  0.00103  0.50   97609     101   97559  4303293  44.09
2000-2009       38      0.00108  0.00108  0.50   97508     106   97455  4205734  43.13
2000-2009       39      0.00111  0.00110  0.50   97403     108   97349  4108279  42.18
2000-2009       40      0.00125  0.00125  0.50   97295     121   97234  4010930  41.22
2000-2009       41      0.00130  0.00130  0.50   97174     126   97110  3913696  40.28
2000-2009       42      0.00138  0.00138  0.50   97047     134   96980  3816585  39.33
2000-2009       43      0.00154  0.00154  0.50   96913     149   96839  3719605  38.38
2000-2009       44      0.00170  0.00170  0.50   96764     165   96682  3622766  37.44
2000-2009       45      0.00187  0.00187  0.50   96599     181   96509  3526085  36.50
2000-2009       46      0.00193  0.00193  0.50   96419     186   96326  3429575  35.57
2000-2009       47      0.00216  0.00215  0.50   96233     207   96129  3333250  34.64
2000-2009       48      0.00233  0.00233  0.50   96025     223   95914  3237121  33.71
2000-2009       49      0.00254  0.00253  0.50   95802     243   95681  3141207  32.79
2000-2009       50      0.00273  0.00272  0.50   95559     260   95429  3045526  31.87
2000-2009       51      0.00313  0.00312  0.50   95299     298   95150  2950097  30.96
2000-2009       52      0.00342  0.00341  0.50   95002     324   94840  2854947  30.05
2000-2009       53      0.00370  0.00369  0.50   94677     350   94503  2760107  29.15
2000-2009       54      0.00394  0.00393  0.50   94328     371   94142  2665605  28.26
2000-2009       55      0.00446  0.00445  0.50   93957     418   93748  2571462  27.37
2000-2009       56      0.00481  0.00480  0.50   93539     449   93314  2477715  26.49
2000-2009       57      0.00521  0.00520  0.50   93090     484   92848  2384400  25.61
2000-2009       58      0.00563  0.00562  0.50   92606     520   92346  2291552  24.75
2000-2009       59      0.00656  0.00654  0.50   92086     603   91784  2199207  23.88
2000-2009       60      0.00688  0.00686  0.50   91483     627   91169  2107422  23.04
2000-2009       61      0.00780  0.00777  0.50   90856     706   90503  2016253  22.19
2000-2009       62      0.00888  0.00884  0.50   90150     797   89752  1925750  21.36
2000-2009       63      0.00917  0.00913  0.50   89353     815   88946  1835998  20.55
2000-2009       64      0.01027  0.01021  0.50   88538     904   88086  1747052  19.73
2000-2009       65      0.01159  0.01152  0.50   87634    1010   87129  1658967  18.93
2000-2009       66      0.01215  0.01208  0.50   86624    1046   86101  1571838  18.15
2000-2009       67      0.01400  0.01390  0.50   85578    1190   84983  1485737  17.36
2000-2009       68      0.01571  0.01559  0.50   84388    1316   83730  1400754  16.60
2000-2009       69      0.01702  0.01687  0.50   83072    1402   82371  1317024  15.85
2000-2009       70      0.01878  0.01860  0.50   81670    1519   80911  1234653  15.12
2000-2009       71      0.02101  0.02079  0.50   80151    1666   79318  1153743  14.39
2000-2009       72      0.02308  0.02281  0.50   78485    1790   77589  1074425  13.69
2000-2009       73      0.02593  0.02560  0.50   76694    1963   75713   996835  13.00
2000-2009       74      0.02844  0.02805  0.50   74731    2096   73683   921123  12.33
2000-2009       75      0.03030  0.02985  0.50   72635    2168   71551   847439  11.67
2000-2009       76      0.03432  0.03374  0.50   70467    2378   69278   775888  11.01
2000-2009       77      0.03828  0.03756  0.50   68090    2557   66811   706609  10.38
2000-2009       78      0.04295  0.04205  0.50   65532    2755   64155   639798   9.76
2000-2009       79      0.04788  0.04676  0.50   62777    2936   61309   575644   9.17
2000-2009       80      0.05459  0.05314  0.50   59841    3180   58251   514335   8.59
2000-2009       81      0.06086  0.05906  0.50   56661    3347   54988   456084   8.05
2000-2009       82      0.06849  0.06622  0.50   53314    3531   51549   401096   7.52
2000-2009       83      0.07686  0.07401  0.50   49784    3685   47942   349547   7.02
2000-2009       84      0.08623  0.08266  0.50   46099    3811   44194   301605   6.54
2000-2009       85      0.09753  0.09299  0.50   42289    3933   40322   257412   6.09
2000-2009       86      0.10943  0.10375  0.50   38356    3980   36366   217089   5.66
2000-2009       87      0.12168  0.11470  0.50   34377    3943   32405   180723   5.26
2000-2009       88      0.13776  0.12888  0.50   30433    3922   28472   148318   4.87
2000-2009       89      0.15385  0.14286  0.50   26511    3788   24617   119845   4.52
2000-2009       90      0.17387  0.15997  0.50   22724    3635   20906    95228   4.19
2000-2009       91      0.19320  0.17618  0.50   19089    3363   17407    74322   3.89
2000-2009       92      0.20840  0.18873  0.50   15726    2968   14242    56915   3.62
2000-2009       93      0.23957  0.21394  0.50   12758    2729   11393    42673   3.34
2000-2009       94      0.25930  0.22954  0.50   10028    2302    8877    31280   3.12
2000-2009       95      0.28533  0.24971  0.50    7726    1929    6762    22403   2.90
2000-2009       96      0.31330  0.27087  0.50    5797    1570    5012    15641   2.70
2000-2009       97      0.34281  0.29265  0.50    4227    1237    3608    10629   2.51
2000-2009       98      0.37371  0.31487  0.50    2990     941    2519     7021   2.35
2000-2009       99      0.40579  0.33734  0.50    2048     691    1703     4501   2.20
2000-2009      100      0.43881  0.35985  0.50    1357     488    1113     2798   2.06
2000-2009      101      0.47249  0.38220  0.50     869     332     703     1685   1.94
2000-2009      102      0.50653  0.40417  0.50     537     217     428      982   1.83
2000-2009      103      0.54061  0.42558  0.50     320     136     252      554   1.73
2000-2009      104      0.57441  0.44624  0.50     184      82     143      302   1.65
2000-2009      105      0.60760  0.46602  0.50     102      47      78      160   1.57
2000-2009      106      0.63990  0.48479  0.50      54      26      41       81   1.50
2000-2009      107      0.67105  0.50246  0.50      28      14      21       40   1.44
2000-2009      108      0.70082  0.51897  0.50      14       7      10       19   1.39
2000-2009      109      0.72903  0.53428  0.50       7       4       5        9   1.35
2000-2009      110+     0.75555  1.00000  1.32       3       3       4        4   1.32
2010-2019        0      0.00436  0.00435  0.14  100000     435   99626  8151822  81.52
2010-2019        1      0.00039  0.00039  0.50   99565      39   99546  8052196  80.87
2010-2019        2      0.00022  0.00022  0.50   99526      22   99515  7952650  79.91
2010-2019        3      0.00013  0.00013  0.50   99504      13   99498  7853135  78.92
2010-2019        4      0.00013  0.00013  0.50   99492      13   99485  7753637  77.93
2010-2019        5      0.00011  0.00011  0.50   99479      11   99474  7654151  76.94
2010-2019        6      0.00009  0.00009  0.50   99468       9   99464  7554678  75.95
2010-2019        7      0.00008  0.00008  0.50   99459       8   99455  7455214  74.96
2010-2019        8      0.00008  0.00008  0.50   99451       8   99447  7355759  73.96
2010-2019        9      0.00010  0.00010  0.50   99443      10   99438  7256312  72.97
2010-2019       10      0.00008  0.00008  0.50   99432       8   99429  7156874  71.98
2010-2019       11      0.00008  0.00008  0.50   99425       8   99421  7057446  70.98
2010-2019       12      0.00011  0.00011  0.50   99416      11   99411  6958025  69.99
2010-2019       13      0.00016  0.00016  0.50   99405      15   99397  6858614  69.00
2010-2019       14      0.00018  0.00018  0.50   99390      18   99381  6759217  68.01
2010-2019       15      0.00032  0.00032  0.50   99372      32   99356  6659836  67.02
2010-2019       16      0.00036  0.00036  0.50   99340      35   99322  6560480  66.04
2010-2019       17      0.00048  0.00048  0.50   99305      48   99281  6461157  65.06
2010-2019       18      0.00056  0.00056  0.50   99257      55   99229  6361876  64.10
2010-2019       19      0.00056  0.00056  0.50   99202      55   99174  6262647  63.13
2010-2019       20      0.00056  0.00056  0.50   99147      55   99119  6163473  62.17
2010-2019       21      0.00062  0.00062  0.50   99091      61   99061  6064354  61.20
2010-2019       22      0.00058  0.00058  0.50   99030      57   99001  5965293  60.24
2010-2019       23      0.00057  0.00057  0.50   98973      57   98944  5866292  59.27
2010-2019       24      0.00056  0.00056  0.50   98916      55   98888  5767347  58.31
2010-2019       25      0.00061  0.00061  0.50   98861      60   98831  5668459  57.34
2010-2019       26      0.00056  0.00056  0.50   98801      56   98773  5569628  56.37
2010-2019       27      0.00059  0.00059  0.50   98745      58   98716  5470856  55.40
2010-2019       28      0.00052  0.00052  0.50   98687      51   98661  5372139  54.44
2010-2019       29      0.00054  0.00054  0.50   98636      53   98609  5273478  53.46
2010-2019       30      0.00059  0.00059  0.50   98583      58   98554  5174869  52.49
2010-2019       31      0.00064  0.00064  0.50   98525      63   98494  5076315  51.52
2010-2019       32      0.00065  0.00065  0.50   98462      64   98430  4977821  50.56
2010-2019       33      0.00070  0.00070  0.50   98398      69   98364  4879391  49.59
2010-2019       34      0.00070  0.00070  0.50   98329      69   98295  4781027  48.62
2010-2019       35      0.00072  0.00072  0.50   98260      71   98225  4682733  47.66
2010-2019       36      0.00080  0.00080  0.50   98189      78   98150  4584508  46.69
2010-2019       37      0.00084  0.00084  0.50   98111      83   98070  4486358  45.73
2010-2019       38      0.00091  0.00091  0.50   98028      89   97984  4388289  44.77
2010-2019       39      0.00093  0.00093  0.50   97939      91   97893  4290305  43.81
2010-2019       40      0.00111  0.00111  0.50   97848     109   97793  4192412  42.85
2010-2019       41      0.00111  0.00111  0.50   97739     109   97684  4094619  41.89
2010-2019       42      0.00125  0.00125  0.50   97630     122   97569  3996934  40.94
2010-2019       43      0.00136  0.00136  0.50   97509     133   97442  3899365  39.99
2010-2019       44      0.00144  0.00144  0.50   97376     140   97306  3801923  39.04
2010-2019       45      0.00163  0.00163  0.50   97236     159   97157  3704617  38.10
2010-2019       46      0.00173  0.00173  0.50   97077     168   96993  3607460  37.16
2010-2019       47      0.00189  0.00189  0.50   96909     183   96818  3510467  36.22
2010-2019       48      0.00216  0.00216  0.50   96726     209   96622  3413649  35.29
2010-2019       49      0.00226  0.00226  0.50   96517     218   96408  3317027  34.37
2010-2019       50      0.00256  0.00255  0.50   96300     246   96177  3220619  33.44
2010-2019       51      0.00267  0.00267  0.50   96054     256   95926  3124442  32.53
2010-2019       52      0.00297  0.00296  0.50   95797     284   95656  3028517  31.61
2010-2019       53      0.00321  0.00320  0.50   95514     306   95361  2932861  30.71
2010-2019       54      0.00362  0.00361  0.50   95208     344   95036  2837500  29.80
2010-2019       55      0.00384  0.00383  0.50   94864     363   94683  2742464  28.91
2010-2019       56      0.00417  0.00416  0.50   94501     393   94304  2647781  28.02
2010-2019       57      0.00429  0.00428  0.50   94108     403   93906  2553477  27.13
2010-2019       58      0.00490  0.00488  0.50   93705     458   93476  2459571  26.25
2010-2019       59      0.00534  0.00532  0.50   93247     496   92999  2366095  25.37
2010-2019       60      0.00567  0.00565  0.50   92751     524   92489  2273096  24.51
2010-2019       61      0.00606  0.00604  0.50   92227     557   91948  2180607  23.64
2010-2019       62      0.00676  0.00674  0.50   91670     618   91361  2088658  22.78
2010-2019       63      0.00749  0.00747  0.50   91052     680   90712  1997297  21.94
2010-2019       64      0.00810  0.00807  0.50   90372     729   90008  1906585  21.10
2010-2019       65      0.00876  0.00873  0.50   89643     782   89252  1816577  20.26
2010-2019       66      0.00986  0.00981  0.50   88861     872   88425  1727326  19.44
2010-2019       67      0.01082  0.01076  0.50   87989     947   87515  1638901  18.63
2010-2019       68      0.01175  0.01168  0.50   87042    1017   86534  1551386  17.82
2010-2019       69      0.01315  0.01306  0.50   86025    1124   85463  1464852  17.03
2010-2019       70      0.01429  0.01419  0.50   84901    1204   84299  1379389  16.25
2010-2019       71      0.01591  0.01578  0.50   83697    1321   83037  1295089  15.47
2010-2019       72      0.01786  0.01770  0.50   82376    1458   81647  1212053  14.71
2010-2019       73      0.01982  0.01963  0.50   80918    1588   80124  1130406  13.97
2010-2019       74      0.02222  0.02198  0.50   79330    1744   78458  1050282  13.24
2010-2019       75      0.02460  0.02430  0.50   77586    1885   76644   971824  12.53
2010-2019       76      0.02743  0.02705  0.50   75701    2048   74677   895180  11.83
2010-2019       77      0.03103  0.03056  0.50   73653    2250   72528   820503  11.14
2010-2019       78      0.03505  0.03444  0.50   71403    2459   70173   747975  10.48
2010-2019       79      0.03889  0.03815  0.50   68943    2630   67628   677802   9.83
2010-2019       80      0.04502  0.04403  0.50   66313    2920   64853   610173   9.20
2010-2019       81      0.05030  0.04906  0.50   63393    3110   61838   545320   8.60
2010-2019       82      0.05810  0.05646  0.50   60283    3403   58581   483482   8.02
2010-2019       83      0.06480  0.06276  0.50   56880    3570   55095   424901   7.47
2010-2019       84      0.07437  0.07170  0.50   53310    3822   51398   369806   6.94
2010-2019       85      0.08505  0.08158  0.50   49487    4037   47469   318408   6.43
2010-2019       86      0.09649  0.09205  0.50   45450    4184   43358   270939   5.96
2010-2019       87      0.10974  0.10403  0.50   41266    4293   39120   227581   5.51
2010-2019       88      0.12468  0.11736  0.50   36973    4339   34804   188461   5.10
2010-2019       89      0.14006  0.13089  0.50   32634    4272   30498   153658   4.71
2010-2019       90      0.16216  0.15000  0.50   28362    4254   26235   123160   4.34
2010-2019       91      0.17948  0.16470  0.50   24108    3971   22123    96924   4.02
2010-2019       92      0.19905  0.18103  0.50   20137    3646   18315    74801   3.71
2010-2019       93      0.22409  0.20151  0.50   16492    3323   14830    56487   3.43
2010-2019       94      0.25063  0.22272  0.50   13169    2933   11702    41657   3.16
2010-2019       95      0.27824  0.24425  0.50   10236    2500    8986    29954   2.93
2010-2019       96      0.30790  0.26682  0.50    7736    2064    6704    20969   2.71
2010-2019       97      0.33933  0.29011  0.50    5672    1645    4849    14265   2.52
2010-2019       98      0.37236  0.31391  0.50    4026    1264    3394     9416   2.34
2010-2019       99      0.40674  0.33800  0.50    2762     934    2295     6022   2.18
2010-2019      100      0.44217  0.36211  0.50    1829     662    1498     3726   2.04
2010-2019      101      0.47833  0.38601  0.50    1166     450     941     2229   1.91
2010-2019      102      0.51483  0.40943  0.50     716     293     570     1288   1.80
2010-2019      103      0.55129  0.43216  0.50     423     183     332      718   1.70
2010-2019      104      0.58731  0.45399  0.50     240     109     186      386   1.61
2010-2019      105      0.62252  0.47475  0.50     131      62     100      201   1.53
2010-2019      106      0.65658  0.49430  0.50      69      34      52      101   1.46
2010-2019      107      0.68917  0.51255  0.50      35      18      26       49   1.40
2010-2019      108      0.72005  0.52944  0.50      17       9      12       23   1.35
2010-2019      109      0.74903  0.54494  0.50       8       4       6       10   1.31
2010-2019      110+     0.77600  1.00000  1.29       4       4       5        5   1.29
2020-2021        0      0.00418  0.00417  0.14  100000     417   99642  8247969  82.48
2020-2021        1      0.00033  0.00033  0.50   99583      32   99567  8148327  81.82
2020-2021        2      0.00017  0.00017  0.50   99551      17   99542  8048760  80.85
2020-2021        3      0.00012  0.00012  0.50   99534      12   99528  7949218  79.86
2020-2021        4      0.00012  0.00012  0.50   99521      12   99516  7849690  78.87
2020-2021        5      0.00012  0.00012  0.50   99510      12   99504  7750174  77.88
2020-2021        6      0.00007  0.00007  0.50   99498       7   99494  7650671  76.89
2020-2021        7      0.00005  0.00005  0.50   99491       5   99489  7551176  75.90
2020-2021        8      0.00007  0.00007  0.50   99486       7   99483  7451688  74.90
2020-2021        9      0.00009  0.00009  0.50   99479       9   99475  7352205  73.91
2020-2021       10      0.00009  0.00009  0.50   99471       9   99466  7252730  72.91
2020-2021       11      0.00009  0.00009  0.50   99462       9   99457  7153264  71.92
2020-2021       12      0.00007  0.00007  0.50   99453       7   99450  7053806  70.93
2020-2021       13      0.00016  0.00016  0.50   99446      16   99438  6954357  69.93
2020-2021       14      0.00023  0.00023  0.50   99431      23   99419  6854918  68.94
2020-2021       15      0.00026  0.00026  0.50   99408      26   99394  6755499  67.96
2020-2021       16      0.00036  0.00036  0.50   99381      36   99364  6656105  66.98
2020-2021       17      0.00040  0.00040  0.50   99346      40   99326  6556741  66.00
2020-2021       18      0.00038  0.00038  0.50   99306      38   99287  6457415  65.03
2020-2021       19      0.00058  0.00058  0.50   99268      58   99239  6358128  64.05
2020-2021       20      0.00050  0.00050  0.50   99210      50   99185  6258889  63.09
2020-2021       21      0.00061  0.00061  0.50   99160      61   99130  6159704  62.12
2020-2021       22      0.00045  0.00045  0.50   99100      45   99077  6060574  61.16
2020-2021       23      0.00055  0.00055  0.50   99055      55   99028  5961497  60.18
2020-2021       24      0.00050  0.00050  0.50   99000      49   98976  5862469  59.22
2020-2021       25      0.00055  0.00055  0.50   98951      54   98924  5763494  58.25
2020-2021       26      0.00052  0.00052  0.50   98897      51   98871  5664570  57.28
2020-2021       27      0.00044  0.00044  0.50   98846      44   98824  5565699  56.31
2020-2021       28      0.00058  0.00058  0.50   98802      57   98773  5466875  55.33
2020-2021       29      0.00055  0.00055  0.50   98745      54   98717  5368102  54.36
2020-2021       30      0.00059  0.00059  0.50   98690      58   98661  5269384  53.39
2020-2021       31      0.00056  0.00056  0.50   98632      55   98605  5170723  52.42
2020-2021       32      0.00057  0.00057  0.50   98577      57   98549  5072118  51.45
2020-2021       33      0.00063  0.00063  0.50   98520      62   98489  4973569  50.48
2020-2021       34      0.00061  0.00061  0.50   98458      60   98428  4875080  49.51
2020-2021       35      0.00071  0.00071  0.50   98398      70   98363  4776652  48.54
2020-2021       36      0.00081  0.00081  0.50   98328      80   98288  4678289  47.58
2020-2021       37      0.00093  0.00093  0.50   98248      92   98202  4580002  46.62
2020-2021       38      0.00077  0.00077  0.50   98156      76   98118  4481800  45.66
2020-2021       39      0.00078  0.00078  0.50   98080      77   98042  4383682  44.69
2020-2021       40      0.00087  0.00087  0.50   98003      85   97961  4285640  43.73
2020-2021       41      0.00122  0.00122  0.50   97918     120   97859  4187679  42.77
2020-2021       42      0.00114  0.00114  0.50   97799     112   97743  4089820  41.82
2020-2021       43      0.00133  0.00133  0.50   97687     130   97622  3992077  40.87
2020-2021       44      0.00140  0.00140  0.50   97557     137   97489  3894455  39.92
2020-2021       45      0.00143  0.00143  0.50   97420     139   97351  3796966  38.98
2020-2021       46      0.00153  0.00153  0.50   97281     149   97206  3699616  38.03
2020-2021       47      0.00201  0.00201  0.50   97132     195   97034  3602409  37.09
2020-2021       48      0.00176  0.00176  0.50   96936     170   96851  3505375  36.16
2020-2021       49      0.00202  0.00202  0.50   96766     196   96668  3408524  35.22
2020-2021       50      0.00230  0.00230  0.50   96570     222   96459  3311856  34.29
2020-2021       51      0.00243  0.00243  0.50   96348     234   96231  3215397  33.37
2020-2021       52      0.00297  0.00296  0.50   96114     285   95972  3119166  32.45
2020-2021       53      0.00309  0.00309  0.50   95830     296   95682  3023194  31.55
2020-2021       54      0.00356  0.00355  0.50   95534     339   95364  2927512  30.64
2020-2021       55      0.00344  0.00343  0.50   95194     327   95031  2832148  29.75
2020-2021       56      0.00406  0.00405  0.50   94867     385   94675  2737117  28.85
2020-2021       57      0.00448  0.00447  0.50   94483     423   94271  2642442  27.97
2020-2021       58      0.00435  0.00434  0.50   94060     408   93856  2548171  27.09
2020-2021       59      0.00518  0.00516  0.50   93652     484   93410  2454315  26.21
2020-2021       60      0.00533  0.00531  0.50   93169     495   92921  2360904  25.34
2020-2021       61      0.00604  0.00602  0.50   92673     558   92395  2267983  24.47
2020-2021       62      0.00636  0.00634  0.50   92116     584   91824  2175589  23.62
2020-2021       63      0.00674  0.00671  0.50   91532     614   91224  2083765  22.77
2020-2021       64      0.00738  0.00735  0.50   90917     669   90583  1992541  21.92
2020-2021       65      0.00805  0.00802  0.50   90249     724   89887  1901958  21.07
2020-2021       66      0.00899  0.00895  0.50   89525     801   89124  1812072  20.24
2020-2021       67      0.00986  0.00981  0.50   88723     870   88288  1722948  19.42
2020-2021       68      0.01057  0.01051  0.50   87853     924   87391  1634660  18.61
2020-2021       69      0.01185  0.01178  0.50   86929    1024   86417  1547269  17.80
2020-2021       70      0.01279  0.01271  0.50   85905    1092   85359  1460852  17.01
2020-2021       71      0.01467  0.01456  0.50   84813    1235   84196  1375493  16.22
2020-2021       72      0.01561  0.01549  0.50   83578    1295   82931  1291297  15.45
2020-2021       73      0.01687  0.01673  0.50   82283    1376   81595  1208366  14.69
2020-2021       74      0.01921  0.01903  0.50   80907    1540   80137  1126771  13.93
2020-2021       75      0.02206  0.02182  0.50   79367    1732   78501  1046634  13.19
2020-2021       76      0.02340  0.02313  0.50   77636    1796   76738   968132  12.47
2020-2021       77      0.02898  0.02856  0.50   75840    2166   74757   891395  11.75
2020-2021       78      0.03143  0.03094  0.50   73674    2280   72534   816638  11.08
2020-2021       79      0.03374  0.03318  0.50   71394    2369   70210   744104  10.42
2020-2021       80      0.03947  0.03870  0.50   69025    2671   67689   673894   9.76
2020-2021       81      0.04455  0.04358  0.50   66353    2892   64908   606205   9.14
2020-2021       82      0.04974  0.04853  0.50   63462    3080   61922   541298   8.53
2020-2021       83      0.06162  0.05978  0.50   60382    3610   58577   479376   7.94
2020-2021       84      0.06531  0.06324  0.50   56772    3590   54977   420799   7.41
2020-2021       85      0.07651  0.07369  0.50   53182    3919   51222   365822   6.88
2020-2021       86      0.08642  0.08284  0.50   49263    4081   47222   314600   6.39
2020-2021       87      0.09753  0.09299  0.50   45181    4202   43081   267377   5.92
2020-2021       88      0.11271  0.10669  0.50   40980    4372   38794   224297   5.47
2020-2021       89      0.12599  0.11852  0.50   36608    4339   34438   185503   5.07
2020-2021       90      0.14100  0.13172  0.50   32269    4250   30144   151065   4.68
2020-2021       91      0.16315  0.15085  0.50   28018    4226   25905   120921   4.32
2020-2021       92      0.17941  0.16464  0.50   23792    3917   21833    95016   3.99
2020-2021       93      0.20613  0.18687  0.50   19875    3714   18018    73183   3.68
2020-2021       94      0.21923  0.19758  0.50   16161    3193   14564    55165   3.41
2020-2021       95      0.25429  0.22560  0.50   12968    2926   11505    40601   3.13
2020-2021       96      0.28224  0.24733  0.50   10042    2484    8800    29096   2.90
2020-2021       97      0.31203  0.26992  0.50    7558    2040    6538    20295   2.69
2020-2021       98      0.34354  0.29318  0.50    5518    1618    4709    13757   2.49
2020-2021       99      0.37657  0.31690  0.50    3900    1236    3282     9048   2.32
2020-2021      100      0.41088  0.34085  0.50    2664     908    2210     5765   2.16
2020-2021      101      0.44617  0.36479  0.50    1756     641    1436     3555   2.02
2020-2021      102      0.48212  0.38847  0.50    1116     433     899     2119   1.90
2020-2021      103      0.51836  0.41166  0.50     682     281     542     1220   1.79
2020-2021      104      0.55450  0.43414  0.50     401     174     314      678   1.69
2020-2021      105      0.59018  0.45571  0.50     227     103     175      364   1.60
2020-2021      106      0.62503  0.47621  0.50     124      59      94      189   1.53
2020-2021      107      0.65871  0.49551  0.50      65      32      49       95   1.46
2020-2021      108      0.69093  0.51353  0.50      33      17      24       46   1.41
2020-2021      109      0.72147  0.53020  0.50      16       8      12       22   1.36
2020-2021      110+     0.75013  1.00000  1.33       7       7      10       10   1.33
