Poland, Life tables (period 1x10), Total	Last modified: 13 Apr 2021;  Methods Protocol: v6 (2017)

  Year          Age         mx       qx    ax      lx      dx      Lx       Tx     ex
1958-1959        0      0.07470  0.07099  0.30  100000    7099   95034  6573319  65.73
1958-1959        1      0.00497  0.00495  0.50   92901     460   92671  6478286  69.73
1958-1959        2      0.00190  0.00190  0.50   92441     175   92353  6385615  69.08
1958-1959        3      0.00131  0.00131  0.50   92265     121   92205  6293262  68.21
1958-1959        4      0.00100  0.00100  0.50   92144      92   92098  6201057  67.30
1958-1959        5      0.00082  0.00082  0.50   92052      75   92014  6108959  66.36
1958-1959        6      0.00072  0.00072  0.50   91977      67   91943  6016945  65.42
1958-1959        7      0.00069  0.00069  0.50   91910      64   91878  5925002  64.47
1958-1959        8      0.00060  0.00060  0.50   91846      55   91819  5833123  63.51
1958-1959        9      0.00053  0.00053  0.50   91791      48   91767  5741305  62.55
1958-1959       10      0.00054  0.00054  0.50   91743      49   91718  5649538  61.58
1958-1959       11      0.00054  0.00054  0.50   91693      49   91669  5557820  60.61
1958-1959       12      0.00053  0.00053  0.50   91644      49   91620  5466151  59.65
1958-1959       13      0.00056  0.00056  0.50   91595      51   91570  5374531  58.68
1958-1959       14      0.00064  0.00064  0.50   91544      59   91515  5282962  57.71
1958-1959       15      0.00070  0.00070  0.50   91485      64   91453  5191447  56.75
1958-1959       16      0.00083  0.00083  0.50   91422      75   91384  5099993  55.79
1958-1959       17      0.00094  0.00094  0.50   91346      86   91303  5008610  54.83
1958-1959       18      0.00110  0.00110  0.50   91261     100   91210  4917306  53.88
1958-1959       19      0.00133  0.00133  0.50   91160     121   91100  4826096  52.94
1958-1959       20      0.00146  0.00146  0.50   91039     133   90973  4734996  52.01
1958-1959       21      0.00148  0.00148  0.50   90906     135   90839  4644023  51.09
1958-1959       22      0.00147  0.00147  0.50   90772     133   90705  4553184  50.16
1958-1959       23      0.00148  0.00148  0.50   90639     134   90572  4462479  49.23
1958-1959       24      0.00161  0.00161  0.50   90505     145   90432  4371907  48.31
1958-1959       25      0.00165  0.00164  0.50   90359     149   90285  4281475  47.38
1958-1959       26      0.00164  0.00164  0.50   90211     148   90137  4191190  46.46
1958-1959       27      0.00164  0.00164  0.50   90063     148   89989  4101053  45.54
1958-1959       28      0.00173  0.00173  0.50   89915     156   89837  4011065  44.61
1958-1959       29      0.00187  0.00187  0.50   89759     168   89675  3921228  43.69
1958-1959       30      0.00195  0.00194  0.50   89591     174   89504  3831553  42.77
1958-1959       31      0.00190  0.00190  0.50   89417     170   89332  3742049  41.85
1958-1959       32      0.00198  0.00198  0.50   89247     177   89159  3652716  40.93
1958-1959       33      0.00208  0.00208  0.50   89071     185   88978  3563557  40.01
1958-1959       34      0.00224  0.00224  0.50   88885     199   88786  3474579  39.09
1958-1959       35      0.00227  0.00227  0.50   88686     201   88585  3385794  38.18
1958-1959       36      0.00230  0.00230  0.50   88485     204   88383  3297208  37.26
1958-1959       37      0.00240  0.00240  0.50   88281     212   88175  3208825  36.35
1958-1959       38      0.00273  0.00273  0.50   88069     240   87949  3120650  35.43
1958-1959       39      0.00287  0.00287  0.50   87829     252   87703  3032701  34.53
1958-1959       40      0.00296  0.00295  0.50   87577     259   87448  2944998  33.63
1958-1959       41      0.00308  0.00308  0.50   87318     269   87184  2857551  32.73
1958-1959       42      0.00336  0.00336  0.50   87050     292   86904  2770367  31.83
1958-1959       43      0.00370  0.00369  0.50   86758     320   86598  2683463  30.93
1958-1959       44      0.00397  0.00396  0.50   86437     342   86266  2596865  30.04
1958-1959       45      0.00411  0.00410  0.50   86095     353   85919  2510599  29.16
1958-1959       46      0.00451  0.00450  0.50   85742     385   85549  2424680  28.28
1958-1959       47      0.00501  0.00499  0.50   85357     426   85143  2339131  27.40
1958-1959       48      0.00540  0.00539  0.50   84930     458   84702  2253988  26.54
1958-1959       49      0.00602  0.00600  0.50   84473     507   84219  2169286  25.68
1958-1959       50      0.00648  0.00646  0.50   83966     543   83694  2085067  24.83
1958-1959       51      0.00717  0.00714  0.50   83423     596   83125  2001372  23.99
1958-1959       52      0.00790  0.00787  0.50   82827     652   82501  1918247  23.16
1958-1959       53      0.00850  0.00847  0.50   82175     696   81828  1835746  22.34
1958-1959       54      0.00925  0.00921  0.50   81480     750   81105  1753918  21.53
1958-1959       55      0.01006  0.01001  0.50   80730     808   80326  1672813  20.72
1958-1959       56      0.01140  0.01134  0.50   79922     906   79469  1592488  19.93
1958-1959       57      0.01242  0.01235  0.50   79016     975   78528  1513019  19.15
1958-1959       58      0.01355  0.01345  0.50   78040    1050   77515  1434491  18.38
1958-1959       59      0.01540  0.01528  0.50   76990    1176   76402  1356976  17.63
1958-1959       60      0.01748  0.01733  0.50   75814    1314   75157  1280574  16.89
1958-1959       61      0.01875  0.01857  0.50   74500    1384   73808  1205417  16.18
1958-1959       62      0.02074  0.02053  0.50   73116    1501   72366  1131609  15.48
1958-1959       63      0.02207  0.02183  0.50   71615    1563   70834  1059243  14.79
1958-1959       64      0.02430  0.02401  0.50   70052    1682   69211   988410  14.11
1958-1959       65      0.02663  0.02628  0.50   68370    1797   67472   919198  13.44
1958-1959       66      0.02930  0.02888  0.50   66574    1923   65612   851727  12.79
1958-1959       67      0.03321  0.03267  0.50   64651    2112   63595   786114  12.16
1958-1959       68      0.03647  0.03581  0.50   62539    2240   61419   722520  11.55
1958-1959       69      0.03993  0.03915  0.50   60299    2361   59119   661100  10.96
1958-1959       70      0.04289  0.04199  0.50   57939    2433   56722   601982  10.39
1958-1959       71      0.04942  0.04823  0.50   55506    2677   54168   545259   9.82
1958-1959       72      0.05460  0.05315  0.50   52829    2808   51425   491092   9.30
1958-1959       73      0.05880  0.05712  0.50   50021    2857   48593   439667   8.79
1958-1959       74      0.06364  0.06168  0.50   47164    2909   45709   391074   8.29
1958-1959       75      0.07213  0.06962  0.50   44255    3081   42714   345365   7.80
1958-1959       76      0.07920  0.07618  0.50   41174    3137   39605   302650   7.35
1958-1959       77      0.08733  0.08368  0.50   38037    3183   36446   263045   6.92
1958-1959       78      0.09930  0.09461  0.50   34854    3297   33205   226599   6.50
1958-1959       79      0.10342  0.09834  0.50   31557    3103   30005   193394   6.13
1958-1959       80      0.11922  0.11251  0.50   28454    3201   26853   163389   5.74
1958-1959       81      0.12968  0.12178  0.50   25252    3075   23715   136536   5.41
1958-1959       82      0.14240  0.13294  0.50   22177    2948   20703   112821   5.09
1958-1959       83      0.15635  0.14502  0.50   19229    2788   17835    92118   4.79
1958-1959       84      0.16828  0.15522  0.50   16440    2552   15164    74284   4.52
1958-1959       85      0.18624  0.17038  0.50   13889    2366   12705    59119   4.26
1958-1959       86      0.19172  0.17495  0.50   11522    2016   10514    46414   4.03
1958-1959       87      0.21250  0.19209  0.50    9506    1826    8593    35900   3.78
1958-1959       88      0.22896  0.20544  0.50    7680    1578    6891    27306   3.56
1958-1959       89      0.26084  0.23074  0.50    6102    1408    5398    20415   3.35
1958-1959       90      0.25793  0.22847  0.50    4694    1073    4158    15016   3.20
1958-1959       91      0.29114  0.25415  0.50    3622     920    3162    10858   3.00
1958-1959       92      0.31952  0.27551  0.50    2701     744    2329     7697   2.85
1958-1959       93      0.32707  0.28110  0.50    1957     550    1682     5367   2.74
1958-1959       94      0.31877  0.27495  0.50    1407     387    1214     3685   2.62
1958-1959       95      0.37278  0.31421  0.50    1020     321     860     2472   2.42
1958-1959       96      0.39579  0.33041  0.50     700     231     584     1612   2.30
1958-1959       97      0.41926  0.34660  0.50     468     162     387     1028   2.19
1958-1959       98      0.44308  0.36272  0.50     306     111     251      641   2.09
1958-1959       99      0.46714  0.37869  0.50     195      74     158      390   2.00
1958-1959      100      0.49135  0.39445  0.50     121      48      97      232   1.91
1958-1959      101      0.51560  0.40992  0.50      73      30      58      135   1.84
1958-1959      102      0.53976  0.42505  0.50      43      18      34       76   1.76
1958-1959      103      0.56374  0.43978  0.50      25      11      19       42   1.70
1958-1959      104      0.58743  0.45407  0.50      14       6      11       23   1.64
1958-1959      105      0.61073  0.46786  0.50       8       4       6       12   1.58
1958-1959      106      0.63354  0.48113  0.50       4       2       3        6   1.53
1958-1959      107      0.65577  0.49385  0.50       2       1       2        3   1.48
1958-1959      108      0.67736  0.50599  0.50       1       1       1        2   1.44
1958-1959      109      0.69823  0.51755  0.50       1       0       0        1   1.41
1958-1959      110+     0.71833  1.00000  1.39       0       0       0        0   1.39
1960-1969        0      0.04626  0.04461  0.20  100000    4461   96431  6891390  68.91
1960-1969        1      0.00279  0.00278  0.50   95539     266   95406  6794959  71.12
1960-1969        2      0.00128  0.00128  0.50   95273     122   95212  6699553  70.32
1960-1969        3      0.00089  0.00089  0.50   95151      84   95109  6604340  69.41
1960-1969        4      0.00072  0.00072  0.50   95067      69   95033  6509231  68.47
1960-1969        5      0.00061  0.00061  0.50   94998      58   94970  6414198  67.52
1960-1969        6      0.00053  0.00053  0.50   94941      50   94915  6319229  66.56
1960-1969        7      0.00048  0.00048  0.50   94890      46   94867  6224314  65.59
1960-1969        8      0.00044  0.00044  0.50   94844      42   94823  6129446  64.63
1960-1969        9      0.00041  0.00041  0.50   94802      39   94783  6034623  63.65
1960-1969       10      0.00039  0.00039  0.50   94764      37   94745  5939840  62.68
1960-1969       11      0.00039  0.00039  0.50   94727      37   94709  5845095  61.70
1960-1969       12      0.00039  0.00039  0.50   94690      37   94672  5750386  60.73
1960-1969       13      0.00041  0.00041  0.50   94654      39   94634  5655714  59.75
1960-1969       14      0.00049  0.00049  0.50   94614      46   94591  5561080  58.78
1960-1969       15      0.00057  0.00057  0.50   94568      54   94541  5466489  57.80
1960-1969       16      0.00061  0.00061  0.50   94515      58   94486  5371948  56.84
1960-1969       17      0.00074  0.00074  0.50   94457      70   94422  5277462  55.87
1960-1969       18      0.00089  0.00089  0.50   94387      84   94345  5183040  54.91
1960-1969       19      0.00106  0.00106  0.50   94303     100   94253  5088695  53.96
1960-1969       20      0.00113  0.00113  0.50   94203     106   94150  4994442  53.02
1960-1969       21      0.00116  0.00116  0.50   94097     109   94042  4900293  52.08
1960-1969       22      0.00122  0.00122  0.50   93988     115   93931  4806250  51.14
1960-1969       23      0.00127  0.00127  0.50   93873     119   93814  4712320  50.20
1960-1969       24      0.00133  0.00133  0.50   93754     125   93692  4618506  49.26
1960-1969       25      0.00137  0.00137  0.50   93630     128   93566  4524813  48.33
1960-1969       26      0.00134  0.00134  0.50   93502     125   93439  4431248  47.39
1960-1969       27      0.00141  0.00141  0.50   93377     132   93311  4337808  46.45
1960-1969       28      0.00146  0.00146  0.50   93245     136   93177  4244497  45.52
1960-1969       29      0.00153  0.00153  0.50   93109     143   93038  4151320  44.59
1960-1969       30      0.00157  0.00157  0.50   92966     146   92893  4058283  43.65
1960-1969       31      0.00164  0.00164  0.50   92820     152   92745  3965389  42.72
1960-1969       32      0.00173  0.00173  0.50   92669     160   92588  3872645  41.79
1960-1969       33      0.00183  0.00183  0.50   92508     170   92423  3780056  40.86
1960-1969       34      0.00191  0.00191  0.50   92339     176   92251  3687633  39.94
1960-1969       35      0.00201  0.00201  0.50   92162     185   92070  3595382  39.01
1960-1969       36      0.00214  0.00213  0.50   91977     196   91879  3503313  38.09
1960-1969       37      0.00225  0.00225  0.50   91781     206   91678  3411434  37.17
1960-1969       38      0.00243  0.00242  0.50   91575     222   91464  3319756  36.25
1960-1969       39      0.00258  0.00257  0.50   91353     235   91235  3228293  35.34
1960-1969       40      0.00277  0.00277  0.50   91117     252   90991  3137058  34.43
1960-1969       41      0.00291  0.00291  0.50   90865     264   90733  3046066  33.52
1960-1969       42      0.00312  0.00311  0.50   90601     282   90460  2955333  32.62
1960-1969       43      0.00337  0.00336  0.50   90319     304   90167  2864873  31.72
1960-1969       44      0.00364  0.00364  0.50   90015     327   89851  2774706  30.82
1960-1969       45      0.00395  0.00394  0.50   89688     354   89511  2684855  29.94
1960-1969       46      0.00434  0.00433  0.50   89334     387   89141  2595344  29.05
1960-1969       47      0.00460  0.00459  0.50   88947     409   88743  2506204  28.18
1960-1969       48      0.00497  0.00495  0.50   88539     439   88319  2417461  27.30
1960-1969       49      0.00555  0.00553  0.50   88100     487   87856  2329141  26.44
1960-1969       50      0.00600  0.00598  0.50   87613     524   87351  2241285  25.58
1960-1969       51      0.00653  0.00651  0.50   87089     567   86805  2153934  24.73
1960-1969       52      0.00722  0.00720  0.50   86522     623   86210  2067128  23.89
1960-1969       53      0.00782  0.00779  0.50   85899     669   85564  1980918  23.06
1960-1969       54      0.00859  0.00855  0.50   85230     729   84866  1895353  22.24
1960-1969       55      0.00937  0.00933  0.50   84501     788   84107  1810488  21.43
1960-1969       56      0.01030  0.01025  0.50   83713     858   83284  1726381  20.62
1960-1969       57      0.01143  0.01136  0.50   82855     941   82385  1643096  19.83
1960-1969       58      0.01243  0.01236  0.50   81914    1012   81408  1560712  19.05
1960-1969       59      0.01390  0.01380  0.50   80902    1117   80344  1479304  18.29
1960-1969       60      0.01565  0.01553  0.50   79785    1239   79166  1398960  17.53
1960-1969       61      0.01668  0.01654  0.50   78546    1299   77897  1319794  16.80
1960-1969       62      0.01853  0.01836  0.50   77247    1419   76538  1241898  16.08
1960-1969       63      0.02039  0.02018  0.50   75828    1530   75063  1165360  15.37
1960-1969       64      0.02255  0.02230  0.50   74298    1657   73470  1090297  14.67
1960-1969       65      0.02523  0.02491  0.50   72641    1810   71737  1016827  14.00
1960-1969       66      0.02761  0.02723  0.50   70832    1929   69867   945090  13.34
1960-1969       67      0.03037  0.02991  0.50   68903    2061   67872   875223  12.70
1960-1969       68      0.03336  0.03282  0.50   66842    2193   65745   807351  12.08
1960-1969       69      0.03738  0.03669  0.50   64648    2372   63462   741606  11.47
1960-1969       70      0.04081  0.03999  0.50   62276    2491   61031   678143  10.89
1960-1969       71      0.04507  0.04408  0.50   59786    2635   58468   617112  10.32
1960-1969       72      0.04909  0.04791  0.50   57151    2738   55782   558644   9.77
1960-1969       73      0.05457  0.05312  0.50   54413    2891   52967   502862   9.24
1960-1969       74      0.05988  0.05814  0.50   51522    2996   50024   449895   8.73
1960-1969       75      0.06574  0.06365  0.50   48526    3089   46982   399871   8.24
1960-1969       76      0.07240  0.06987  0.50   45438    3175   43850   352889   7.77
1960-1969       77      0.07971  0.07666  0.50   42263    3240   40643   309039   7.31
1960-1969       78      0.08772  0.08403  0.50   39023    3279   37384   268396   6.88
1960-1969       79      0.09621  0.09180  0.50   35744    3281   34103   231012   6.46
1960-1969       80      0.10844  0.10286  0.50   32463    3339   30793   196909   6.07
1960-1969       81      0.11850  0.11187  0.50   29124    3258   27495   166115   5.70
1960-1969       82      0.13062  0.12261  0.50   25866    3171   24280   138621   5.36
1960-1969       83      0.14222  0.13278  0.50   22694    3013   21187   114341   5.04
1960-1969       84      0.15562  0.14438  0.50   19681    2842   18260    93153   4.73
1960-1969       85      0.16969  0.15642  0.50   16839    2634   15522    74893   4.45
1960-1969       86      0.18662  0.17069  0.50   14205    2425   12993    59371   4.18
1960-1969       87      0.20277  0.18410  0.50   11781    2169   10696    46378   3.94
1960-1969       88      0.21767  0.19631  0.50    9612    1887    8668    35682   3.71
1960-1969       89      0.23664  0.21160  0.50    7725    1635    6908    27014   3.50
1960-1969       90      0.25632  0.22720  0.50    6090    1384    5398    20106   3.30
1960-1969       91      0.27182  0.23930  0.50    4707    1126    4143    14708   3.12
1960-1969       92      0.28954  0.25293  0.50    3580     906    3128    10564   2.95
1960-1969       93      0.31369  0.27116  0.50    2675     725    2312     7437   2.78
1960-1969       94      0.33392  0.28615  0.50    1949     558    1671     5125   2.63
1960-1969       95      0.36008  0.30515  0.50    1392     425    1179     3454   2.48
1960-1969       96      0.38406  0.32219  0.50     967     312     811     2275   2.35
1960-1969       97      0.40865  0.33932  0.50     655     222     544     1464   2.23
1960-1969       98      0.43375  0.35645  0.50     433     154     356      919   2.12
1960-1969       99      0.45924  0.37348  0.50     279     104     227      563   2.02
1960-1969      100      0.48500  0.39034  0.50     175      68     141      337   1.93
1960-1969      101      0.51088  0.40693  0.50     106      43      85      196   1.84
1960-1969      102      0.53674  0.42318  0.50      63      27      50      111   1.77
1960-1969      103      0.56246  0.43900  0.50      36      16      28       62   1.70
1960-1969      104      0.58789  0.45434  0.50      20       9      16       33   1.63
1960-1969      105      0.61290  0.46913  0.50      11       5       9       18   1.57
1960-1969      106      0.63736  0.48333  0.50       6       3       4        9   1.52
1960-1969      107      0.66118  0.49691  0.50       3       2       2        4   1.47
1960-1969      108      0.68424  0.50982  0.50       2       1       1        2   1.43
1960-1969      109      0.70646  0.52205  0.50       1       0       1        1   1.40
1960-1969      110+     0.72777  1.00000  1.37       0       0       0        0   1.37
1970-1979        0      0.03065  0.02987  0.14  100000    2987   97445  7032659  70.33
1970-1979        1      0.00149  0.00148  0.50   97013     144   96941  6935214  71.49
1970-1979        2      0.00083  0.00083  0.50   96869      80   96829  6838272  70.59
1970-1979        3      0.00066  0.00066  0.50   96789      64   96757  6741443  69.65
1970-1979        4      0.00055  0.00055  0.50   96725      54   96699  6644686  68.70
1970-1979        5      0.00049  0.00049  0.50   96672      47   96648  6547988  67.73
1970-1979        6      0.00044  0.00044  0.50   96624      42   96603  6451339  66.77
1970-1979        7      0.00043  0.00043  0.50   96582      42   96562  6354736  65.80
1970-1979        8      0.00039  0.00039  0.50   96541      38   96522  6258174  64.82
1970-1979        9      0.00036  0.00036  0.50   96503      35   96486  6161652  63.85
1970-1979       10      0.00034  0.00034  0.50   96468      32   96452  6065167  62.87
1970-1979       11      0.00031  0.00031  0.50   96436      30   96421  5968715  61.89
1970-1979       12      0.00033  0.00033  0.50   96406      32   96390  5872294  60.91
1970-1979       13      0.00035  0.00035  0.50   96374      34   96357  5775904  59.93
1970-1979       14      0.00041  0.00041  0.50   96340      40   96320  5679547  58.95
1970-1979       15      0.00049  0.00049  0.50   96300      47   96277  5583227  57.98
1970-1979       16      0.00056  0.00056  0.50   96253      54   96226  5486950  57.01
1970-1979       17      0.00068  0.00068  0.50   96199      66   96166  5390724  56.04
1970-1979       18      0.00086  0.00086  0.50   96133      83   96092  5294558  55.08
1970-1979       19      0.00099  0.00099  0.50   96051      95   96003  5198466  54.12
1970-1979       20      0.00104  0.00104  0.50   95956     100   95906  5102463  53.18
1970-1979       21      0.00110  0.00110  0.50   95856     105   95804  5006557  52.23
1970-1979       22      0.00112  0.00112  0.50   95751     108   95697  4910753  51.29
1970-1979       23      0.00117  0.00117  0.50   95643     112   95587  4815056  50.34
1970-1979       24      0.00119  0.00119  0.50   95531     113   95475  4719469  49.40
1970-1979       25      0.00123  0.00123  0.50   95418     117   95359  4623994  48.46
1970-1979       26      0.00126  0.00125  0.50   95301     120   95241  4528635  47.52
1970-1979       27      0.00130  0.00130  0.50   95181     124   95119  4433394  46.58
1970-1979       28      0.00129  0.00129  0.50   95058     123   94996  4338274  45.64
1970-1979       29      0.00137  0.00137  0.50   94935     130   94870  4243278  44.70
1970-1979       30      0.00146  0.00146  0.50   94805     139   94735  4148408  43.76
1970-1979       31      0.00155  0.00155  0.50   94666     147   94593  4053673  42.82
1970-1979       32      0.00160  0.00160  0.50   94519     151   94443  3959080  41.89
1970-1979       33      0.00176  0.00176  0.50   94368     166   94285  3864636  40.95
1970-1979       34      0.00187  0.00187  0.50   94202     176   94114  3770352  40.02
1970-1979       35      0.00199  0.00199  0.50   94026     187   93932  3676238  39.10
1970-1979       36      0.00213  0.00212  0.50   93839     199   93739  3582306  38.18
1970-1979       37      0.00224  0.00224  0.50   93640     210   93535  3488566  37.26
1970-1979       38      0.00244  0.00244  0.50   93430     228   93316  3395032  36.34
1970-1979       39      0.00268  0.00268  0.50   93202     250   93077  3301716  35.43
1970-1979       40      0.00287  0.00286  0.50   92953     266   92820  3208638  34.52
1970-1979       41      0.00312  0.00311  0.50   92687     289   92542  3115818  33.62
1970-1979       42      0.00336  0.00336  0.50   92398     310   92243  3023276  32.72
1970-1979       43      0.00371  0.00370  0.50   92088     341   91918  2931033  31.83
1970-1979       44      0.00399  0.00398  0.50   91747     366   91565  2839115  30.94
1970-1979       45      0.00433  0.00432  0.50   91382     395   91184  2747551  30.07
1970-1979       46      0.00476  0.00475  0.50   90987     432   90771  2656367  29.20
1970-1979       47      0.00514  0.00513  0.50   90555     465   90322  2565596  28.33
1970-1979       48      0.00556  0.00554  0.50   90090     499   89840  2475273  27.48
1970-1979       49      0.00614  0.00612  0.50   89591     548   89317  2385433  26.63
1970-1979       50      0.00661  0.00659  0.50   89043     587   88749  2296116  25.79
1970-1979       51      0.00706  0.00704  0.50   88456     623   88144  2207367  24.95
1970-1979       52      0.00768  0.00765  0.50   87833     672   87497  2119222  24.13
1970-1979       53      0.00824  0.00821  0.50   87161     716   86803  2031725  23.31
1970-1979       54      0.00895  0.00891  0.50   86445     770   86060  1944922  22.50
1970-1979       55      0.00967  0.00963  0.50   85675     825   85263  1858862  21.70
1970-1979       56      0.01025  0.01020  0.50   84850     865   84418  1773599  20.90
1970-1979       57      0.01147  0.01140  0.50   83985     958   83506  1689181  20.11
1970-1979       58      0.01258  0.01251  0.50   83027    1038   82508  1605675  19.34
1970-1979       59      0.01350  0.01341  0.50   81989    1100   81439  1523167  18.58
1970-1979       60      0.01509  0.01498  0.50   80890    1211   80284  1441727  17.82
1970-1979       61      0.01616  0.01603  0.50   79678    1277   79040  1361443  17.09
1970-1979       62      0.01758  0.01742  0.50   78401    1366   77718  1282404  16.36
1970-1979       63      0.01939  0.01920  0.50   77035    1479   76295  1204686  15.64
1970-1979       64      0.02129  0.02106  0.50   75556    1592   74760  1128390  14.93
1970-1979       65      0.02347  0.02320  0.50   73964    1716   73106  1053630  14.25
1970-1979       66      0.02596  0.02563  0.50   72249    1851   71323   980524  13.57
1970-1979       67      0.02879  0.02838  0.50   70397    1998   69398   909201  12.92
1970-1979       68      0.03207  0.03156  0.50   68400    2159   67320   839802  12.28
1970-1979       69      0.03531  0.03470  0.50   66241    2298   65092   772482  11.66
1970-1979       70      0.03935  0.03860  0.50   63942    2468   62708   707391  11.06
1970-1979       71      0.04333  0.04241  0.50   61474    2607   60171   644682  10.49
1970-1979       72      0.04737  0.04627  0.50   58867    2724   57506   584511   9.93
1970-1979       73      0.05249  0.05115  0.50   56144    2872   54708   527006   9.39
1970-1979       74      0.05826  0.05661  0.50   53272    3016   51764   472298   8.87
1970-1979       75      0.06424  0.06224  0.50   50256    3128   48692   420534   8.37
1970-1979       76      0.07073  0.06831  0.50   47128    3219   45518   371842   7.89
1970-1979       77      0.07861  0.07564  0.50   43909    3321   42248   326324   7.43
1970-1979       78      0.08654  0.08295  0.50   40587    3367   38904   284076   7.00
1970-1979       79      0.09639  0.09196  0.50   37220    3423   35509   245172   6.59
1970-1979       80      0.10376  0.09864  0.50   33798    3334   32131   209663   6.20
1970-1979       81      0.11379  0.10767  0.50   30464    3280   28824   177533   5.83
1970-1979       82      0.12424  0.11698  0.50   27184    3180   25594   148709   5.47
1970-1979       83      0.13729  0.12847  0.50   24004    3084   22462   123115   5.13
1970-1979       84      0.15105  0.14045  0.50   20920    2938   19451   100653   4.81
1970-1979       85      0.16435  0.15187  0.50   17982    2731   16616    81202   4.52
1970-1979       86      0.18160  0.16649  0.50   15251    2539   13981    64586   4.23
1970-1979       87      0.19924  0.18119  0.50   12712    2303   11560    50604   3.98
1970-1979       88      0.21325  0.19271  0.50   10409    2006    9406    39044   3.75
1970-1979       89      0.23099  0.20707  0.50    8403    1740    7533    29638   3.53
1970-1979       90      0.25269  0.22435  0.50    6663    1495    5915    22105   3.32
1970-1979       91      0.26967  0.23763  0.50    5168    1228    4554    16190   3.13
1970-1979       92      0.28927  0.25272  0.50    3940     996    3442    11636   2.95
1970-1979       93      0.31052  0.26879  0.50    2944     791    2549     8194   2.78
1970-1979       94      0.33094  0.28395  0.50    2153     611    1847     5645   2.62
1970-1979       95      0.36159  0.30622  0.50    1542     472    1306     3798   2.46
1970-1979       96      0.38674  0.32407  0.50    1069     347     896     2493   2.33
1970-1979       97      0.41254  0.34200  0.50     723     247     599     1596   2.21
1970-1979       98      0.43887  0.35989  0.50     476     171     390      997   2.10
1970-1979       99      0.46556  0.37765  0.50     304     115     247      607   1.99
1970-1979      100      0.49248  0.39517  0.50     189      75     152      360   1.90
1970-1979      101      0.51945  0.41235  0.50     115      47      91      208   1.81
1970-1979      102      0.54632  0.42911  0.50      67      29      53      117   1.74
1970-1979      103      0.57293  0.44535  0.50      38      17      30       64   1.67
1970-1979      104      0.59912  0.46102  0.50      21      10      16       34   1.60
1970-1979      105      0.62475  0.47605  0.50      11       5       9       18   1.54
1970-1979      106      0.64970  0.49039  0.50       6       3       5        9   1.49
1970-1979      107      0.67383  0.50402  0.50       3       2       2        4   1.44
1970-1979      108      0.69707  0.51691  0.50       2       1       1        2   1.40
1970-1979      109      0.71932  0.52904  0.50       1       0       1        1   1.37
1970-1979      110+     0.74052  1.00000  1.35       0       0       0        0   1.35
1980-1989        0      0.02291  0.02246  0.12  100000    2246   98017  7064655  70.65
1980-1989        1      0.00112  0.00112  0.50   97754     109   97700  6966638  71.27
1980-1989        2      0.00063  0.00063  0.50   97645      61   97614  6868938  70.35
1980-1989        3      0.00049  0.00049  0.50   97583      48   97560  6771324  69.39
1980-1989        4      0.00039  0.00039  0.50   97536      38   97517  6673764  68.42
1980-1989        5      0.00036  0.00036  0.50   97497      35   97480  6576248  67.45
1980-1989        6      0.00034  0.00034  0.50   97463      34   97446  6478768  66.47
1980-1989        7      0.00033  0.00033  0.50   97429      32   97413  6381322  65.50
1980-1989        8      0.00032  0.00032  0.50   97397      31   97382  6283908  64.52
1980-1989        9      0.00030  0.00030  0.50   97367      29   97352  6186526  63.54
1980-1989       10      0.00028  0.00028  0.50   97337      27   97324  6089174  62.56
1980-1989       11      0.00027  0.00027  0.50   97310      27   97297  5991850  61.57
1980-1989       12      0.00028  0.00028  0.50   97283      27   97270  5894554  60.59
1980-1989       13      0.00030  0.00030  0.50   97256      29   97241  5797284  59.61
1980-1989       14      0.00034  0.00034  0.50   97227      33   97210  5700042  58.63
1980-1989       15      0.00044  0.00044  0.50   97194      43   97172  5602832  57.65
1980-1989       16      0.00051  0.00051  0.50   97151      50   97126  5505660  56.67
1980-1989       17      0.00064  0.00064  0.50   97101      62   97070  5408534  55.70
1980-1989       18      0.00083  0.00083  0.50   97039      81   96998  5311464  54.74
1980-1989       19      0.00093  0.00093  0.50   96958      90   96913  5214465  53.78
1980-1989       20      0.00095  0.00095  0.50   96868      92   96822  5117553  52.83
1980-1989       21      0.00096  0.00096  0.50   96775      93   96729  5020731  51.88
1980-1989       22      0.00102  0.00102  0.50   96682      98   96633  4924002  50.93
1980-1989       23      0.00106  0.00106  0.50   96584     102   96533  4827369  49.98
1980-1989       24      0.00107  0.00107  0.50   96482     104   96430  4730836  49.03
1980-1989       25      0.00112  0.00112  0.50   96378     108   96324  4634406  48.09
1980-1989       26      0.00114  0.00114  0.50   96270     110   96215  4538082  47.14
1980-1989       27      0.00120  0.00120  0.50   96160     115   96103  4441868  46.19
1980-1989       28      0.00127  0.00127  0.50   96045     122   95984  4345765  45.25
1980-1989       29      0.00133  0.00133  0.50   95923     127   95859  4249781  44.30
1980-1989       30      0.00145  0.00145  0.50   95795     138   95726  4153922  43.36
1980-1989       31      0.00151  0.00151  0.50   95657     145   95585  4058196  42.42
1980-1989       32      0.00160  0.00160  0.50   95512     153   95436  3962611  41.49
1980-1989       33      0.00169  0.00169  0.50   95359     161   95279  3867176  40.55
1980-1989       34      0.00185  0.00184  0.50   95198     176   95110  3771897  39.62
1980-1989       35      0.00200  0.00199  0.50   95022     189   94928  3676787  38.69
1980-1989       36      0.00216  0.00216  0.50   94833     205   94730  3581859  37.77
1980-1989       37      0.00237  0.00236  0.50   94628     224   94516  3487129  36.85
1980-1989       38      0.00257  0.00257  0.50   94404     242   94283  3392612  35.94
1980-1989       39      0.00287  0.00287  0.50   94162     270   94027  3298329  35.03
1980-1989       40      0.00314  0.00314  0.50   93892     294   93744  3204303  34.13
1980-1989       41      0.00339  0.00339  0.50   93597     317   93438  3110558  33.23
1980-1989       42      0.00372  0.00371  0.50   93280     346   93107  3017120  32.34
1980-1989       43      0.00405  0.00404  0.50   92934     376   92746  2924013  31.46
1980-1989       44      0.00446  0.00445  0.50   92558     411   92352  2831267  30.59
1980-1989       45      0.00488  0.00487  0.50   92147     449   91922  2738915  29.72
1980-1989       46      0.00523  0.00522  0.50   91698     479   91458  2646992  28.87
1980-1989       47      0.00572  0.00570  0.50   91219     520   90959  2555534  28.02
1980-1989       48      0.00625  0.00623  0.50   90699     565   90416  2464575  27.17
1980-1989       49      0.00688  0.00686  0.50   90134     618   89825  2374158  26.34
1980-1989       50      0.00746  0.00743  0.50   89516     665   89183  2284334  25.52
1980-1989       51      0.00819  0.00816  0.50   88851     725   88488  2195151  24.71
1980-1989       52      0.00889  0.00885  0.50   88126     780   87736  2106662  23.91
1980-1989       53      0.00955  0.00951  0.50   87346     831   86931  2018926  23.11
1980-1989       54      0.01038  0.01033  0.50   86516     893   86069  1931996  22.33
1980-1989       55      0.01121  0.01115  0.50   85622     954   85145  1845927  21.56
1980-1989       56      0.01215  0.01207  0.50   84668    1022   84157  1760782  20.80
1980-1989       57      0.01304  0.01296  0.50   83646    1084   83104  1676625  20.04
1980-1989       58      0.01426  0.01416  0.50   82562    1169   81978  1593521  19.30
1980-1989       59      0.01540  0.01528  0.50   81393    1244   80771  1511543  18.57
1980-1989       60      0.01677  0.01663  0.50   80149    1333   79482  1430773  17.85
1980-1989       61      0.01807  0.01791  0.50   78816    1411   78110  1351290  17.14
1980-1989       62      0.01936  0.01918  0.50   77405    1484   76663  1273180  16.45
1980-1989       63      0.02092  0.02070  0.50   75921    1572   75135  1196517  15.76
1980-1989       64      0.02274  0.02248  0.50   74349    1672   73513  1121382  15.08
1980-1989       65      0.02472  0.02441  0.50   72677    1774   71790  1047869  14.42
1980-1989       66      0.02668  0.02633  0.50   70903    1867   69969   976080  13.77
1980-1989       67      0.02889  0.02848  0.50   69036    1966   68053   906110  13.13
1980-1989       68      0.03137  0.03089  0.50   67070    2072   66034   838058  12.50
1980-1989       69      0.03450  0.03391  0.50   64998    2204   63896   772024  11.88
1980-1989       70      0.03742  0.03673  0.50   62794    2306   61641   708127  11.28
1980-1989       71      0.04140  0.04056  0.50   60488    2454   59261   646487  10.69
1980-1989       72      0.04564  0.04462  0.50   58034    2590   56739   587226  10.12
1980-1989       73      0.05030  0.04906  0.50   55444    2720   54084   530487   9.57
1980-1989       74      0.05553  0.05403  0.50   52724    2849   51300   476403   9.04
1980-1989       75      0.06130  0.05947  0.50   49875    2966   48392   425103   8.52
1980-1989       76      0.06774  0.06552  0.50   46909    3073   45372   376711   8.03
1980-1989       77      0.07462  0.07193  0.50   43835    3153   42259   331339   7.56
1980-1989       78      0.08236  0.07910  0.50   40682    3218   39073   289080   7.11
1980-1989       79      0.09101  0.08705  0.50   37464    3261   35834   250007   6.67
1980-1989       80      0.10194  0.09700  0.50   34203    3318   32544   214173   6.26
1980-1989       81      0.11135  0.10548  0.50   30885    3258   29257   181629   5.88
1980-1989       82      0.12263  0.11555  0.50   27628    3192   26032   152372   5.52
1980-1989       83      0.13449  0.12602  0.50   24435    3079   22896   126341   5.17
1980-1989       84      0.14985  0.13941  0.50   21356    2977   19867   103445   4.84
1980-1989       85      0.16305  0.15076  0.50   18379    2771   16993    83578   4.55
1980-1989       86      0.17778  0.16327  0.50   15608    2548   14334    66584   4.27
1980-1989       87      0.19525  0.17789  0.50   13060    2323   11898    52251   4.00
1980-1989       88      0.21303  0.19252  0.50   10737    2067    9703    40353   3.76
1980-1989       89      0.23185  0.20776  0.50    8670    1801    7769    30650   3.54
1980-1989       90      0.24965  0.22194  0.50    6868    1524    6106    22881   3.33
1980-1989       91      0.26998  0.23787  0.50    5344    1271    4708    16774   3.14
1980-1989       92      0.28809  0.25181  0.50    4073    1026    3560    12066   2.96
1980-1989       93      0.30974  0.26820  0.50    3047     817    2639     8506   2.79
1980-1989       94      0.32432  0.27907  0.50    2230     622    1919     5868   2.63
1980-1989       95      0.36192  0.30646  0.50    1608     493    1361     3949   2.46
1980-1989       96      0.38775  0.32478  0.50    1115     362     934     2587   2.32
1980-1989       97      0.41427  0.34318  0.50     753     258     624     1654   2.20
1980-1989       98      0.44132  0.36154  0.50     494     179     405     1030   2.08
1980-1989       99      0.46873  0.37973  0.50     316     120     256      625   1.98
1980-1989      100      0.49633  0.39765  0.50     196      78     157      369   1.88
1980-1989      101      0.52394  0.41518  0.50     118      49      93      212   1.80
1980-1989      102      0.55138  0.43222  0.50      69      30      54      119   1.72
1980-1989      103      0.57847  0.44869  0.50      39      18      30       65   1.65
1980-1989      104      0.60505  0.46452  0.50      22      10      17       34   1.59
1980-1989      105      0.63096  0.47964  0.50      12       6       9       18   1.53
1980-1989      106      0.65607  0.49401  0.50       6       3       5        9   1.48
1980-1989      107      0.68025  0.50760  0.50       3       2       2        4   1.43
1980-1989      108      0.70341  0.52039  0.50       1       1       1        2   1.39
1980-1989      109      0.72548  0.53237  0.50       1       0       1        1   1.36
1980-1989      110+     0.74638  1.00000  1.34       0       0       0        0   1.34
1990-1999        0      0.01441  0.01423  0.12  100000    1423   98748  7174160  71.74
1990-1999        1      0.00077  0.00077  0.50   98577      75   98540  7075412  71.78
1990-1999        2      0.00047  0.00047  0.50   98502      46   98479  6976872  70.83
1990-1999        3      0.00036  0.00036  0.50   98456      35   98438  6878394  69.86
1990-1999        4      0.00030  0.00030  0.50   98420      30   98405  6779956  68.89
1990-1999        5      0.00025  0.00025  0.50   98390      25   98378  6681550  67.91
1990-1999        6      0.00024  0.00024  0.50   98365      24   98353  6583173  66.93
1990-1999        7      0.00023  0.00022  0.50   98341      22   98330  6484819  65.94
1990-1999        8      0.00024  0.00024  0.50   98319      23   98307  6386489  64.96
1990-1999        9      0.00021  0.00021  0.50   98296      21   98285  6288182  63.97
1990-1999       10      0.00022  0.00022  0.50   98275      22   98264  6189896  62.99
1990-1999       11      0.00021  0.00021  0.50   98253      20   98243  6091632  62.00
1990-1999       12      0.00022  0.00022  0.50   98233      22   98222  5993389  61.01
1990-1999       13      0.00024  0.00024  0.50   98211      24   98199  5895167  60.03
1990-1999       14      0.00031  0.00031  0.50   98187      30   98172  5796968  59.04
1990-1999       15      0.00040  0.00040  0.50   98157      39   98137  5698796  58.06
1990-1999       16      0.00051  0.00051  0.50   98118      50   98093  5600659  57.08
1990-1999       17      0.00064  0.00064  0.50   98068      63   98037  5502566  56.11
1990-1999       18      0.00079  0.00079  0.50   98005      78   97966  5404529  55.15
1990-1999       19      0.00089  0.00089  0.50   97927      87   97884  5306563  54.19
1990-1999       20      0.00087  0.00086  0.50   97841      85   97798  5208679  53.24
1990-1999       21      0.00090  0.00090  0.50   97756      88   97712  5110880  52.28
1990-1999       22      0.00094  0.00094  0.50   97668      92   97622  5013168  51.33
1990-1999       23      0.00090  0.00090  0.50   97576      88   97532  4915546  50.38
1990-1999       24      0.00096  0.00096  0.50   97488      93   97441  4818013  49.42
1990-1999       25      0.00094  0.00094  0.50   97395      91   97349  4720572  48.47
1990-1999       26      0.00100  0.00100  0.50   97304      98   97255  4623223  47.51
1990-1999       27      0.00106  0.00106  0.50   97206     103   97154  4525968  46.56
1990-1999       28      0.00113  0.00113  0.50   97103     109   97048  4428814  45.61
1990-1999       29      0.00119  0.00119  0.50   96994     115   96936  4331765  44.66
1990-1999       30      0.00130  0.00130  0.50   96878     126   96815  4234829  43.71
1990-1999       31      0.00139  0.00139  0.50   96752     134   96685  4138014  42.77
1990-1999       32      0.00150  0.00150  0.50   96618     145   96546  4041329  41.83
1990-1999       33      0.00161  0.00161  0.50   96473     155   96396  3944783  40.89
1990-1999       34      0.00182  0.00182  0.50   96318     175   96230  3848388  39.96
1990-1999       35      0.00199  0.00199  0.50   96143     191   96047  3752157  39.03
1990-1999       36      0.00214  0.00214  0.50   95951     205   95849  3656110  38.10
1990-1999       37      0.00236  0.00236  0.50   95746     226   95633  3560262  37.18
1990-1999       38      0.00259  0.00259  0.50   95521     247   95397  3464628  36.27
1990-1999       39      0.00292  0.00292  0.50   95273     278   95134  3369231  35.36
1990-1999       40      0.00318  0.00318  0.50   94995     302   94844  3274097  34.47
1990-1999       41      0.00349  0.00348  0.50   94693     330   94528  3179253  33.57
1990-1999       42      0.00381  0.00380  0.50   94364     359   94184  3084724  32.69
1990-1999       43      0.00421  0.00420  0.50   94005     395   93807  2990540  31.81
1990-1999       44      0.00456  0.00455  0.50   93610     426   93397  2896733  30.94
1990-1999       45      0.00496  0.00494  0.50   93184     461   92954  2803336  30.08
1990-1999       46      0.00542  0.00540  0.50   92723     501   92473  2710382  29.23
1990-1999       47      0.00584  0.00583  0.50   92223     537   91954  2617909  28.39
1990-1999       48      0.00630  0.00628  0.50   91685     576   91397  2525955  27.55
1990-1999       49      0.00692  0.00690  0.50   91109     628   90795  2434558  26.72
1990-1999       50      0.00757  0.00754  0.50   90481     682   90140  2343763  25.90
1990-1999       51      0.00816  0.00813  0.50   89799     730   89433  2253623  25.10
1990-1999       52      0.00887  0.00883  0.50   89068     787   88675  2164190  24.30
1990-1999       53      0.00955  0.00950  0.50   88282     839   87863  2075515  23.51
1990-1999       54      0.01026  0.01021  0.50   87443     893   86997  1987652  22.73
1990-1999       55      0.01121  0.01114  0.50   86550     964   86068  1900655  21.96
1990-1999       56      0.01202  0.01195  0.50   85586    1023   85074  1814587  21.20
1990-1999       57      0.01300  0.01291  0.50   84563    1092   84017  1729513  20.45
1990-1999       58      0.01389  0.01379  0.50   83471    1151   82895  1645496  19.71
1990-1999       59      0.01513  0.01502  0.50   82320    1236   81701  1562601  18.98
1990-1999       60      0.01665  0.01651  0.50   81083    1339   80414  1480899  18.26
1990-1999       61      0.01777  0.01761  0.50   79744    1404   79042  1400486  17.56
1990-1999       62      0.01925  0.01907  0.50   78340    1494   77593  1321444  16.87
1990-1999       63      0.02047  0.02026  0.50   76846    1557   76068  1243851  16.19
1990-1999       64      0.02237  0.02212  0.50   75289    1666   74456  1167783  15.51
1990-1999       65      0.02423  0.02394  0.50   73623    1762   72742  1093327  14.85
1990-1999       66      0.02618  0.02584  0.50   71861    1857   70933  1020585  14.20
1990-1999       67      0.02831  0.02791  0.50   70004    1954   69027   949652  13.57
1990-1999       68      0.03052  0.03006  0.50   68050    2046   67027   880625  12.94
1990-1999       69      0.03315  0.03261  0.50   66005    2152   64929   813597  12.33
1990-1999       70      0.03635  0.03570  0.50   63852    2280   62713   748669  11.72
1990-1999       71      0.03911  0.03836  0.50   61573    2362   60392   685956  11.14
1990-1999       72      0.04254  0.04165  0.50   59211    2466   57978   625564  10.56
1990-1999       73      0.04656  0.04550  0.50   56745    2582   55454   567587  10.00
1990-1999       74      0.05089  0.04962  0.50   54163    2688   52819   512133   9.46
1990-1999       75      0.05617  0.05464  0.50   51475    2813   50069   459314   8.92
1990-1999       76      0.06233  0.06045  0.50   48663    2942   47192   409245   8.41
1990-1999       77      0.06875  0.06646  0.50   45721    3039   44202   362053   7.92
1990-1999       78      0.07608  0.07329  0.50   42682    3128   41118   317852   7.45
1990-1999       79      0.08460  0.08117  0.50   39554    3211   37949   276733   7.00
1990-1999       80      0.09242  0.08834  0.50   36343    3210   34738   238785   6.57
1990-1999       81      0.10236  0.09737  0.50   33133    3226   31520   204047   6.16
1990-1999       82      0.11328  0.10720  0.50   29907    3206   28304   172527   5.77
1990-1999       83      0.12513  0.11777  0.50   26701    3144   25128   144223   5.40
1990-1999       84      0.13763  0.12877  0.50   23556    3033   22040   119095   5.06
1990-1999       85      0.15012  0.13964  0.50   20523    2866   19090    97055   4.73
1990-1999       86      0.16568  0.15300  0.50   17657    2702   16306    77965   4.42
1990-1999       87      0.18341  0.16801  0.50   14955    2513   13699    61659   4.12
1990-1999       88      0.19977  0.18163  0.50   12443    2260   11313    47960   3.85
1990-1999       89      0.21937  0.19769  0.50   10183    2013    9176    36647   3.60
1990-1999       90      0.24167  0.21562  0.50    8170    1762    7289    27470   3.36
1990-1999       91      0.26210  0.23173  0.50    6408    1485    5666    20181   3.15
1990-1999       92      0.28832  0.25199  0.50    4923    1241    4303    14516   2.95
1990-1999       93      0.31002  0.26842  0.50    3683     988    3188    10213   2.77
1990-1999       94      0.33552  0.28732  0.50    2694     774    2307     7024   2.61
1990-1999       95      0.35928  0.30456  0.50    1920     585    1628     4717   2.46
1990-1999       96      0.38667  0.32403  0.50    1335     433    1119     3089   2.31
1990-1999       97      0.41488  0.34361  0.50     903     310     748     1970   2.18
1990-1999       98      0.44374  0.36317  0.50     592     215     485     1223   2.06
1990-1999       99      0.47305  0.38257  0.50     377     144     305      738   1.96
1990-1999      100      0.50261  0.40167  0.50     233      94     186      433   1.86
1990-1999      101      0.53221  0.42035  0.50     139      59     110      246   1.77
1990-1999      102      0.56163  0.43850  0.50      81      35      63      136   1.69
1990-1999      103      0.59067  0.45600  0.50      45      21      35       73   1.62
1990-1999      104      0.61913  0.47278  0.50      25      12      19       38   1.55
1990-1999      105      0.64683  0.48876  0.50      13       6      10       19   1.49
1990-1999      106      0.67360  0.50389  0.50       7       3       5       10   1.44
1990-1999      107      0.69931  0.51814  0.50       3       2       2        5   1.39
1990-1999      108      0.72384  0.53149  0.50       2       1       1        2   1.35
1990-1999      109      0.74712  0.54393  0.50       1       0       1        1   1.32
1990-1999      110+     0.76907  1.00000  1.30       0       0       0        0   1.30
2000-2009        0      0.00655  0.00651  0.14  100000     651   99438  7494000  74.94
2000-2009        1      0.00044  0.00044  0.50   99349      43   99327  7394563  74.43
2000-2009        2      0.00026  0.00026  0.50   99306      25   99293  7295235  73.46
2000-2009        3      0.00020  0.00020  0.50   99280      20   99270  7195942  72.48
2000-2009        4      0.00019  0.00019  0.50   99260      19   99251  7096672  71.50
2000-2009        5      0.00017  0.00017  0.50   99242      17   99233  6997421  70.51
2000-2009        6      0.00016  0.00016  0.50   99225      16   99217  6898188  69.52
2000-2009        7      0.00016  0.00016  0.50   99209      15   99201  6798971  68.53
2000-2009        8      0.00016  0.00016  0.50   99194      16   99186  6699769  67.54
2000-2009        9      0.00015  0.00015  0.50   99178      15   99171  6600583  66.55
2000-2009       10      0.00016  0.00016  0.50   99163      16   99155  6501413  65.56
2000-2009       11      0.00015  0.00015  0.50   99147      15   99140  6402258  64.57
2000-2009       12      0.00017  0.00017  0.50   99132      17   99124  6303118  63.58
2000-2009       13      0.00019  0.00019  0.50   99115      19   99106  6203994  62.59
2000-2009       14      0.00024  0.00024  0.50   99096      24   99085  6104888  61.61
2000-2009       15      0.00029  0.00029  0.50   99073      29   99059  6005803  60.62
2000-2009       16      0.00038  0.00038  0.50   99044      38   99025  5906745  59.64
2000-2009       17      0.00047  0.00047  0.50   99006      47   98983  5807719  58.66
2000-2009       18      0.00062  0.00062  0.50   98959      61   98929  5708736  57.69
2000-2009       19      0.00065  0.00065  0.50   98898      64   98866  5609808  56.72
2000-2009       20      0.00069  0.00069  0.50   98834      68   98800  5510942  55.76
2000-2009       21      0.00069  0.00069  0.50   98766      69   98732  5412142  54.80
2000-2009       22      0.00073  0.00073  0.50   98697      72   98661  5313410  53.84
2000-2009       23      0.00072  0.00072  0.50   98626      71   98590  5214749  52.87
2000-2009       24      0.00071  0.00071  0.50   98555      70   98520  5116158  51.91
2000-2009       25      0.00074  0.00074  0.50   98485      73   98449  5017638  50.95
2000-2009       26      0.00073  0.00073  0.50   98413      72   98377  4919189  49.99
2000-2009       27      0.00077  0.00077  0.50   98341      76   98303  4820812  49.02
2000-2009       28      0.00080  0.00080  0.50   98265      79   98225  4722510  48.06
2000-2009       29      0.00088  0.00088  0.50   98186      86   98143  4624284  47.10
2000-2009       30      0.00094  0.00094  0.50   98100      92   98054  4526141  46.14
2000-2009       31      0.00098  0.00098  0.50   98008      96   97960  4428088  45.18
2000-2009       32      0.00108  0.00108  0.50   97912     105   97859  4330128  44.22
2000-2009       33      0.00116  0.00116  0.50   97806     114   97749  4232269  43.27
2000-2009       34      0.00127  0.00127  0.50   97693     124   97631  4134520  42.32
2000-2009       35      0.00142  0.00141  0.50   97569     138   97500  4036889  41.37
2000-2009       36      0.00154  0.00154  0.50   97431     150   97355  3939389  40.43
2000-2009       37      0.00170  0.00170  0.50   97280     166   97197  3842034  39.49
2000-2009       38      0.00188  0.00188  0.50   97115     183   97023  3744837  38.56
2000-2009       39      0.00213  0.00213  0.50   96932     206   96829  3647813  37.63
2000-2009       40      0.00233  0.00233  0.50   96726     225   96613  3550984  36.71
2000-2009       41      0.00265  0.00265  0.50   96501     256   96373  3454371  35.80
2000-2009       42      0.00286  0.00286  0.50   96245     275   96108  3357998  34.89
2000-2009       43      0.00319  0.00318  0.50   95970     305   95817  3261891  33.99
2000-2009       44      0.00359  0.00358  0.50   95665     343   95493  3166074  33.10
2000-2009       45      0.00399  0.00398  0.50   95322     380   95132  3070580  32.21
2000-2009       46      0.00436  0.00435  0.50   94942     413   94736  2975448  31.34
2000-2009       47      0.00482  0.00481  0.50   94529     454   94302  2880712  30.47
2000-2009       48      0.00526  0.00525  0.50   94075     494   93828  2786410  29.62
2000-2009       49      0.00582  0.00580  0.50   93581     543   93310  2692582  28.77
2000-2009       50      0.00637  0.00635  0.50   93038     591   92743  2599272  27.94
2000-2009       51      0.00692  0.00689  0.50   92447     637   92129  2506529  27.11
2000-2009       52      0.00740  0.00737  0.50   91810     677   91472  2414401  26.30
2000-2009       53      0.00810  0.00807  0.50   91133     735   90766  2322929  25.49
2000-2009       54      0.00871  0.00867  0.50   90398     784   90006  2232163  24.69
2000-2009       55      0.00941  0.00936  0.50   89614     839   89195  2142157  23.90
2000-2009       56      0.01020  0.01015  0.50   88775     901   88325  2052963  23.13
2000-2009       57      0.01094  0.01088  0.50   87874     956   87396  1964638  22.36
2000-2009       58      0.01167  0.01160  0.50   86918    1008   86414  1877242  21.60
2000-2009       59      0.01260  0.01252  0.50   85910    1075   85373  1790827  20.85
2000-2009       60      0.01364  0.01355  0.50   84835    1150   84260  1705454  20.10
2000-2009       61      0.01458  0.01448  0.50   83686    1212   83080  1621194  19.37
2000-2009       62      0.01559  0.01547  0.50   82474    1276   81836  1538114  18.65
2000-2009       63      0.01666  0.01652  0.50   81198    1342   80527  1456278  17.93
2000-2009       64      0.01803  0.01787  0.50   79856    1427   79143  1375751  17.23
2000-2009       65      0.01950  0.01931  0.50   78430    1515   77672  1296608  16.53
2000-2009       66      0.02085  0.02063  0.50   76915    1587   76121  1218936  15.85
2000-2009       67      0.02256  0.02231  0.50   75328    1680   74488  1142815  15.17
2000-2009       68      0.02418  0.02389  0.50   73647    1759   72768  1068327  14.51
2000-2009       69      0.02622  0.02588  0.50   71888    1860   70958   995560  13.85
2000-2009       70      0.02862  0.02821  0.50   70028    1976   69040   924602  13.20
2000-2009       71      0.03094  0.03047  0.50   68052    2074   67015   855562  12.57
2000-2009       72      0.03391  0.03335  0.50   65979    2200   64879   788546  11.95
2000-2009       73      0.03683  0.03616  0.50   63778    2306   62625   723668  11.35
2000-2009       74      0.04015  0.03936  0.50   61472    2420   60262   661042  10.75
2000-2009       75      0.04412  0.04317  0.50   59052    2549   57778   600780  10.17
2000-2009       76      0.04834  0.04720  0.50   56503    2667   55170   543002   9.61
2000-2009       77      0.05319  0.05181  0.50   53837    2789   52442   487832   9.06
2000-2009       78      0.05907  0.05737  0.50   51047    2929   49583   435390   8.53
2000-2009       79      0.06549  0.06341  0.50   48118    3051   46593   385808   8.02
2000-2009       80      0.07235  0.06982  0.50   45067    3147   43494   339215   7.53
2000-2009       81      0.07988  0.07681  0.50   41920    3220   40310   295721   7.05
2000-2009       82      0.08901  0.08521  0.50   38701    3298   37052   255411   6.60
2000-2009       83      0.09883  0.09417  0.50   35403    3334   33736   218359   6.17
2000-2009       84      0.10931  0.10364  0.50   32069    3324   30407   184623   5.76
2000-2009       85      0.12179  0.11479  0.50   28745    3300   27095   154217   5.36
2000-2009       86      0.13663  0.12790  0.50   25445    3254   23818   127121   5.00
2000-2009       87      0.15165  0.14097  0.50   22191    3128   20627   103303   4.66
2000-2009       88      0.16795  0.15494  0.50   19063    2954   17586    82676   4.34
2000-2009       89      0.18648  0.17058  0.50   16109    2748   14735    65090   4.04
2000-2009       90      0.20420  0.18529  0.50   13361    2476   12123    50355   3.77
2000-2009       91      0.22501  0.20226  0.50   10886    2202    9785    38232   3.51
2000-2009       92      0.24571  0.21883  0.50    8684    1900    7734    28447   3.28
2000-2009       93      0.27173  0.23922  0.50    6784    1623    5972    20713   3.05
2000-2009       94      0.29744  0.25893  0.50    5161    1336    4493    14741   2.86
2000-2009       95      0.31990  0.27579  0.50    3825    1055    3297    10248   2.68
2000-2009       96      0.34742  0.29600  0.50    2770     820    2360     6951   2.51
2000-2009       97      0.37607  0.31655  0.50    1950     617    1641     4591   2.35
2000-2009       98      0.40568  0.33727  0.50    1333     449    1108     2950   2.21
2000-2009       99      0.43605  0.35800  0.50     883     316     725     1842   2.09
2000-2009      100      0.46696  0.37857  0.50     567     215     460     1117   1.97
2000-2009      101      0.49818  0.39883  0.50     352     141     282      657   1.87
2000-2009      102      0.52944  0.41862  0.50     212      89     167      375   1.77
2000-2009      103      0.56051  0.43781  0.50     123      54      96      208   1.69
2000-2009      104      0.59114  0.45628  0.50      69      32      53      112   1.61
2000-2009      105      0.62110  0.47392  0.50      38      18      29       58   1.54
2000-2009      106      0.65018  0.49067  0.50      20      10      15       29   1.48
2000-2009      107      0.67819  0.50645  0.50      10       5       8       14   1.43
2000-2009      108      0.70498  0.52124  0.50       5       3       4        7   1.39
2000-2009      109      0.73043  0.53503  0.50       2       1       2        3   1.35
2000-2009      110+     0.75444  1.00000  1.33       1       1       1        1   1.33
2010-2019        0      0.00431  0.00430  0.14  100000     430   99631  7727001  77.27
2010-2019        1      0.00028  0.00028  0.50   99570      28   99557  7627370  76.60
2010-2019        2      0.00017  0.00017  0.50   99543      17   99534  7527814  75.62
2010-2019        3      0.00014  0.00014  0.50   99526      14   99519  7428279  74.64
2010-2019        4      0.00011  0.00011  0.50   99512      11   99506  7328761  73.65
2010-2019        5      0.00011  0.00011  0.50   99501      11   99495  7229254  72.66
2010-2019        6      0.00010  0.00010  0.50   99490       9   99485  7129759  71.66
2010-2019        7      0.00009  0.00009  0.50   99480       9   99476  7030274  70.67
2010-2019        8      0.00010  0.00010  0.50   99471      10   99466  6930798  69.68
2010-2019        9      0.00010  0.00010  0.50   99462      10   99457  6831331  68.68
2010-2019       10      0.00010  0.00010  0.50   99452      10   99447  6731875  67.69
2010-2019       11      0.00010  0.00010  0.50   99442      10   99436  6632428  66.70
2010-2019       12      0.00012  0.00012  0.50   99431      12   99425  6532992  65.70
2010-2019       13      0.00015  0.00015  0.50   99420      15   99412  6433566  64.71
2010-2019       14      0.00019  0.00019  0.50   99405      19   99395  6334154  63.72
2010-2019       15      0.00023  0.00023  0.50   99386      22   99375  6234759  62.73
2010-2019       16      0.00030  0.00030  0.50   99364      30   99349  6135384  61.75
2010-2019       17      0.00036  0.00036  0.50   99334      36   99316  6036035  60.77
2010-2019       18      0.00052  0.00052  0.50   99298      52   99272  5936719  59.79
2010-2019       19      0.00058  0.00058  0.50   99246      57   99218  5837447  58.82
2010-2019       20      0.00059  0.00059  0.50   99189      59   99160  5738229  57.85
2010-2019       21      0.00060  0.00060  0.50   99131      59   99101  5639069  56.89
2010-2019       22      0.00060  0.00060  0.50   99072      59   99042  5539968  55.92
2010-2019       23      0.00061  0.00061  0.50   99012      60   98982  5440926  54.95
2010-2019       24      0.00062  0.00062  0.50   98952      62   98922  5341943  53.98
2010-2019       25      0.00064  0.00064  0.50   98891      63   98859  5243022  53.02
2010-2019       26      0.00064  0.00064  0.50   98828      63   98796  5144162  52.05
2010-2019       27      0.00067  0.00067  0.50   98765      66   98732  5045366  51.08
2010-2019       28      0.00070  0.00070  0.50   98699      69   98664  4946634  50.12
2010-2019       29      0.00074  0.00074  0.50   98630      73   98593  4847970  49.15
2010-2019       30      0.00078  0.00078  0.50   98557      77   98518  4749377  48.19
2010-2019       31      0.00084  0.00084  0.50   98480      82   98439  4650859  47.23
2010-2019       32      0.00090  0.00090  0.50   98398      89   98353  4552420  46.27
2010-2019       33      0.00094  0.00094  0.50   98309      92   98263  4454066  45.31
2010-2019       34      0.00104  0.00104  0.50   98217     102   98166  4355804  44.35
2010-2019       35      0.00113  0.00113  0.50   98115     111   98059  4257638  43.39
2010-2019       36      0.00123  0.00122  0.50   98004     120   97944  4159579  42.44
2010-2019       37      0.00135  0.00135  0.50   97884     132   97818  4061635  41.49
2010-2019       38      0.00149  0.00149  0.50   97752     145   97679  3963816  40.55
2010-2019       39      0.00160  0.00160  0.50   97607     156   97528  3866137  39.61
2010-2019       40      0.00178  0.00177  0.50   97450     173   97364  3768609  38.67
2010-2019       41      0.00195  0.00195  0.50   97277     190   97182  3671245  37.74
2010-2019       42      0.00217  0.00216  0.50   97088     210   96983  3574062  36.81
2010-2019       43      0.00241  0.00240  0.50   96877     233   96761  3477080  35.89
2010-2019       44      0.00266  0.00266  0.50   96645     257   96516  3380319  34.98
2010-2019       45      0.00293  0.00292  0.50   96388     282   96247  3283803  34.07
2010-2019       46      0.00321  0.00321  0.50   96106     308   95952  3187556  33.17
2010-2019       47      0.00361  0.00361  0.50   95798     346   95625  3091604  32.27
2010-2019       48      0.00398  0.00397  0.50   95452     379   95262  2995979  31.39
2010-2019       49      0.00442  0.00441  0.50   95073     419   94863  2900717  30.51
2010-2019       50      0.00499  0.00498  0.50   94654     472   94418  2805853  29.64
2010-2019       51      0.00543  0.00541  0.50   94182     510   93928  2711435  28.79
2010-2019       52      0.00591  0.00589  0.50   93673     552   93397  2617507  27.94
2010-2019       53      0.00651  0.00649  0.50   93121     604   92819  2524111  27.11
2010-2019       54      0.00722  0.00719  0.50   92517     665   92184  2431292  26.28
2010-2019       55      0.00787  0.00784  0.50   91851     720   91491  2339108  25.47
2010-2019       56      0.00857  0.00853  0.50   91131     777   90742  2247617  24.66
2010-2019       57      0.00926  0.00922  0.50   90354     833   89937  2156875  23.87
2010-2019       58      0.00998  0.00993  0.50   89521     889   89076  2066938  23.09
2010-2019       59      0.01096  0.01090  0.50   88632     966   88149  1977861  22.32
2010-2019       60      0.01193  0.01186  0.50   87666    1040   87146  1889713  21.56
2010-2019       61      0.01291  0.01282  0.50   86626    1111   86070  1802567  20.81
2010-2019       62      0.01377  0.01368  0.50   85515    1170   84930  1716497  20.07
2010-2019       63      0.01490  0.01479  0.50   84345    1247   83722  1631567  19.34
2010-2019       64      0.01588  0.01576  0.50   83098    1310   82443  1547845  18.63
2010-2019       65      0.01724  0.01709  0.50   81788    1398   81089  1465402  17.92
2010-2019       66      0.01874  0.01857  0.50   80390    1493   79644  1384313  17.22
2010-2019       67      0.01986  0.01967  0.50   78898    1552   78122  1304669  16.54
2010-2019       68      0.02114  0.02092  0.50   77346    1618   76537  1226547  15.86
2010-2019       69      0.02232  0.02207  0.50   75728    1671   74892  1150010  15.19
2010-2019       70      0.02416  0.02388  0.50   74056    1768   73172  1075118  14.52
2010-2019       71      0.02598  0.02565  0.50   72288    1854   71361  1001946  13.86
2010-2019       72      0.02805  0.02766  0.50   70434    1948   69460   930585  13.21
2010-2019       73      0.03009  0.02964  0.50   68486    2030   67471   861125  12.57
2010-2019       74      0.03276  0.03223  0.50   66456    2142   65385   793655  11.94
2010-2019       75      0.03563  0.03501  0.50   64314    2252   63188   728270  11.32
2010-2019       76      0.03901  0.03827  0.50   62062    2375   60875   665082  10.72
2010-2019       77      0.04258  0.04169  0.50   59687    2488   58443   604207  10.12
2010-2019       78      0.04680  0.04573  0.50   57199    2616   55891   545764   9.54
2010-2019       79      0.05216  0.05083  0.50   54583    2775   53196   489873   8.97
2010-2019       80      0.05782  0.05619  0.50   51809    2911   50353   436677   8.43
2010-2019       81      0.06467  0.06264  0.50   48897    3063   47366   386324   7.90
2010-2019       82      0.07196  0.06946  0.50   45834    3184   44243   338958   7.40
2010-2019       83      0.08004  0.07696  0.50   42651    3283   41009   294716   6.91
2010-2019       84      0.08946  0.08563  0.50   39368    3371   37683   253706   6.44
2010-2019       85      0.10023  0.09545  0.50   35997    3436   34279   216023   6.00
2010-2019       86      0.11254  0.10655  0.50   32561    3469   30827   181744   5.58
2010-2019       87      0.12666  0.11912  0.50   29092    3465   27359   150918   5.19
2010-2019       88      0.14100  0.13171  0.50   25627    3375   23939   123558   4.82
2010-2019       89      0.15770  0.14618  0.50   22251    3253   20625    99619   4.48
2010-2019       90      0.17535  0.16121  0.50   18999    3063   17467    78995   4.16
2010-2019       91      0.19445  0.17722  0.50   15936    2824   14524    61527   3.86
2010-2019       92      0.21615  0.19507  0.50   13112    2558   11833    47004   3.58
2010-2019       93      0.23905  0.21353  0.50   10554    2254    9427    35171   3.33
2010-2019       94      0.26277  0.23226  0.50    8300    1928    7336    25744   3.10
2010-2019       95      0.28754  0.25139  0.50    6373    1602    5572    18407   2.89
2010-2019       96      0.31519  0.27228  0.50    4771    1299    4121    12836   2.69
2010-2019       97      0.34432  0.29375  0.50    3472    1020    2962     8715   2.51
2010-2019       98      0.37479  0.31564  0.50    2452     774    2065     5753   2.35
2010-2019       99      0.40639  0.33776  0.50    1678     567    1395     3688   2.20
2010-2019      100      0.43888  0.35991  0.50    1111     400     911     2294   2.06
2010-2019      101      0.47200  0.38188  0.50     711     272     575     1382   1.94
2010-2019      102      0.50544  0.40348  0.50     440     177     351      807   1.84
2010-2019      103      0.53892  0.42452  0.50     262     111     207      456   1.74
2010-2019      104      0.57211  0.44485  0.50     151      67     117      249   1.65
2010-2019      105      0.60472  0.46433  0.50      84      39      64      132   1.58
2010-2019      106      0.63648  0.48282  0.50      45      22      34       68   1.51
2010-2019      107      0.66714  0.50026  0.50      23      12      17       34   1.45
2010-2019      108      0.69648  0.51659  0.50      12       6       9       16   1.40
2010-2019      109      0.72434  0.53176  0.50       6       3       4        8   1.36
2010-2019      110+     0.75059  1.00000  1.33       3       3       3        3   1.33
