Russia, Life tables (period 1x10), Total	Last modified: 26 Sep 2017;  Methods Protocol: v6 (2017)

  Year          Age         mx       qx    ax      lx      dx      Lx       Tx     ex
1960-1969        0      0.02980  0.02906  0.14  100000    2906   97506  6909950  69.10
1960-1969        1      0.00363  0.00362  0.50   97094     352   96918  6812445  70.16
1960-1969        2      0.00170  0.00169  0.50   96742     164   96660  6715527  69.42
1960-1969        3      0.00121  0.00121  0.50   96578     117   96520  6618866  68.53
1960-1969        4      0.00098  0.00098  0.50   96462      94   96414  6522346  67.62
1960-1969        5      0.00089  0.00089  0.50   96367      86   96324  6425932  66.68
1960-1969        6      0.00085  0.00085  0.50   96281      82   96240  6329608  65.74
1960-1969        7      0.00082  0.00082  0.50   96199      79   96160  6233368  64.80
1960-1969        8      0.00073  0.00073  0.50   96120      70   96086  6137208  63.85
1960-1969        9      0.00065  0.00065  0.50   96051      63   96019  6041122  62.90
1960-1969       10      0.00062  0.00062  0.50   95988      60   95958  5945103  61.94
1960-1969       11      0.00056  0.00056  0.50   95928      54   95901  5849145  60.97
1960-1969       12      0.00061  0.00061  0.50   95874      59   95845  5753244  60.01
1960-1969       13      0.00060  0.00060  0.50   95815      57   95787  5657400  59.04
1960-1969       14      0.00067  0.00067  0.50   95758      64   95726  5561613  58.08
1960-1969       15      0.00075  0.00075  0.50   95693      71   95658  5465887  57.12
1960-1969       16      0.00092  0.00092  0.50   95622      88   95578  5370230  56.16
1960-1969       17      0.00115  0.00115  0.50   95534     110   95479  5274651  55.21
1960-1969       18      0.00141  0.00141  0.50   95424     134   95357  5179172  54.28
1960-1969       19      0.00144  0.00144  0.50   95290     137   95222  5083815  53.35
1960-1969       20      0.00158  0.00157  0.50   95153     150   95078  4988593  52.43
1960-1969       21      0.00151  0.00151  0.50   95003     143   94932  4893515  51.51
1960-1969       22      0.00178  0.00178  0.50   94860     169   94776  4798583  50.59
1960-1969       23      0.00189  0.00189  0.50   94691     179   94602  4703808  49.68
1960-1969       24      0.00194  0.00194  0.50   94513     183   94421  4609206  48.77
1960-1969       25      0.00213  0.00213  0.50   94329     201   94229  4514785  47.86
1960-1969       26      0.00216  0.00216  0.50   94128     203   94026  4420556  46.96
1960-1969       27      0.00225  0.00225  0.50   93925     211   93819  4326530  46.06
1960-1969       28      0.00236  0.00236  0.50   93714     221   93603  4232711  45.17
1960-1969       29      0.00232  0.00232  0.50   93493     217   93384  4139107  44.27
1960-1969       30      0.00284  0.00283  0.50   93276     264   93144  4045723  43.37
1960-1969       31      0.00251  0.00251  0.50   93012     233   92895  3952579  42.50
1960-1969       32      0.00297  0.00297  0.50   92779     275   92641  3859683  41.60
1960-1969       33      0.00289  0.00288  0.50   92503     267   92370  3767042  40.72
1960-1969       34      0.00301  0.00301  0.50   92237     277   92098  3674672  39.84
1960-1969       35      0.00328  0.00328  0.50   91959     301   91809  3582574  38.96
1960-1969       36      0.00337  0.00336  0.50   91658     308   91504  3490766  38.08
1960-1969       37      0.00343  0.00342  0.50   91350     312   91194  3399262  37.21
1960-1969       38      0.00367  0.00366  0.50   91038     334   90871  3308068  36.34
1960-1969       39      0.00368  0.00367  0.50   90704     333   90537  3217197  35.47
1960-1969       40      0.00433  0.00432  0.50   90371     390   90176  3126660  34.60
1960-1969       41      0.00387  0.00386  0.50   89981     347   89807  3036484  33.75
1960-1969       42      0.00466  0.00465  0.50   89633     417   89425  2946677  32.87
1960-1969       43      0.00460  0.00459  0.50   89217     410   89012  2857252  32.03
1960-1969       44      0.00470  0.00469  0.50   88807     416   88599  2768240  31.17
1960-1969       45      0.00532  0.00530  0.50   88391     469   88157  2679641  30.32
1960-1969       46      0.00541  0.00539  0.50   87922     474   87685  2591484  29.47
1960-1969       47      0.00566  0.00564  0.50   87448     493   87202  2503799  28.63
1960-1969       48      0.00631  0.00629  0.50   86955     547   86681  2416598  27.79
1960-1969       49      0.00631  0.00629  0.50   86408     543   86136  2329916  26.96
1960-1969       50      0.00762  0.00759  0.50   85864     652   85538  2243780  26.13
1960-1969       51      0.00693  0.00690  0.50   85213     588   84918  2158242  25.33
1960-1969       52      0.00848  0.00844  0.50   84624     715   84267  2073323  24.50
1960-1969       53      0.00870  0.00866  0.50   83910     727   83546  1989056  23.70
1960-1969       54      0.00938  0.00934  0.50   83183     777   82794  1905510  22.91
1960-1969       55      0.01047  0.01041  0.50   82406     858   81977  1822716  22.12
1960-1969       56      0.01105  0.01099  0.50   81548     896   81100  1740739  21.35
1960-1969       57      0.01187  0.01180  0.50   80652     952   80176  1659639  20.58
1960-1969       58      0.01297  0.01289  0.50   79700    1027   79186  1579463  19.82
1960-1969       59      0.01353  0.01344  0.50   78672    1057   78144  1500277  19.07
1960-1969       60      0.01714  0.01700  0.50   77615    1319   76956  1422133  18.32
1960-1969       61      0.01531  0.01519  0.50   76296    1159   75717  1345178  17.63
1960-1969       62      0.01918  0.01900  0.50   75137    1428   74423  1269461  16.90
1960-1969       63      0.02012  0.01992  0.50   73710    1468   72976  1195038  16.21
1960-1969       64      0.02164  0.02141  0.50   72242    1547   71468  1122062  15.53
1960-1969       65      0.02487  0.02456  0.50   70695    1737   69826  1050594  14.86
1960-1969       66      0.02471  0.02441  0.50   68958    1683   68117   980768  14.22
1960-1969       67      0.02906  0.02864  0.50   67275    1927   66312   912651  13.57
1960-1969       68      0.03115  0.03067  0.50   65348    2004   64346   846339  12.95
1960-1969       69      0.03130  0.03081  0.50   63344    1952   62368   781993  12.35
1960-1969       70      0.04141  0.04057  0.50   61392    2491   60147   719625  11.72
1960-1969       71      0.03530  0.03468  0.50   58901    2043   57880   659479  11.20
1960-1969       72      0.04711  0.04602  0.50   56858    2617   55550   601599  10.58
1960-1969       73      0.05016  0.04893  0.50   54241    2654   52914   546049  10.07
1960-1969       74      0.05373  0.05232  0.50   51587    2699   50238   493135   9.56
1960-1969       75      0.06221  0.06033  0.50   48888    2950   47414   442897   9.06
1960-1969       76      0.06542  0.06335  0.50   45939    2910   44484   395483   8.61
1960-1969       77      0.06601  0.06390  0.50   43029    2749   41654   351000   8.16
1960-1969       78      0.08371  0.08034  0.50   40279    3236   38661   309346   7.68
1960-1969       79      0.07501  0.07230  0.50   37043    2678   35704   270685   7.31
1960-1969       80      0.10787  0.10235  0.50   34365    3517   32606   234981   6.84
1960-1969       81      0.08863  0.08487  0.50   30847    2618   29538   202375   6.56
1960-1969       82      0.11797  0.11140  0.50   28229    3145   26657   172837   6.12
1960-1969       83      0.12344  0.11627  0.50   25084    2916   23626   146180   5.83
1960-1969       84      0.13486  0.12634  0.50   22168    2801   20768   122554   5.53
1960-1969       85      0.15125  0.14062  0.50   19367    2723   18006   101786   5.26
1960-1969       86      0.16152  0.14945  0.50   16644    2487   15400    83780   5.03
1960-1969       87      0.17251  0.15881  0.50   14156    2248   13032    68380   4.83
1960-1969       88      0.18442  0.16885  0.50   11908    2011   10903    55348   4.65
1960-1969       89      0.17409  0.16015  0.50    9898    1585    9105    44445   4.49
1960-1969       90      0.23981  0.21414  0.50    8312    1780    7422    35340   4.25
1960-1969       91      0.16797  0.15496  0.50    6532    1012    6026    27918   4.27
1960-1969       92      0.21287  0.19239  0.50    5520    1062    4989    21891   3.97
1960-1969       93      0.21077  0.19068  0.50    4458     850    4033    16902   3.79
1960-1969       94      0.21628  0.19518  0.50    3608     704    3256    12869   3.57
1960-1969       95      0.26243  0.23199  0.50    2904     674    2567     9613   3.31
1960-1969       96      0.27771  0.24385  0.50    2230     544    1958     7046   3.16
1960-1969       97      0.29355  0.25598  0.50    1686     432    1471     5088   3.02
1960-1969       98      0.30992  0.26834  0.50    1255     337    1086     3617   2.88
1960-1969       99      0.32681  0.28091  0.50     918     258     789     2531   2.76
1960-1969      100      0.34417  0.29364  0.50     660     194     563     1742   2.64
1960-1969      101      0.36197  0.30650  0.50     466     143     395     1179   2.53
1960-1969      102      0.38017  0.31945  0.50     323     103     272      784   2.42
1960-1969      103      0.39873  0.33245  0.50     220      73     183      512   2.33
1960-1969      104      0.41760  0.34547  0.50     147      51     122      329   2.24
1960-1969      105      0.43673  0.35845  0.50      96      34      79      207   2.15
1960-1969      106      0.45605  0.37137  0.50      62      23      50      128   2.08
1960-1969      107      0.47551  0.38417  0.50      39      15      31       78   2.01
1960-1969      108      0.49506  0.39683  0.50      24       9      19       47   1.95
1960-1969      109      0.51462  0.40930  0.50      14       6      11       27   1.90
1960-1969      110+     0.53415  1.00000  1.87       9       9      16       16   1.87
1970-1979        0      0.02266  0.02222  0.12  100000    2222   98037  6842984  68.43
1970-1979        1      0.00264  0.00264  0.50   97778     258   97649  6744947  68.98
1970-1979        2      0.00127  0.00127  0.50   97520     124   97458  6647297  68.16
1970-1979        3      0.00092  0.00092  0.50   97396      90   97351  6549839  67.25
1970-1979        4      0.00083  0.00083  0.50   97306      81   97266  6452488  66.31
1970-1979        5      0.00072  0.00072  0.50   97226      70   97191  6355222  65.37
1970-1979        6      0.00071  0.00071  0.50   97156      69   97121  6258031  64.41
1970-1979        7      0.00070  0.00070  0.50   97087      68   97053  6160910  63.46
1970-1979        8      0.00065  0.00065  0.50   97019      63   96987  6063857  62.50
1970-1979        9      0.00057  0.00057  0.50   96956      55   96928  5966870  61.54
1970-1979       10      0.00054  0.00054  0.50   96901      52   96875  5869941  60.58
1970-1979       11      0.00051  0.00051  0.50   96849      50   96824  5773066  59.61
1970-1979       12      0.00051  0.00051  0.50   96799      49   96775  5676243  58.64
1970-1979       13      0.00054  0.00054  0.50   96750      52   96724  5579468  57.67
1970-1979       14      0.00060  0.00060  0.50   96698      58   96669  5482744  56.70
1970-1979       15      0.00072  0.00072  0.50   96641      69   96606  5386074  55.73
1970-1979       16      0.00094  0.00094  0.50   96571      90   96526  5289469  54.77
1970-1979       17      0.00127  0.00127  0.50   96481     122   96420  5192943  53.82
1970-1979       18      0.00141  0.00141  0.50   96358     136   96291  5096523  52.89
1970-1979       19      0.00136  0.00136  0.50   96223     131   96157  5000233  51.97
1970-1979       20      0.00159  0.00159  0.50   96092     152   96016  4904075  51.04
1970-1979       21      0.00183  0.00183  0.50   95939     175   95852  4808060  50.12
1970-1979       22      0.00200  0.00200  0.50   95764     191   95668  4712208  49.21
1970-1979       23      0.00207  0.00207  0.50   95573     197   95474  4616540  48.30
1970-1979       24      0.00214  0.00214  0.50   95375     204   95273  4521066  47.40
1970-1979       25      0.00230  0.00229  0.50   95171     218   95062  4425793  46.50
1970-1979       26      0.00234  0.00234  0.50   94953     222   94842  4330730  45.61
1970-1979       27      0.00245  0.00244  0.50   94731     231   94615  4235889  44.72
1970-1979       28      0.00258  0.00258  0.50   94499     243   94378  4141274  43.82
1970-1979       29      0.00272  0.00272  0.50   94256     256   94128  4046896  42.94
1970-1979       30      0.00305  0.00305  0.50   94000     286   93856  3952768  42.05
1970-1979       31      0.00301  0.00300  0.50   93713     281   93573  3858912  41.18
1970-1979       32      0.00325  0.00324  0.50   93432     303   93281  3765339  40.30
1970-1979       33      0.00333  0.00332  0.50   93129     309   92975  3672058  39.43
1970-1979       34      0.00354  0.00354  0.50   92820     328   92656  3579084  38.56
1970-1979       35      0.00388  0.00388  0.50   92492     359   92312  3486428  37.69
1970-1979       36      0.00403  0.00402  0.50   92133     371   91948  3394116  36.84
1970-1979       37      0.00426  0.00425  0.50   91762     390   91567  3302168  35.99
1970-1979       38      0.00452  0.00451  0.50   91372     412   91167  3210600  35.14
1970-1979       39      0.00474  0.00473  0.50   90961     430   90746  3119434  34.29
1970-1979       40      0.00525  0.00524  0.50   90531     474   90293  3028688  33.45
1970-1979       41      0.00522  0.00521  0.50   90056     469   89822  2938395  32.63
1970-1979       42      0.00570  0.00569  0.50   89587     510   89332  2848573  31.80
1970-1979       43      0.00594  0.00592  0.50   89077     527   88814  2759241  30.98
1970-1979       44      0.00625  0.00623  0.50   88550     552   88274  2670427  30.16
1970-1979       45      0.00676  0.00674  0.50   87998     593   87702  2582153  29.34
1970-1979       46      0.00708  0.00705  0.50   87405     616   87097  2494452  28.54
1970-1979       47      0.00745  0.00742  0.50   86789     644   86467  2407355  27.74
1970-1979       48      0.00790  0.00786  0.50   86145     677   85806  2320888  26.94
1970-1979       49      0.00838  0.00835  0.50   85467     713   85111  2235082  26.15
1970-1979       50      0.00921  0.00917  0.50   84754     777   84366  2149971  25.37
1970-1979       51      0.00929  0.00924  0.50   83977     776   83589  2065605  24.60
1970-1979       52      0.01003  0.00998  0.50   83201     831   82786  1982016  23.82
1970-1979       53      0.01041  0.01036  0.50   82370     853   81944  1899231  23.06
1970-1979       54      0.01117  0.01111  0.50   81517     906   81064  1817287  22.29
1970-1979       55      0.01188  0.01181  0.50   80611     952   80135  1736223  21.54
1970-1979       56      0.01245  0.01237  0.50   79659     986   79167  1656087  20.79
1970-1979       57      0.01332  0.01323  0.50   78674    1041   78153  1576921  20.04
1970-1979       58      0.01415  0.01406  0.50   77633    1091   77087  1498767  19.31
1970-1979       59      0.01513  0.01502  0.50   76541    1150   75967  1421680  18.57
1970-1979       60      0.01721  0.01707  0.50   75392    1287   74748  1345714  17.85
1970-1979       61      0.01758  0.01743  0.50   74105    1292   73459  1270965  17.15
1970-1979       62      0.01964  0.01945  0.50   72813    1416   72105  1197506  16.45
1970-1979       63      0.02113  0.02091  0.50   71397    1493   70651  1125401  15.76
1970-1979       64      0.02287  0.02261  0.50   69904    1581   69114  1054750  15.09
1970-1979       65      0.02509  0.02478  0.50   68323    1693   67477   985636  14.43
1970-1979       66      0.02682  0.02646  0.50   66630    1763   65749   918159  13.78
1970-1979       67      0.02937  0.02895  0.50   64867    1878   63928   852411  13.14
1970-1979       68      0.03211  0.03160  0.50   62989    1990   61994   788482  12.52
1970-1979       69      0.03484  0.03425  0.50   60999    2089   59954   726488  11.91
1970-1979       70      0.04009  0.03930  0.50   58910    2315   57752   666533  11.31
1970-1979       71      0.04171  0.04085  0.50   56595    2312   55439   608781  10.76
1970-1979       72      0.04762  0.04652  0.50   54283    2525   53020   553342  10.19
1970-1979       73      0.05137  0.05008  0.50   51758    2592   50462   500322   9.67
1970-1979       74      0.05677  0.05520  0.50   49166    2714   47808   449861   9.15
1970-1979       75      0.06276  0.06085  0.50   46451    2827   45038   402052   8.66
1970-1979       76      0.06892  0.06662  0.50   43625    2906   42172   357014   8.18
1970-1979       77      0.07509  0.07237  0.50   40718    2947   39245   314842   7.73
1970-1979       78      0.08628  0.08271  0.50   37772    3124   36209   275597   7.30
1970-1979       79      0.09161  0.08760  0.50   34647    3035   33130   239388   6.91
1970-1979       80      0.10523  0.09997  0.50   31612    3160   30032   206258   6.52
1970-1979       81      0.10675  0.10134  0.50   28452    2883   27010   176226   6.19
1970-1979       82      0.12347  0.11629  0.50   25569    2973   24082   149215   5.84
1970-1979       83      0.13124  0.12316  0.50   22595    2783   21204   125133   5.54
1970-1979       84      0.14431  0.13460  0.50   19813    2667   18479   103929   5.25
1970-1979       85      0.15446  0.14339  0.50   17146    2459   15917    85450   4.98
1970-1979       86      0.16933  0.15612  0.50   14687    2293   13541    69533   4.73
1970-1979       87      0.17679  0.16243  0.50   12394    2013   11388    55992   4.52
1970-1979       88      0.19166  0.17490  0.50   10381    1816    9473    44605   4.30
1970-1979       89      0.19929  0.18123  0.50    8565    1552    7789    35131   4.10
1970-1979       90      0.23041  0.20661  0.50    7013    1449    6289    27342   3.90
1970-1979       91      0.21226  0.19190  0.50    5564    1068    5030    21053   3.78
1970-1979       92      0.23933  0.21375  0.50    4496     961    4016    16023   3.56
1970-1979       93      0.24739  0.22016  0.50    3535     778    3146    12007   3.40
1970-1979       94      0.25900  0.22930  0.50    2757     632    2441     8861   3.21
1970-1979       95      0.29022  0.25344  0.50    2125     539    1856     6420   3.02
1970-1979       96      0.30785  0.26679  0.50    1586     423    1375     4565   2.88
1970-1979       97      0.32609  0.28038  0.50    1163     326    1000     3190   2.74
1970-1979       98      0.34489  0.29416  0.50     837     246     714     2190   2.62
1970-1979       99      0.36420  0.30810  0.50     591     182     500     1476   2.50
1970-1979      100      0.38398  0.32213  0.50     409     132     343      976   2.39
1970-1979      101      0.40416  0.33622  0.50     277      93     231      633   2.29
1970-1979      102      0.42468  0.35030  0.50     184      64     152      403   2.19
1970-1979      103      0.44547  0.36432  0.50     119      44      98      251   2.10
1970-1979      104      0.46645  0.37824  0.50      76      29      62      153   2.02
1970-1979      105      0.48755  0.39199  0.50      47      19      38       92   1.94
1970-1979      106      0.50869  0.40554  0.50      29      12      23       54   1.87
1970-1979      107      0.52979  0.41884  0.50      17       7      13       31   1.81
1970-1979      108      0.55077  0.43185  0.50      10       4       8       17   1.76
1970-1979      109      0.57156  0.44452  0.50       6       3       4       10   1.72
1970-1979      110+     0.59207  1.00000  1.69       3       3       5        5   1.69
1980-1989        0      0.02024  0.01988  0.11  100000    1988   98227  6862906  68.63
1980-1989        1      0.00248  0.00248  0.50   98012     243   97890  6764679  69.02
1980-1989        2      0.00115  0.00115  0.50   97769     113   97712  6666789  68.19
1980-1989        3      0.00081  0.00081  0.50   97656      80   97616  6569077  67.27
1980-1989        4      0.00072  0.00072  0.50   97577      70   97542  6471460  66.32
1980-1989        5      0.00064  0.00064  0.50   97506      63   97475  6373919  65.37
1980-1989        6      0.00060  0.00060  0.50   97444      58   97415  6276444  64.41
1980-1989        7      0.00063  0.00063  0.50   97386      61   97355  6179029  63.45
1980-1989        8      0.00057  0.00057  0.50   97325      56   97297  6081674  62.49
1980-1989        9      0.00051  0.00051  0.50   97269      50   97244  5984377  61.52
1980-1989       10      0.00048  0.00048  0.50   97219      47   97196  5887133  60.56
1980-1989       11      0.00044  0.00044  0.50   97172      42   97151  5789938  59.58
1980-1989       12      0.00045  0.00045  0.50   97130      43   97108  5692787  58.61
1980-1989       13      0.00048  0.00048  0.50   97086      47   97063  5595679  57.64
1980-1989       14      0.00056  0.00056  0.50   97040      54   97013  5498616  56.66
1980-1989       15      0.00069  0.00069  0.50   96986      67   96952  5401603  55.69
1980-1989       16      0.00088  0.00088  0.50   96919      85   96876  5304651  54.73
1980-1989       17      0.00113  0.00113  0.50   96833     109   96779  5207775  53.78
1980-1989       18      0.00133  0.00133  0.50   96724     128   96660  5110996  52.84
1980-1989       19      0.00134  0.00134  0.50   96596     129   96531  5014336  51.91
1980-1989       20      0.00150  0.00150  0.50   96467     144   96394  4917804  50.98
1980-1989       21      0.00170  0.00169  0.50   96322     163   96241  4821410  50.05
1980-1989       22      0.00179  0.00179  0.50   96159     172   96073  4725169  49.14
1980-1989       23      0.00187  0.00187  0.50   95988     179   95898  4629096  48.23
1980-1989       24      0.00193  0.00192  0.50   95808     184   95716  4533198  47.32
1980-1989       25      0.00207  0.00206  0.50   95624     197   95525  4437481  46.41
1980-1989       26      0.00208  0.00208  0.50   95427     199   95328  4341956  45.50
1980-1989       27      0.00219  0.00219  0.50   95228     209   95124  4246628  44.59
1980-1989       28      0.00231  0.00231  0.50   95019     219   94910  4151505  43.69
1980-1989       29      0.00243  0.00243  0.50   94800     230   94685  4056595  42.79
1980-1989       30      0.00263  0.00263  0.50   94570     249   94445  3961910  41.89
1980-1989       31      0.00268  0.00267  0.50   94321     252   94195  3867465  41.00
1980-1989       32      0.00282  0.00281  0.50   94069     265   93936  3773270  40.11
1980-1989       33      0.00297  0.00296  0.50   93804     278   93665  3679333  39.22
1980-1989       34      0.00309  0.00309  0.50   93526     289   93382  3585668  38.34
1980-1989       35      0.00333  0.00333  0.50   93237     310   93082  3492287  37.46
1980-1989       36      0.00341  0.00341  0.50   92927     317   92769  3399205  36.58
1980-1989       37      0.00360  0.00360  0.50   92610     333   92444  3306436  35.70
1980-1989       38      0.00388  0.00388  0.50   92277     358   92098  3213992  34.83
1980-1989       39      0.00422  0.00421  0.50   91919     387   91726  3121894  33.96
1980-1989       40      0.00486  0.00485  0.50   91532     444   91310  3030168  33.10
1980-1989       41      0.00509  0.00508  0.50   91088     462   90857  2938858  32.26
1980-1989       42      0.00559  0.00558  0.50   90626     505   90373  2848001  31.43
1980-1989       43      0.00600  0.00598  0.50   90121     539   89851  2757627  30.60
1980-1989       44      0.00632  0.00630  0.50   89582     565   89300  2667776  29.78
1980-1989       45      0.00680  0.00677  0.50   89017     603   88716  2578476  28.97
1980-1989       46      0.00703  0.00700  0.50   88414     619   88105  2489760  28.16
1980-1989       47      0.00753  0.00750  0.50   87795     659   87466  2401655  27.36
1980-1989       48      0.00800  0.00797  0.50   87136     695   86789  2314190  26.56
1980-1989       49      0.00866  0.00862  0.50   86442     745   86069  2227400  25.77
1980-1989       50      0.00961  0.00956  0.50   85697     819   85287  2141331  24.99
1980-1989       51      0.01002  0.00997  0.50   84877     846   84454  2056044  24.22
1980-1989       52      0.01097  0.01091  0.50   84031     917   83573  1971590  23.46
1980-1989       53      0.01170  0.01163  0.50   83115     967   82631  1888017  22.72
1980-1989       54      0.01247  0.01239  0.50   82148    1018   81639  1805386  21.98
1980-1989       55      0.01334  0.01325  0.50   81130    1075   80592  1723747  21.25
1980-1989       56      0.01417  0.01407  0.50   80055    1126   79492  1643154  20.53
1980-1989       57      0.01495  0.01484  0.50   78929    1171   78343  1563662  19.81
1980-1989       58      0.01574  0.01562  0.50   77757    1215   77150  1485319  19.10
1980-1989       59      0.01700  0.01686  0.50   76543    1290   75897  1408169  18.40
1980-1989       60      0.01843  0.01827  0.50   75252    1375   74565  1332272  17.70
1980-1989       61      0.01933  0.01915  0.50   73878    1415   73170  1257707  17.02
1980-1989       62      0.02081  0.02059  0.50   72463    1492   71717  1184537  16.35
1980-1989       63      0.02214  0.02190  0.50   70971    1554   70194  1112820  15.68
1980-1989       64      0.02387  0.02359  0.50   69417    1638   68598  1042626  15.02
1980-1989       65      0.02596  0.02563  0.50   67779    1737   66910   974028  14.37
1980-1989       66      0.02778  0.02740  0.50   66042    1810   65137   907118  13.74
1980-1989       67      0.03010  0.02965  0.50   64232    1905   63280   841981  13.11
1980-1989       68      0.03280  0.03227  0.50   62328    2011   61322   778701  12.49
1980-1989       69      0.03553  0.03491  0.50   60316    2106   59264   717379  11.89
1980-1989       70      0.03976  0.03898  0.50   58211    2269   57076   658115  11.31
1980-1989       71      0.04215  0.04128  0.50   55942    2309   54787   601039  10.74
1980-1989       72      0.04677  0.04570  0.50   53632    2451   52407   546252  10.19
1980-1989       73      0.05106  0.04979  0.50   51181    2548   49907   493845   9.65
1980-1989       74      0.05607  0.05454  0.50   48633    2652   47307   443937   9.13
1980-1989       75      0.06141  0.05958  0.50   45981    2739   44611   396630   8.63
1980-1989       76      0.06753  0.06532  0.50   43241    2825   41829   352019   8.14
1980-1989       77      0.07351  0.07090  0.50   40417    2866   38984   310190   7.67
1980-1989       78      0.08060  0.07747  0.50   37551    2909   36097   271206   7.22
1980-1989       79      0.08826  0.08453  0.50   34642    2928   33178   235110   6.79
1980-1989       80      0.10313  0.09807  0.50   31714    3110   30159   201932   6.37
1980-1989       81      0.11023  0.10447  0.50   28603    2988   27109   171773   6.01
1980-1989       82      0.12353  0.11634  0.50   25615    2980   24125   144664   5.65
1980-1989       83      0.13416  0.12573  0.50   22635    2846   21212   120539   5.33
1980-1989       84      0.14778  0.13761  0.50   19789    2723   18428    99326   5.02
1980-1989       85      0.16127  0.14924  0.50   17066    2547   15793    80899   4.74
1980-1989       86      0.17705  0.16265  0.50   14519    2362   13338    65106   4.48
1980-1989       87      0.18920  0.17285  0.50   12157    2101   11107    51768   4.26
1980-1989       88      0.20326  0.18450  0.50   10056    1855    9128    40661   4.04
1980-1989       89      0.21668  0.19550  0.50    8201    1603    7399    31533   3.85
1980-1989       90      0.23926  0.21370  0.50    6597    1410    5893    24134   3.66
1980-1989       91      0.24172  0.21566  0.50    5188    1119    4628    18241   3.52
1980-1989       92      0.25862  0.22901  0.50    4069     932    3603    13613   3.35
1980-1989       93      0.26761  0.23603  0.50    3137     740    2767    10010   3.19
1980-1989       94      0.27441  0.24130  0.50    2397     578    2107     7243   3.02
1980-1989       95      0.31215  0.27001  0.50    1818     491    1573     5136   2.82
1980-1989       96      0.33195  0.28470  0.50    1327     378    1138     3563   2.68
1980-1989       97      0.35239  0.29960  0.50     949     284     807     2425   2.55
1980-1989       98      0.37340  0.31465  0.50     665     209     560     1617   2.43
1980-1989       99      0.39492  0.32980  0.50     456     150     381     1057   2.32
1980-1989      100      0.41688  0.34497  0.50     305     105     253      676   2.21
1980-1989      101      0.43919  0.36011  0.50     200      72     164      424   2.12
1980-1989      102      0.46176  0.37515  0.50     128      48     104      260   2.03
1980-1989      103      0.48450  0.39002  0.50      80      31      64      156   1.94
1980-1989      104      0.50731  0.40467  0.50      49      20      39       91   1.87
1980-1989      105      0.53010  0.41903  0.50      29      12      23       52   1.80
1980-1989      106      0.55276  0.43307  0.50      17       7      13       29   1.73
1980-1989      107      0.57521  0.44673  0.50      10       4       7       16   1.68
1980-1989      108      0.59735  0.45997  0.50       5       2       4        9   1.63
1980-1989      109      0.61910  0.47276  0.50       3       1       2        5   1.59
1980-1989      110+     0.64037  1.00000  1.56       2       2       2        2   1.56
1990-1999        0      0.01765  0.01738  0.11  100000    1738   98458  6641379  66.41
1990-1999        1      0.00178  0.00178  0.50   98262     175   98175  6542920  66.59
1990-1999        2      0.00098  0.00098  0.50   98088      96   98040  6444745  65.70
1990-1999        3      0.00076  0.00076  0.50   97991      74   97954  6346706  64.77
1990-1999        4      0.00070  0.00070  0.50   97917      68   97883  6248752  63.82
1990-1999        5      0.00059  0.00059  0.50   97849      58   97820  6150868  62.86
1990-1999        6      0.00054  0.00054  0.50   97791      53   97764  6053049  61.90
1990-1999        7      0.00054  0.00054  0.50   97738      53   97711  5955284  60.93
1990-1999        8      0.00052  0.00052  0.50   97685      51   97659  5857573  59.96
1990-1999        9      0.00047  0.00047  0.50   97634      46   97611  5759914  59.00
1990-1999       10      0.00044  0.00044  0.50   97588      43   97566  5662303  58.02
1990-1999       11      0.00042  0.00042  0.50   97545      41   97525  5564736  57.05
1990-1999       12      0.00044  0.00044  0.50   97504      43   97483  5467212  56.07
1990-1999       13      0.00050  0.00050  0.50   97462      49   97437  5369729  55.10
1990-1999       14      0.00060  0.00060  0.50   97413      59   97384  5272291  54.12
1990-1999       15      0.00081  0.00081  0.50   97354      79   97315  5174908  53.16
1990-1999       16      0.00111  0.00111  0.50   97275     108   97221  5077593  52.20
1990-1999       17      0.00146  0.00145  0.50   97167     141   97097  4980372  51.26
1990-1999       18      0.00168  0.00168  0.50   97026     163   96944  4883275  50.33
1990-1999       19      0.00188  0.00188  0.50   96863     182   96772  4786331  49.41
1990-1999       20      0.00211  0.00211  0.50   96681     204   96579  4689559  48.51
1990-1999       21      0.00230  0.00230  0.50   96477     222   96366  4592980  47.61
1990-1999       22      0.00242  0.00242  0.50   96255     233   96139  4496613  46.72
1990-1999       23      0.00251  0.00250  0.50   96022     240   95902  4400475  45.83
1990-1999       24      0.00260  0.00259  0.50   95782     248   95658  4304572  44.94
1990-1999       25      0.00272  0.00272  0.50   95534     259   95404  4208915  44.06
1990-1999       26      0.00276  0.00275  0.50   95274     262   95143  4113511  43.18
1990-1999       27      0.00288  0.00287  0.50   95012     273   94875  4018368  42.29
1990-1999       28      0.00300  0.00300  0.50   94739     284   94597  3923493  41.41
1990-1999       29      0.00317  0.00317  0.50   94455     299   94305  3828896  40.54
1990-1999       30      0.00349  0.00348  0.50   94156     328   93992  3734591  39.66
1990-1999       31      0.00355  0.00354  0.50   93828     332   93662  3640599  38.80
1990-1999       32      0.00372  0.00371  0.50   93495     347   93322  3546938  37.94
1990-1999       33      0.00397  0.00397  0.50   93148     369   92963  3453616  37.08
1990-1999       34      0.00420  0.00420  0.50   92779     389   92584  3360653  36.22
1990-1999       35      0.00461  0.00460  0.50   92390     425   92177  3268069  35.37
1990-1999       36      0.00474  0.00473  0.50   91965     435   91747  3175891  34.53
1990-1999       37      0.00503  0.00502  0.50   91530     459   91300  3084144  33.70
1990-1999       38      0.00537  0.00536  0.50   91071     488   90827  2992844  32.86
1990-1999       39      0.00577  0.00575  0.50   90583     521   90323  2902017  32.04
1990-1999       40      0.00654  0.00652  0.50   90062     587   89769  2811694  31.22
1990-1999       41      0.00668  0.00666  0.50   89475     596   89177  2721925  30.42
1990-1999       42      0.00709  0.00706  0.50   88879     628   88566  2632748  29.62
1990-1999       43      0.00768  0.00765  0.50   88252     675   87914  2544183  28.83
1990-1999       44      0.00833  0.00830  0.50   87576     727   87213  2456269  28.05
1990-1999       45      0.00934  0.00930  0.50   86850     808   86446  2369055  27.28
1990-1999       46      0.00979  0.00974  0.50   86042     838   85623  2282609  26.53
1990-1999       47      0.01033  0.01028  0.50   85204     876   84766  2196986  25.79
1990-1999       48      0.01088  0.01082  0.50   84328     912   83872  2112220  25.05
1990-1999       49      0.01122  0.01116  0.50   83416     931   82950  2028348  24.32
1990-1999       50      0.01238  0.01230  0.50   82485    1015   81977  1945398  23.58
1990-1999       51      0.01236  0.01229  0.50   81470    1001   80970  1863421  22.87
1990-1999       52      0.01329  0.01320  0.50   80469    1062   79938  1782451  22.15
1990-1999       53      0.01426  0.01416  0.50   79407    1124   78845  1702513  21.44
1990-1999       54      0.01546  0.01534  0.50   78283    1201   77682  1623669  20.74
1990-1999       55      0.01706  0.01692  0.50   77082    1304   76429  1545987  20.06
1990-1999       56      0.01783  0.01767  0.50   75777    1339   75108  1469557  19.39
1990-1999       57      0.01888  0.01870  0.50   74438    1392   73742  1394449  18.73
1990-1999       58      0.01981  0.01961  0.50   73046    1433   72330  1320707  18.08
1990-1999       59      0.02088  0.02067  0.50   71613    1480   70874  1248377  17.43
1990-1999       60      0.02304  0.02278  0.50   70134    1598   69335  1177504  16.79
1990-1999       61      0.02400  0.02372  0.50   68536    1626   67723  1108169  16.17
1990-1999       62      0.02586  0.02553  0.50   66910    1708   66056  1040446  15.55
1990-1999       63      0.02773  0.02735  0.50   65202    1783   64311   974389  14.94
1990-1999       64      0.02953  0.02910  0.50   63419    1845   62497   910079  14.35
1990-1999       65      0.03157  0.03108  0.50   61574    1913   60617   847582  13.77
1990-1999       66      0.03380  0.03324  0.50   59660    1983   58669   786965  13.19
1990-1999       67      0.03594  0.03531  0.50   57677    2036   56659   728296  12.63
1990-1999       68      0.03847  0.03774  0.50   55641    2100   54591   671637  12.07
1990-1999       69      0.04111  0.04028  0.50   53541    2157   52462   617047  11.52
1990-1999       70      0.04420  0.04324  0.50   51384    2222   50273   564584  10.99
1990-1999       71      0.04747  0.04637  0.50   49162    2280   48022   514311  10.46
1990-1999       72      0.05057  0.04933  0.50   46883    2313   45726   466288   9.95
1990-1999       73      0.05427  0.05284  0.50   44570    2355   43393   420562   9.44
1990-1999       74      0.05890  0.05721  0.50   42215    2415   41007   377170   8.93
1990-1999       75      0.06399  0.06201  0.50   39800    2468   38566   336162   8.45
1990-1999       76      0.06958  0.06724  0.50   37332    2510   36077   297596   7.97
1990-1999       77      0.07555  0.07280  0.50   34822    2535   33554   261520   7.51
1990-1999       78      0.08308  0.07977  0.50   32286    2575   30999   227966   7.06
1990-1999       79      0.09147  0.08747  0.50   29711    2599   28412   196967   6.63
1990-1999       80      0.10205  0.09709  0.50   27112    2632   25796   168555   6.22
1990-1999       81      0.11149  0.10560  0.50   24480    2585   23187   142759   5.83
1990-1999       82      0.12337  0.11620  0.50   21895    2544   20623   119572   5.46
1990-1999       83      0.13637  0.12767  0.50   19350    2470   18115    98949   5.11
1990-1999       84      0.14960  0.13919  0.50   16880    2350   15705    80834   4.79
1990-1999       85      0.16450  0.15200  0.50   14530    2209   13426    65129   4.48
1990-1999       86      0.18082  0.16583  0.50   12322    2043   11300    51703   4.20
1990-1999       87      0.19802  0.18018  0.50   10279    1852    9353    40402   3.93
1990-1999       88      0.21623  0.19514  0.50    8427    1644    7604    31050   3.68
1990-1999       89      0.23516  0.21042  0.50    6782    1427    6069    23445   3.46
1990-1999       90      0.25786  0.22841  0.50    5355    1223    4744    17377   3.24
1990-1999       91      0.27747  0.24366  0.50    4132    1007    3629    12633   3.06
1990-1999       92      0.29848  0.25972  0.50    3125     812    2719     9005   2.88
1990-1999       93      0.32103  0.27663  0.50    2313     640    1993     6285   2.72
1990-1999       94      0.34007  0.29065  0.50    1674     486    1430     4292   2.56
1990-1999       95      0.36973  0.31205  0.50    1187     370    1002     2862   2.41
1990-1999       96      0.39612  0.33063  0.50     817     270     682     1860   2.28
1990-1999       97      0.42318  0.34928  0.50     547     191     451     1178   2.16
1990-1999       98      0.45076  0.36785  0.50     356     131     290      727   2.04
1990-1999       99      0.47869  0.38625  0.50     225      87     181      437   1.94
1990-1999      100      0.50680  0.40434  0.50     138      56     110      255   1.85
1990-1999      101      0.53491  0.42203  0.50      82      35      65      145   1.76
1990-1999      102      0.56283  0.43922  0.50      48      21      37       80   1.69
1990-1999      103      0.59038  0.45583  0.50      27      12      21       43   1.62
1990-1999      104      0.61741  0.47177  0.50      14       7      11       23   1.56
1990-1999      105      0.64375  0.48700  0.50       8       4       6       11   1.50
1990-1999      106      0.66927  0.50146  0.50       4       2       3        6   1.45
1990-1999      107      0.69385  0.51514  0.50       2       1       1        3   1.40
1990-1999      108      0.71739  0.52800  0.50       1       1       1        1   1.37
1990-1999      109      0.73981  0.54004  0.50       0       0       0        1   1.33
1990-1999      110+     0.76105  1.00000  1.31       0       0       0        0   1.31
2000-2009        0      0.01158  0.01147  0.13  100000    1147   98997  6615653  66.16
2000-2009        1      0.00119  0.00119  0.50   98853     117   98794  6516656  65.92
2000-2009        2      0.00071  0.00071  0.50   98736      70   98701  6417861  65.00
2000-2009        3      0.00056  0.00056  0.50   98666      56   98638  6319160  64.05
2000-2009        4      0.00052  0.00052  0.50   98610      51   98584  6220523  63.08
2000-2009        5      0.00044  0.00044  0.50   98559      43   98537  6121938  62.11
2000-2009        6      0.00040  0.00040  0.50   98516      39   98496  6023401  61.14
2000-2009        7      0.00038  0.00038  0.50   98477      38   98458  5924905  60.17
2000-2009        8      0.00038  0.00038  0.50   98439      37   98420  5826447  59.19
2000-2009        9      0.00037  0.00037  0.50   98402      36   98384  5728027  58.21
2000-2009       10      0.00036  0.00036  0.50   98366      36   98348  5629643  57.23
2000-2009       11      0.00036  0.00036  0.50   98330      35   98312  5531296  56.25
2000-2009       12      0.00037  0.00037  0.50   98295      36   98276  5432984  55.27
2000-2009       13      0.00043  0.00043  0.50   98258      42   98237  5334707  54.29
2000-2009       14      0.00053  0.00053  0.50   98216      52   98190  5236470  53.32
2000-2009       15      0.00071  0.00071  0.50   98165      69   98130  5138279  52.34
2000-2009       16      0.00092  0.00092  0.50   98095      91   98050  5040149  51.38
2000-2009       17      0.00118  0.00118  0.50   98005     116   97947  4942099  50.43
2000-2009       18      0.00143  0.00143  0.50   97889     140   97819  4844153  49.49
2000-2009       19      0.00164  0.00164  0.50   97749     160   97669  4746334  48.56
2000-2009       20      0.00191  0.00191  0.50   97589     186   97496  4648665  47.64
2000-2009       21      0.00214  0.00213  0.50   97403     208   97299  4551170  46.73
2000-2009       22      0.00237  0.00237  0.50   97195     230   97079  4453871  45.82
2000-2009       23      0.00261  0.00261  0.50   96964     253   96838  4356792  44.93
2000-2009       24      0.00285  0.00285  0.50   96712     276   96574  4259954  44.05
2000-2009       25      0.00322  0.00322  0.50   96436     310   96281  4163380  43.17
2000-2009       26      0.00338  0.00338  0.50   96126     324   95963  4067099  42.31
2000-2009       27      0.00362  0.00362  0.50   95801     346   95628  3971136  41.45
2000-2009       28      0.00385  0.00384  0.50   95455     367   95271  3875508  40.60
2000-2009       29      0.00403  0.00402  0.50   95088     382   94897  3780237  39.76
2000-2009       30      0.00451  0.00450  0.50   94706     426   94492  3685340  38.91
2000-2009       31      0.00447  0.00446  0.50   94279     420   94069  3590848  38.09
2000-2009       32      0.00463  0.00462  0.50   93859     433   93642  3496779  37.26
2000-2009       33      0.00482  0.00481  0.50   93426     449   93201  3403136  36.43
2000-2009       34      0.00501  0.00500  0.50   92977     465   92744  3309935  35.60
2000-2009       35      0.00546  0.00545  0.50   92511     504   92259  3217191  34.78
2000-2009       36      0.00552  0.00550  0.50   92007     506   91754  3124932  33.96
2000-2009       37      0.00577  0.00576  0.50   91501     527   91238  3033178  33.15
2000-2009       38      0.00610  0.00608  0.50   90974     553   90698  2941940  32.34
2000-2009       39      0.00650  0.00648  0.50   90421     586   90128  2851243  31.53
2000-2009       40      0.00761  0.00758  0.50   89835     681   89494  2761115  30.74
2000-2009       41      0.00752  0.00749  0.50   89154     668   88820  2671621  29.97
2000-2009       42      0.00790  0.00787  0.50   88486     696   88138  2582800  29.19
2000-2009       43      0.00842  0.00839  0.50   87790     736   87422  2494663  28.42
2000-2009       44      0.00897  0.00893  0.50   87053     778   86665  2407241  27.65
2000-2009       45      0.01000  0.00995  0.50   86276     858   85847  2320576  26.90
2000-2009       46      0.01028  0.01023  0.50   85417     874   84980  2234730  26.16
2000-2009       47      0.01084  0.01079  0.50   84544     912   84088  2149749  25.43
2000-2009       48      0.01150  0.01143  0.50   83632     956   83154  2065662  24.70
2000-2009       49      0.01227  0.01219  0.50   82676    1008   82172  1982508  23.98
2000-2009       50      0.01414  0.01404  0.50   81667    1146   81094  1900337  23.27
2000-2009       51      0.01427  0.01417  0.50   80521    1141   79951  1819243  22.59
2000-2009       52      0.01486  0.01475  0.50   79380    1171   78795  1739292  21.91
2000-2009       53      0.01577  0.01564  0.50   78210    1223   77598  1660497  21.23
2000-2009       54      0.01665  0.01652  0.50   76986    1272   76350  1582899  20.56
2000-2009       55      0.01840  0.01823  0.50   75715    1381   75024  1506549  19.90
2000-2009       56      0.01897  0.01880  0.50   74334    1397   73635  1431525  19.26
2000-2009       57      0.01957  0.01938  0.50   72937    1413   72230  1357889  18.62
2000-2009       58      0.02059  0.02038  0.50   71523    1457   70795  1285659  17.98
2000-2009       59      0.02166  0.02143  0.50   70066    1501   69315  1214865  17.34
2000-2009       60      0.02460  0.02430  0.50   68565    1666   67732  1145549  16.71
2000-2009       61      0.02570  0.02537  0.50   66899    1698   66050  1077818  16.11
2000-2009       62      0.02715  0.02678  0.50   65201    1746   64328  1011768  15.52
2000-2009       63      0.02876  0.02835  0.50   63455    1799   62555   947440  14.93
2000-2009       64      0.03051  0.03005  0.50   61656    1853   60730   884885  14.35
2000-2009       65      0.03237  0.03185  0.50   59803    1905   58851   824155  13.78
2000-2009       66      0.03376  0.03320  0.50   57898    1922   56937   765304  13.22
2000-2009       67      0.03575  0.03512  0.50   55976    1966   54993   708367  12.65
2000-2009       68      0.03789  0.03719  0.50   54010    2009   53006   653374  12.10
2000-2009       69      0.04077  0.03995  0.50   52002    2078   50963   600368  11.55
2000-2009       70      0.04430  0.04334  0.50   49924    2164   48842   549405  11.00
2000-2009       71      0.04768  0.04657  0.50   47760    2224   46648   500563  10.48
2000-2009       72      0.05193  0.05062  0.50   45536    2305   44384   453914   9.97
2000-2009       73      0.05645  0.05490  0.50   43231    2374   42045   409530   9.47
2000-2009       74      0.06102  0.05921  0.50   40858    2419   39648   367486   8.99
2000-2009       75      0.06604  0.06393  0.50   38439    2457   37210   327838   8.53
2000-2009       76      0.07139  0.06893  0.50   35981    2480   34741   290628   8.08
2000-2009       77      0.07694  0.07409  0.50   33501    2482   32260   255886   7.64
2000-2009       78      0.08308  0.07976  0.50   31019    2474   29782   223626   7.21
2000-2009       79      0.09032  0.08642  0.50   28545    2467   27312   193844   6.79
2000-2009       80      0.09793  0.09335  0.50   26078    2435   24861   166533   6.39
2000-2009       81      0.10754  0.10206  0.50   23644    2413   22437   141672   5.99
2000-2009       82      0.11716  0.11067  0.50   21231    2350   20056   119235   5.62
2000-2009       83      0.12899  0.12118  0.50   18881    2288   17737    99179   5.25
2000-2009       84      0.14174  0.13236  0.50   16593    2196   15495    81442   4.91
2000-2009       85      0.15662  0.14525  0.50   14397    2091   13351    65947   4.58
2000-2009       86      0.17263  0.15891  0.50   12306    1955   11328    52596   4.27
2000-2009       87      0.19019  0.17368  0.50   10350    1798    9451    41268   3.99
2000-2009       88      0.20986  0.18993  0.50    8553    1624    7740    31816   3.72
2000-2009       89      0.23120  0.20724  0.50    6928    1436    6210    24076   3.48
2000-2009       90      0.25150  0.22341  0.50    5492    1227    4879    17866   3.25
2000-2009       91      0.27489  0.24167  0.50    4265    1031    3750    12987   3.04
2000-2009       92      0.29954  0.26052  0.50    3235     843    2813     9237   2.86
2000-2009       93      0.32363  0.27856  0.50    2392     666    2059     6424   2.69
2000-2009       94      0.34807  0.29647  0.50    1726     512    1470     4365   2.53
2000-2009       95      0.37271  0.31416  0.50    1214     381    1023     2895   2.38
2000-2009       96      0.40052  0.33370  0.50     833     278     694     1872   2.25
2000-2009       97      0.42902  0.35324  0.50     555     196     457     1178   2.12
2000-2009       98      0.45801  0.37267  0.50     359     134     292      721   2.01
2000-2009       99      0.48729  0.39182  0.50     225      88     181      429   1.91
2000-2009      100      0.51665  0.41058  0.50     137      56     109      248   1.82
2000-2009      101      0.54588  0.42883  0.50      81      35      63      140   1.73
2000-2009      102      0.57476  0.44646  0.50      46      21      36       76   1.66
2000-2009      103      0.60311  0.46338  0.50      26      12      20       40   1.59
2000-2009      104      0.63074  0.47951  0.50      14       7      10       21   1.53
2000-2009      105      0.65747  0.49481  0.50       7       4       5       10   1.47
2000-2009      106      0.68318  0.50923  0.50       4       2       3        5   1.42
2000-2009      107      0.70774  0.52275  0.50       2       1       1        2   1.38
2000-2009      108      0.73107  0.53537  0.50       1       0       1        1   1.34
2000-2009      109      0.75309  0.54709  0.50       0       0       0        1   1.31
2000-2009      110+     0.77377  1.00000  1.29       0       0       0        0   1.29
2010-2014        0      0.00805  0.00799  0.13  100000     799   99307  7010242  70.10
2010-2014        1      0.00074  0.00074  0.50   99201      74   99164  6910935  69.67
2010-2014        2      0.00046  0.00046  0.50   99127      46   99104  6811771  68.72
2010-2014        3      0.00039  0.00039  0.50   99081      38   99062  6712666  67.75
2010-2014        4      0.00033  0.00033  0.50   99043      33   99027  6613604  66.77
2010-2014        5      0.00029  0.00029  0.50   99011      29   98996  6514577  65.80
2010-2014        6      0.00027  0.00027  0.50   98982      26   98969  6415581  64.82
2010-2014        7      0.00026  0.00026  0.50   98955      26   98942  6316612  63.83
2010-2014        8      0.00026  0.00026  0.50   98929      26   98916  6217670  62.85
2010-2014        9      0.00024  0.00024  0.50   98903      24   98891  6118754  61.87
2010-2014       10      0.00025  0.00025  0.50   98879      24   98867  6019863  60.88
2010-2014       11      0.00025  0.00025  0.50   98855      25   98842  5920996  59.90
2010-2014       12      0.00027  0.00027  0.50   98830      27   98816  5822153  58.91
2010-2014       13      0.00032  0.00032  0.50   98803      32   98787  5723337  57.93
2010-2014       14      0.00042  0.00042  0.50   98771      41   98750  5624550  56.95
2010-2014       15      0.00053  0.00053  0.50   98730      52   98704  5525800  55.97
2010-2014       16      0.00067  0.00067  0.50   98678      66   98645  5427096  55.00
2010-2014       17      0.00078  0.00078  0.50   98612      77   98573  5328452  54.03
2010-2014       18      0.00096  0.00096  0.50   98535      95   98487  5229879  53.08
2010-2014       19      0.00108  0.00108  0.50   98440     106   98387  5131391  52.13
2010-2014       20      0.00124  0.00124  0.50   98334     122   98273  5033005  51.18
2010-2014       21      0.00139  0.00139  0.50   98212     137   98143  4934732  50.25
2010-2014       22      0.00152  0.00152  0.50   98075     149   98000  4836589  49.32
2010-2014       23      0.00166  0.00166  0.50   97926     162   97845  4738589  48.39
2010-2014       24      0.00183  0.00183  0.50   97763     179   97674  4640744  47.47
2010-2014       25      0.00203  0.00203  0.50   97585     198   97486  4543070  46.56
2010-2014       26      0.00225  0.00225  0.50   97387     219   97277  4445584  45.65
2010-2014       27      0.00253  0.00252  0.50   97168     245   97045  4348307  44.75
2010-2014       28      0.00281  0.00281  0.50   96923     272   96786  4251262  43.86
2010-2014       29      0.00310  0.00310  0.50   96650     300   96501  4154475  42.98
2010-2014       30      0.00354  0.00353  0.50   96351     340   96181  4057975  42.12
2010-2014       31      0.00375  0.00375  0.50   96010     360   95831  3961794  41.26
2010-2014       32      0.00403  0.00402  0.50   95651     385   95458  3865964  40.42
2010-2014       33      0.00426  0.00425  0.50   95266     405   95063  3770505  39.58
2010-2014       34      0.00449  0.00448  0.50   94861     425   94648  3675442  38.75
2010-2014       35      0.00479  0.00477  0.50   94435     451   94210  3580794  37.92
2010-2014       36      0.00483  0.00482  0.50   93985     453   93758  3486584  37.10
2010-2014       37      0.00495  0.00494  0.50   93531     462   93300  3392826  36.27
2010-2014       38      0.00505  0.00504  0.50   93069     469   92835  3299526  35.45
2010-2014       39      0.00518  0.00516  0.50   92600     478   92361  3206691  34.63
2010-2014       40      0.00549  0.00547  0.50   92122     504   91870  3114330  33.81
2010-2014       41      0.00551  0.00550  0.50   91618     504   91366  3022460  32.99
2010-2014       42      0.00576  0.00574  0.50   91114     523   90853  2931094  32.17
2010-2014       43      0.00613  0.00611  0.50   90591     553   90314  2840241  31.35
2010-2014       44      0.00639  0.00637  0.50   90038     573   89751  2749927  30.54
2010-2014       45      0.00695  0.00692  0.50   89464     619   89155  2660176  29.73
2010-2014       46      0.00726  0.00723  0.50   88845     643   88524  2571021  28.94
2010-2014       47      0.00770  0.00767  0.50   88202     677   87864  2482498  28.15
2010-2014       48      0.00810  0.00806  0.50   87525     706   87173  2394634  27.36
2010-2014       49      0.00865  0.00862  0.50   86820     748   86446  2307461  26.58
2010-2014       50      0.00938  0.00933  0.50   86072     803   85670  2221015  25.80
2010-2014       51      0.00983  0.00978  0.50   85268     834   84851  2135345  25.04
2010-2014       52      0.01042  0.01037  0.50   84435     875   83997  2050494  24.29
2010-2014       53      0.01110  0.01104  0.50   83559     922   83098  1966497  23.53
2010-2014       54      0.01182  0.01175  0.50   82637     971   82151  1883399  22.79
2010-2014       55      0.01317  0.01309  0.50   81666    1069   81131  1801247  22.06
2010-2014       56      0.01395  0.01386  0.50   80597    1117   80039  1720116  21.34
2010-2014       57      0.01478  0.01467  0.50   79480    1166   78897  1640077  20.64
2010-2014       58      0.01583  0.01570  0.50   78314    1230   77699  1561180  19.93
2010-2014       59      0.01686  0.01672  0.50   77085    1289   76440  1483480  19.24
2010-2014       60      0.01891  0.01873  0.50   75796    1420   75086  1407040  18.56
2010-2014       61      0.02025  0.02004  0.50   74376    1491   73631  1331954  17.91
2010-2014       62      0.02098  0.02077  0.50   72885    1513   72129  1258323  17.26
2010-2014       63      0.02236  0.02211  0.50   71372    1578   70583  1186195  16.62
2010-2014       64      0.02351  0.02323  0.50   69794    1621   68983  1115612  15.98
2010-2014       65      0.02475  0.02445  0.50   68172    1667   67339  1046629  15.35
2010-2014       66      0.02594  0.02561  0.50   66506    1703   65654   979290  14.72
2010-2014       67      0.02753  0.02716  0.50   64802    1760   63923   913636  14.10
2010-2014       68      0.02963  0.02920  0.50   63043    1841   62122   849714  13.48
2010-2014       69      0.03208  0.03157  0.50   61202    1932   60236   787591  12.87
2010-2014       70      0.03481  0.03422  0.50   59270    2028   58256   727356  12.27
2010-2014       71      0.03815  0.03744  0.50   57242    2143   56170   669100  11.69
2010-2014       72      0.04096  0.04014  0.50   55098    2212   53993   612930  11.12
2010-2014       73      0.04375  0.04282  0.50   52887    2264   51755   558937  10.57
2010-2014       74      0.04805  0.04692  0.50   50622    2375   49435   507183  10.02
2010-2014       75      0.05261  0.05127  0.50   48247    2473   47010   457748   9.49
2010-2014       76      0.05661  0.05505  0.50   45774    2520   44514   410738   8.97
2010-2014       77      0.06305  0.06113  0.50   43254    2644   41932   366224   8.47
2010-2014       78      0.06958  0.06724  0.50   40610    2731   39244   324293   7.99
2010-2014       79      0.07631  0.07350  0.50   37879    2784   36487   285048   7.53
2010-2014       80      0.08337  0.08003  0.50   35095    2809   33691   248561   7.08
2010-2014       81      0.09232  0.08825  0.50   32286    2849   30862   214871   6.66
2010-2014       82      0.10183  0.09689  0.50   29437    2852   28011   184009   6.25
2010-2014       83      0.11087  0.10505  0.50   26585    2793   25189   155998   5.87
2010-2014       84      0.12129  0.11435  0.50   23792    2721   22432   130809   5.50
2010-2014       85      0.13380  0.12541  0.50   21071    2643   19750   108378   5.14
2010-2014       86      0.14765  0.13750  0.50   18429    2534   17162    88627   4.81
2010-2014       87      0.16057  0.14863  0.50   15895    2362   14714    71466   4.50
2010-2014       88      0.17782  0.16330  0.50   13532    2210   12427    56752   4.19
2010-2014       89      0.19313  0.17612  0.50   11323    1994   10325    44324   3.91
2010-2014       90      0.21529  0.19437  0.50    9328    1813    8422    33999   3.64
2010-2014       91      0.23728  0.21212  0.50    7515    1594    6718    25577   3.40
2010-2014       92      0.25886  0.22919  0.50    5921    1357    5243    18859   3.19
2010-2014       93      0.28447  0.24905  0.50    4564    1137    3996    13616   2.98
2010-2014       94      0.30996  0.26837  0.50    3427     920    2967     9621   2.81
2010-2014       95      0.32659  0.28074  0.50    2508     704    2156     6653   2.65
2010-2014       96      0.35280  0.29990  0.50    1804     541    1533     4498   2.49
2010-2014       97      0.37998  0.31931  0.50    1263     403    1061     2964   2.35
2010-2014       98      0.40797  0.33885  0.50     859     291     714     1903   2.21
2010-2014       99      0.43659  0.35836  0.50     568     204     466     1189   2.09
2010-2014      100      0.46564  0.37770  0.50     365     138     296      723   1.98
2010-2014      101      0.49493  0.39675  0.50     227      90     182      427   1.88
2010-2014      102      0.52423  0.41536  0.50     137      57     108      245   1.79
2010-2014      103      0.55334  0.43342  0.50      80      35      63      137   1.71
2010-2014      104      0.58204  0.45084  0.50      45      20      35       74   1.64
2010-2014      105      0.61015  0.46752  0.50      25      12      19       39   1.57
2010-2014      106      0.63748  0.48340  0.50      13       6      10       20   1.51
2010-2014      107      0.66388  0.49843  0.50       7       3       5       10   1.46
2010-2014      108      0.68921  0.51257  0.50       3       2       3        5   1.42
2010-2014      109      0.71336  0.52581  0.50       2       1       1        2   1.38
2010-2014      110+     0.73626  1.00000  1.36       1       1       1        1   1.36
