Slovakia , Life tables (period 1x10), Total	Last modified: 29 Oct 2021;  Methods Protocol: v6 (2017)

  Year          Age         mx       qx    ax      lx      dx      Lx       Tx     ex
1950-1959        0      0.06342  0.06058  0.26  100000    6058   95521  6604726  66.05
1950-1959        1      0.00561  0.00560  0.50   93942     526   93679  6509205  69.29
1950-1959        2      0.00258  0.00258  0.50   93416     241   93296  6415526  68.68
1950-1959        3      0.00161  0.00161  0.50   93176     150   93101  6322230  67.85
1950-1959        4      0.00111  0.00111  0.50   93026     103   92974  6229129  66.96
1950-1959        5      0.00082  0.00082  0.50   92923      76   92885  6136155  66.03
1950-1959        6      0.00076  0.00076  0.50   92847      71   92811  6043270  65.09
1950-1959        7      0.00069  0.00069  0.50   92776      64   92744  5950459  64.14
1950-1959        8      0.00066  0.00066  0.50   92712      61   92681  5857716  63.18
1950-1959        9      0.00059  0.00059  0.50   92650      55   92623  5765034  62.22
1950-1959       10      0.00062  0.00062  0.50   92596      58   92567  5672411  61.26
1950-1959       11      0.00062  0.00061  0.50   92538      57   92510  5579844  60.30
1950-1959       12      0.00055  0.00055  0.50   92481      51   92456  5487334  59.33
1950-1959       13      0.00070  0.00070  0.50   92430      65   92398  5394879  58.37
1950-1959       14      0.00073  0.00073  0.50   92365      68   92331  5302481  57.41
1950-1959       15      0.00087  0.00087  0.50   92297      80   92257  5210150  56.45
1950-1959       16      0.00101  0.00101  0.50   92217      93   92171  5117893  55.50
1950-1959       17      0.00121  0.00121  0.50   92124     111   92069  5025722  54.55
1950-1959       18      0.00136  0.00136  0.50   92013     125   91951  4933653  53.62
1950-1959       19      0.00156  0.00156  0.50   91888     143   91817  4841703  52.69
1950-1959       20      0.00164  0.00164  0.50   91745     150   91670  4749886  51.77
1950-1959       21      0.00171  0.00171  0.50   91595     156   91517  4658216  50.86
1950-1959       22      0.00177  0.00177  0.50   91439     161   91358  4566699  49.94
1950-1959       23      0.00176  0.00176  0.50   91277     160   91197  4475341  49.03
1950-1959       24      0.00181  0.00181  0.50   91117     165   91035  4384144  48.12
1950-1959       25      0.00175  0.00175  0.50   90952     159   90873  4293109  47.20
1950-1959       26      0.00187  0.00187  0.50   90793     170   90708  4202236  46.28
1950-1959       27      0.00180  0.00180  0.50   90623     163   90542  4111528  45.37
1950-1959       28      0.00187  0.00187  0.50   90460     169   90376  4020986  44.45
1950-1959       29      0.00196  0.00196  0.50   90291     177   90203  3930611  43.53
1950-1959       30      0.00199  0.00198  0.50   90114     179   90025  3840408  42.62
1950-1959       31      0.00209  0.00209  0.50   89936     188   89842  3750383  41.70
1950-1959       32      0.00190  0.00189  0.50   89748     170   89663  3660542  40.79
1950-1959       33      0.00204  0.00204  0.50   89578     183   89486  3570879  39.86
1950-1959       34      0.00215  0.00215  0.50   89395     192   89299  3481393  38.94
1950-1959       35      0.00215  0.00215  0.50   89203     192   89107  3392094  38.03
1950-1959       36      0.00228  0.00228  0.50   89011     203   88909  3302987  37.11
1950-1959       37      0.00260  0.00260  0.50   88808     231   88693  3214078  36.19
1950-1959       38      0.00280  0.00279  0.50   88578     247   88454  3125385  35.28
1950-1959       39      0.00271  0.00271  0.50   88330     239   88211  3036931  34.38
1950-1959       40      0.00297  0.00297  0.50   88091     261   87960  2948720  33.47
1950-1959       41      0.00323  0.00322  0.50   87830     283   87688  2860760  32.57
1950-1959       42      0.00340  0.00340  0.50   87547     298   87398  2773072  31.68
1950-1959       43      0.00362  0.00361  0.50   87249     315   87092  2685674  30.78
1950-1959       44      0.00394  0.00393  0.50   86934     342   86763  2598582  29.89
1950-1959       45      0.00420  0.00419  0.50   86592     363   86411  2511819  29.01
1950-1959       46      0.00469  0.00467  0.50   86230     403   86028  2425408  28.13
1950-1959       47      0.00512  0.00510  0.50   85827     438   85607  2339380  27.26
1950-1959       48      0.00550  0.00548  0.50   85388     468   85154  2253772  26.39
1950-1959       49      0.00628  0.00626  0.50   84920     532   84654  2168618  25.54
1950-1959       50      0.00697  0.00695  0.50   84389     586   84096  2083964  24.69
1950-1959       51      0.00696  0.00694  0.50   83802     581   83512  1999868  23.86
1950-1959       52      0.00808  0.00805  0.50   83221     670   82886  1916357  23.03
1950-1959       53      0.00876  0.00872  0.50   82552     720   82192  1833470  22.21
1950-1959       54      0.00981  0.00976  0.50   81832     799   81432  1751278  21.40
1950-1959       55      0.01065  0.01060  0.50   81033     859   80604  1669846  20.61
1950-1959       56      0.01135  0.01129  0.50   80175     905   79722  1589242  19.82
1950-1959       57      0.01240  0.01233  0.50   79269     977   78781  1509520  19.04
1950-1959       58      0.01376  0.01366  0.50   78292    1070   77757  1430739  18.27
1950-1959       59      0.01513  0.01501  0.50   77223    1159   76643  1352982  17.52
1950-1959       60      0.01700  0.01686  0.50   76063    1282   75422  1276339  16.78
1950-1959       61      0.01787  0.01771  0.50   74781    1324   74119  1200917  16.06
1950-1959       62      0.02007  0.01987  0.50   73457    1460   72727  1126798  15.34
1950-1959       63      0.02219  0.02194  0.50   71997    1580   71207  1054072  14.64
1950-1959       64      0.02448  0.02418  0.50   70417    1703   69566   982865  13.96
1950-1959       65      0.02680  0.02645  0.50   68714    1817   67805   913299  13.29
1950-1959       66      0.02884  0.02843  0.50   66897    1902   65946   845494  12.64
1950-1959       67      0.03264  0.03212  0.50   64995    2088   63952   779548  11.99
1950-1959       68      0.03563  0.03500  0.50   62908    2202   61807   715596  11.38
1950-1959       69      0.03954  0.03878  0.50   60706    2354   59529   653789  10.77
1950-1959       70      0.04402  0.04307  0.50   58352    2513   57095   594261  10.18
1950-1959       71      0.04840  0.04725  0.50   55839    2639   54519   537166   9.62
1950-1959       72      0.05415  0.05272  0.50   53200    2805   51798   482646   9.07
1950-1959       73      0.05891  0.05722  0.50   50395    2884   48954   430849   8.55
1950-1959       74      0.06788  0.06565  0.50   47512    3119   45952   381895   8.04
1950-1959       75      0.07278  0.07022  0.50   44392    3117   42834   335943   7.57
1950-1959       76      0.08076  0.07763  0.50   41275    3204   39673   293109   7.10
1950-1959       77      0.09034  0.08644  0.50   38071    3291   36426   253436   6.66
1950-1959       78      0.09612  0.09171  0.50   34780    3190   33186   217010   6.24
1950-1959       79      0.10884  0.10322  0.50   31591    3261   29960   183824   5.82
1950-1959       80      0.12179  0.11480  0.50   28330    3252   26704   153864   5.43
1950-1959       81      0.13426  0.12581  0.50   25078    3155   23500   127160   5.07
1950-1959       82      0.14838  0.13813  0.50   21923    3028   20409   103660   4.73
1950-1959       83      0.16941  0.15618  0.50   18894    2951   17419    83252   4.41
1950-1959       84      0.18078  0.16579  0.50   15943    2643   14622    65833   4.13
1950-1959       85      0.20060  0.18231  0.50   13300    2425   12088    51211   3.85
1950-1959       86      0.22119  0.19916  0.50   10875    2166    9792    39123   3.60
1950-1959       87      0.24414  0.21758  0.50    8709    1895    7762    29331   3.37
1950-1959       88      0.26517  0.23413  0.50    6814    1595    6017    21569   3.17
1950-1959       89      0.28142  0.24671  0.50    5219    1288    4575    15552   2.98
1950-1959       90      0.31705  0.27367  0.50    3931    1076    3393    10977   2.79
1950-1959       91      0.32120  0.27675  0.50    2856     790    2460     7583   2.66
1950-1959       92      0.35192  0.29926  0.50    2065     618    1756     5123   2.48
1950-1959       93      0.35940  0.30465  0.50    1447     441    1227     3367   2.33
1950-1959       94      0.44237  0.36225  0.50    1006     365     824     2140   2.13
1950-1959       95      0.44756  0.36572  0.50     642     235     524     1316   2.05
1950-1959       96      0.47660  0.38488  0.50     407     157     329      792   1.94
1950-1959       97      0.50578  0.40369  0.50     250     101     200      463   1.85
1950-1959       98      0.53491  0.42203  0.50     149      63     118      263   1.76
1950-1959       99      0.56379  0.43981  0.50      86      38      67      145   1.68
1950-1959      100      0.59223  0.45693  0.50      48      22      37       78   1.61
1950-1959      101      0.62006  0.47332  0.50      26      12      20       41   1.55
1950-1959      102      0.64712  0.48893  0.50      14       7      10       21   1.49
1950-1959      103      0.67327  0.50370  0.50       7       4       5       10   1.44
1950-1959      104      0.69838  0.51763  0.50       4       2       3        5   1.39
1950-1959      105      0.72236  0.53069  0.50       2       1       1        2   1.35
1950-1959      106      0.74513  0.54287  0.50       1       0       1        1   1.31
1950-1959      107      0.76664  0.55420  0.50       0       0       0        0   1.28
1950-1959      108      0.78686  0.56469  0.50       0       0       0        0   1.25
1950-1959      109      0.80578  0.57437  0.50       0       0       0        0   1.23
1950-1959      110+     0.82341  1.00000  1.21       0       0       0        0   1.21
1960-1969        0      0.02678  0.02617  0.13  100000    2617   97726  7048524  70.49
1960-1969        1      0.00253  0.00253  0.50   97383     246   97260  6950798  71.38
1960-1969        2      0.00137  0.00137  0.50   97136     133   97070  6853539  70.56
1960-1969        3      0.00092  0.00092  0.50   97003      90   96959  6756469  69.65
1960-1969        4      0.00073  0.00073  0.50   96914      70   96879  6659510  68.72
1960-1969        5      0.00066  0.00066  0.50   96844      64   96812  6562632  67.77
1960-1969        6      0.00057  0.00057  0.50   96779      55   96752  6465820  66.81
1960-1969        7      0.00045  0.00045  0.50   96725      44   96703  6369068  65.85
1960-1969        8      0.00046  0.00046  0.50   96681      44   96659  6272365  64.88
1960-1969        9      0.00038  0.00038  0.50   96637      37   96618  6175707  63.91
1960-1969       10      0.00038  0.00038  0.50   96600      37   96581  6079089  62.93
1960-1969       11      0.00038  0.00038  0.50   96562      37   96544  5982508  61.95
1960-1969       12      0.00037  0.00037  0.50   96526      35   96508  5885964  60.98
1960-1969       13      0.00040  0.00040  0.50   96490      39   96471  5789456  60.00
1960-1969       14      0.00046  0.00046  0.50   96452      45   96429  5692985  59.02
1960-1969       15      0.00059  0.00059  0.50   96407      57   96378  5596556  58.05
1960-1969       16      0.00063  0.00063  0.50   96350      61   96319  5500177  57.09
1960-1969       17      0.00080  0.00080  0.50   96289      77   96251  5403858  56.12
1960-1969       18      0.00101  0.00101  0.50   96212      97   96164  5307607  55.17
1960-1969       19      0.00106  0.00106  0.50   96115     102   96065  5211443  54.22
1960-1969       20      0.00112  0.00112  0.50   96014     108   95960  5115379  53.28
1960-1969       21      0.00118  0.00118  0.50   95906     113   95849  5019419  52.34
1960-1969       22      0.00126  0.00126  0.50   95793     121   95732  4923570  51.40
1960-1969       23      0.00131  0.00131  0.50   95672     125   95609  4827838  50.46
1960-1969       24      0.00132  0.00132  0.50   95547     126   95484  4732228  49.53
1960-1969       25      0.00119  0.00119  0.50   95421     113   95364  4636745  48.59
1960-1969       26      0.00121  0.00121  0.50   95307     115   95250  4541381  47.65
1960-1969       27      0.00120  0.00120  0.50   95192     114   95135  4446131  46.71
1960-1969       28      0.00121  0.00121  0.50   95078     115   95020  4350996  45.76
1960-1969       29      0.00129  0.00129  0.50   94963     122   94902  4255976  44.82
1960-1969       30      0.00133  0.00133  0.50   94840     126   94777  4161075  43.87
1960-1969       31      0.00143  0.00143  0.50   94714     136   94646  4066298  42.93
1960-1969       32      0.00157  0.00156  0.50   94578     148   94505  3971651  41.99
1960-1969       33      0.00156  0.00156  0.50   94431     147   94357  3877147  41.06
1960-1969       34      0.00178  0.00178  0.50   94284     168   94200  3782790  40.12
1960-1969       35      0.00185  0.00185  0.50   94116     174   94028  3688590  39.19
1960-1969       36      0.00187  0.00187  0.50   93941     176   93854  3594562  38.26
1960-1969       37      0.00201  0.00200  0.50   93766     188   93672  3500708  37.33
1960-1969       38      0.00215  0.00215  0.50   93578     201   93477  3407036  36.41
1960-1969       39      0.00232  0.00231  0.50   93376     216   93268  3313559  35.49
1960-1969       40      0.00259  0.00259  0.50   93160     241   93040  3220291  34.57
1960-1969       41      0.00257  0.00257  0.50   92919     239   92800  3127251  33.66
1960-1969       42      0.00292  0.00291  0.50   92680     270   92545  3034451  32.74
1960-1969       43      0.00309  0.00308  0.50   92411     285   92268  2941906  31.84
1960-1969       44      0.00348  0.00348  0.50   92126     320   91966  2849638  30.93
1960-1969       45      0.00379  0.00378  0.50   91805     347   91632  2757672  30.04
1960-1969       46      0.00395  0.00394  0.50   91459     361   91278  2666040  29.15
1960-1969       47      0.00423  0.00423  0.50   91098     385   90905  2574762  28.26
1960-1969       48      0.00460  0.00459  0.50   90713     416   90505  2483857  27.38
1960-1969       49      0.00514  0.00513  0.50   90297     463   90065  2393352  26.51
1960-1969       50      0.00549  0.00547  0.50   89834     492   89588  2303286  25.64
1960-1969       51      0.00590  0.00589  0.50   89342     526   89079  2213698  24.78
1960-1969       52      0.00652  0.00650  0.50   88816     577   88528  2124619  23.92
1960-1969       53      0.00694  0.00692  0.50   88239     611   87934  2036092  23.07
1960-1969       54      0.00780  0.00777  0.50   87629     681   87288  1948158  22.23
1960-1969       55      0.00879  0.00875  0.50   86947     761   86567  1860870  21.40
1960-1969       56      0.00973  0.00968  0.50   86187     835   85770  1774303  20.59
1960-1969       57      0.01075  0.01069  0.50   85352     913   84896  1688533  19.78
1960-1969       58      0.01173  0.01167  0.50   84440     985   83947  1603637  18.99
1960-1969       59      0.01345  0.01336  0.50   83454    1115   82897  1519690  18.21
1960-1969       60      0.01470  0.01459  0.50   82340    1201   81739  1436793  17.45
1960-1969       61      0.01618  0.01605  0.50   81138    1302   80487  1355054  16.70
1960-1969       62      0.01778  0.01762  0.50   79836    1407   79133  1274567  15.96
1960-1969       63      0.01995  0.01975  0.50   78429    1549   77655  1195434  15.24
1960-1969       64      0.02231  0.02206  0.50   76880    1696   76032  1117779  14.54
1960-1969       65      0.02405  0.02377  0.50   75184    1787   74290  1041748  13.86
1960-1969       66      0.02615  0.02581  0.50   73397    1894   72450   967457  13.18
1960-1969       67      0.02978  0.02935  0.50   71503    2098   70453   895008  12.52
1960-1969       68      0.03289  0.03235  0.50   69404    2246   68281   824554  11.88
1960-1969       69      0.03658  0.03592  0.50   67159    2413   65952   756273  11.26
1960-1969       70      0.04000  0.03921  0.50   64746    2539   63477   690320  10.66
1960-1969       71      0.04411  0.04316  0.50   62207    2685   60865   626844  10.08
1960-1969       72      0.04917  0.04799  0.50   59523    2857   58094   565979   9.51
1960-1969       73      0.05318  0.05180  0.50   56666    2935   55198   507885   8.96
1960-1969       74      0.06144  0.05961  0.50   53730    3203   52129   452686   8.43
1960-1969       75      0.06674  0.06459  0.50   50528    3263   48896   400557   7.93
1960-1969       76      0.07409  0.07145  0.50   47264    3377   45576   351661   7.44
1960-1969       77      0.08266  0.07937  0.50   43887    3484   42146   306086   6.97
1960-1969       78      0.09045  0.08654  0.50   40404    3496   38656   263940   6.53
1960-1969       79      0.10141  0.09652  0.50   36907    3562   35126   225285   6.10
1960-1969       80      0.11470  0.10847  0.50   33345    3617   31537   190158   5.70
1960-1969       81      0.12397  0.11674  0.50   29728    3470   27993   158622   5.34
1960-1969       82      0.13912  0.13007  0.50   26258    3415   24550   130629   4.97
1960-1969       83      0.15136  0.14071  0.50   22842    3214   21235   106079   4.64
1960-1969       84      0.16863  0.15551  0.50   19628    3052   18102    84844   4.32
1960-1969       85      0.19042  0.17386  0.50   16576    2882   15135    66742   4.03
1960-1969       86      0.20725  0.18779  0.50   13694    2572   12408    51607   3.77
1960-1969       87      0.22906  0.20553  0.50   11122    2286    9979    39199   3.52
1960-1969       88      0.24292  0.21661  0.50    8836    1914    7879    29220   3.31
1960-1969       89      0.27045  0.23824  0.50    6922    1649    6098    21341   3.08
1960-1969       90      0.29415  0.25644  0.50    5273    1352    4597    15243   2.89
1960-1969       91      0.32408  0.27889  0.50    3921    1093    3374    10646   2.72
1960-1969       92      0.34355  0.29319  0.50    2827     829    2413     7272   2.57
1960-1969       93      0.35973  0.30489  0.50    1998     609    1694     4859   2.43
1960-1969       94      0.38750  0.32461  0.50    1389     451    1164     3165   2.28
1960-1969       95      0.42710  0.35194  0.50     938     330     773     2001   2.13
1960-1969       96      0.45584  0.37123  0.50     608     226     495     1228   2.02
1960-1969       97      0.48485  0.39025  0.50     382     149     308      733   1.92
1960-1969       98      0.51393  0.40887  0.50     233      95     185      425   1.82
1960-1969       99      0.54289  0.42699  0.50     138      59     108      240   1.74
1960-1969      100      0.57154  0.44451  0.50      79      35      61      131   1.66
1960-1969      101      0.59969  0.46136  0.50      44      20      34       70   1.60
1960-1969      102      0.62719  0.47746  0.50      24      11      18       36   1.53
1960-1969      103      0.65387  0.49277  0.50      12       6       9       18   1.48
1960-1969      104      0.67961  0.50725  0.50       6       3       5        9   1.43
1960-1969      105      0.70429  0.52087  0.50       3       2       2        4   1.38
1960-1969      106      0.72783  0.53363  0.50       1       1       1        2   1.34
1960-1969      107      0.75016  0.54554  0.50       1       0       1        1   1.31
1960-1969      108      0.77124  0.55660  0.50       0       0       0        0   1.28
1960-1969      109      0.79104  0.56684  0.50       0       0       0        0   1.25
1960-1969      110+     0.80955  1.00000  1.24       0       0       0        0   1.24
1970-1979        0      0.02404  0.02354  0.12  100000    2354   97931  7024922  70.25
1970-1979        1      0.00156  0.00155  0.50   97646     152   97570  6926990  70.94
1970-1979        2      0.00094  0.00094  0.50   97494      91   97448  6829420  70.05
1970-1979        3      0.00070  0.00070  0.50   97403      69   97369  6731972  69.11
1970-1979        4      0.00063  0.00063  0.50   97334      62   97303  6634603  68.16
1970-1979        5      0.00054  0.00054  0.50   97273      52   97247  6537300  67.21
1970-1979        6      0.00048  0.00048  0.50   97220      47   97197  6440053  66.24
1970-1979        7      0.00047  0.00047  0.50   97173      45   97150  6342857  65.27
1970-1979        8      0.00042  0.00042  0.50   97128      40   97108  6245706  64.30
1970-1979        9      0.00035  0.00035  0.50   97087      34   97070  6148598  63.33
1970-1979       10      0.00037  0.00037  0.50   97053      36   97035  6051528  62.35
1970-1979       11      0.00036  0.00036  0.50   97017      35   97000  5954493  61.38
1970-1979       12      0.00034  0.00034  0.50   96983      33   96967  5857493  60.40
1970-1979       13      0.00040  0.00040  0.50   96950      39   96931  5760526  59.42
1970-1979       14      0.00039  0.00039  0.50   96911      38   96892  5663595  58.44
1970-1979       15      0.00047  0.00047  0.50   96873      46   96851  5566703  57.46
1970-1979       16      0.00059  0.00059  0.50   96828      57   96799  5469852  56.49
1970-1979       17      0.00080  0.00080  0.50   96771      77   96732  5373053  55.52
1970-1979       18      0.00089  0.00089  0.50   96693      86   96650  5276321  54.57
1970-1979       19      0.00097  0.00097  0.50   96607      94   96560  5179671  53.62
1970-1979       20      0.00091  0.00091  0.50   96513      88   96469  5083110  52.67
1970-1979       21      0.00098  0.00098  0.50   96425      95   96378  4986641  51.71
1970-1979       22      0.00111  0.00111  0.50   96331     107   96278  4890263  50.77
1970-1979       23      0.00111  0.00111  0.50   96224     107   96171  4793985  49.82
1970-1979       24      0.00104  0.00104  0.50   96118     100   96067  4697814  48.88
1970-1979       25      0.00104  0.00104  0.50   96017     100   95967  4601747  47.93
1970-1979       26      0.00102  0.00102  0.50   95917      98   95868  4505780  46.98
1970-1979       27      0.00106  0.00106  0.50   95820     102   95769  4409911  46.02
1970-1979       28      0.00122  0.00122  0.50   95718     117   95659  4314142  45.07
1970-1979       29      0.00123  0.00122  0.50   95601     117   95542  4218483  44.13
1970-1979       30      0.00140  0.00140  0.50   95484     134   95417  4122940  43.18
1970-1979       31      0.00142  0.00142  0.50   95350     135   95282  4027523  42.24
1970-1979       32      0.00160  0.00160  0.50   95215     152   95139  3932241  41.30
1970-1979       33      0.00164  0.00164  0.50   95063     156   94985  3837102  40.36
1970-1979       34      0.00181  0.00181  0.50   94907     171   94821  3742118  39.43
1970-1979       35      0.00199  0.00199  0.50   94735     188   94641  3647297  38.50
1970-1979       36      0.00207  0.00206  0.50   94547     195   94449  3552656  37.58
1970-1979       37      0.00211  0.00211  0.50   94352     199   94252  3458207  36.65
1970-1979       38      0.00252  0.00251  0.50   94153     237   94034  3363954  35.73
1970-1979       39      0.00274  0.00273  0.50   93916     257   93788  3269920  34.82
1970-1979       40      0.00295  0.00295  0.50   93659     276   93521  3176133  33.91
1970-1979       41      0.00319  0.00319  0.50   93383     298   93234  3082612  33.01
1970-1979       42      0.00348  0.00347  0.50   93085     323   92924  2989377  32.11
1970-1979       43      0.00382  0.00381  0.50   92762     354   92585  2896453  31.22
1970-1979       44      0.00396  0.00396  0.50   92409     366   92226  2803868  30.34
1970-1979       45      0.00464  0.00463  0.50   92043     426   91830  2711642  29.46
1970-1979       46      0.00475  0.00474  0.50   91617     434   91400  2619812  28.60
1970-1979       47      0.00530  0.00528  0.50   91183     482   90943  2528411  27.73
1970-1979       48      0.00600  0.00598  0.50   90702     542   90431  2437469  26.87
1970-1979       49      0.00646  0.00644  0.50   90159     580   89869  2347038  26.03
1970-1979       50      0.00716  0.00713  0.50   89579     639   89260  2257169  25.20
1970-1979       51      0.00752  0.00750  0.50   88940     667   88607  2167910  24.37
1970-1979       52      0.00822  0.00818  0.50   88273     722   87912  2079303  23.56
1970-1979       53      0.00907  0.00903  0.50   87551     791   87156  1991390  22.75
1970-1979       54      0.00965  0.00960  0.50   86760     833   86344  1904235  21.95
1970-1979       55      0.01072  0.01067  0.50   85928     916   85469  1817891  21.16
1970-1979       56      0.01126  0.01120  0.50   85011     952   84535  1732421  20.38
1970-1979       57      0.01219  0.01212  0.50   84059    1019   83550  1647886  19.60
1970-1979       58      0.01356  0.01347  0.50   83040    1119   82481  1564337  18.84
1970-1979       59      0.01425  0.01415  0.50   81922    1159   81342  1481856  18.09
1970-1979       60      0.01502  0.01491  0.50   80762    1204   80161  1400514  17.34
1970-1979       61      0.01710  0.01696  0.50   79559    1349   78884  1320353  16.60
1970-1979       62      0.01910  0.01892  0.50   78210    1479   77470  1241469  15.87
1970-1979       63      0.02017  0.01997  0.50   76730    1532   75964  1163999  15.17
1970-1979       64      0.02286  0.02260  0.50   75198    1700   74348  1088035  14.47
1970-1979       65      0.02490  0.02459  0.50   73499    1808   72595  1013687  13.79
1970-1979       66      0.02732  0.02695  0.50   71691    1932   70725   941092  13.13
1970-1979       67      0.03019  0.02974  0.50   69759    2075   68722   870367  12.48
1970-1979       68      0.03355  0.03300  0.50   67684    2234   66568   801645  11.84
1970-1979       69      0.03697  0.03630  0.50   65451    2376   64263   735078  11.23
1970-1979       70      0.04073  0.03992  0.50   63075    2518   61816   670815  10.64
1970-1979       71      0.04565  0.04463  0.50   60557    2703   59206   608998  10.06
1970-1979       72      0.04980  0.04859  0.50   57855    2811   56449   549792   9.50
1970-1979       73      0.05629  0.05475  0.50   55044    3013   53537   493343   8.96
1970-1979       74      0.06209  0.06022  0.50   52030    3133   50464   439806   8.45
1970-1979       75      0.06865  0.06637  0.50   48897    3246   47274   389343   7.96
1970-1979       76      0.07491  0.07220  0.50   45652    3296   44004   342068   7.49
1970-1979       77      0.08270  0.07942  0.50   42355    3364   40674   298064   7.04
1970-1979       78      0.09044  0.08653  0.50   38992    3374   37305   257391   6.60
1970-1979       79      0.10141  0.09652  0.50   35618    3438   33899   220086   6.18
1970-1979       80      0.11151  0.10562  0.50   32180    3399   30481   186187   5.79
1970-1979       81      0.12583  0.11838  0.50   28781    3407   27078   155707   5.41
1970-1979       82      0.13841  0.12945  0.50   25374    3285   23732   128629   5.07
1970-1979       83      0.15176  0.14106  0.50   22089    3116   20532   104897   4.75
1970-1979       84      0.16515  0.15255  0.50   18974    2895   17526    84366   4.45
1970-1979       85      0.17758  0.16310  0.50   16079    2622   14768    66839   4.16
1970-1979       86      0.20418  0.18526  0.50   13457    2493   12210    52071   3.87
1970-1979       87      0.21623  0.19513  0.50   10964    2139    9894    39861   3.64
1970-1979       88      0.24201  0.21588  0.50    8824    1905    7872    29967   3.40
1970-1979       89      0.25969  0.22984  0.50    6919    1590    6124    22096   3.19
1970-1979       90      0.28719  0.25113  0.50    5329    1338    4660    15972   3.00
1970-1979       91      0.29645  0.25818  0.50    3991    1030    3475    11312   2.83
1970-1979       92      0.32440  0.27912  0.50    2960     826    2547     7836   2.65
1970-1979       93      0.35687  0.30283  0.50    2134     646    1811     5289   2.48
1970-1979       94      0.38626  0.32373  0.50    1488     482    1247     3478   2.34
1970-1979       95      0.40835  0.33911  0.50    1006     341     836     2231   2.22
1970-1979       96      0.43610  0.35803  0.50     665     238     546     1396   2.10
1970-1979       97      0.46428  0.37681  0.50     427     161     346      850   1.99
1970-1979       98      0.49271  0.39532  0.50     266     105     213      504   1.89
1970-1979       99      0.52119  0.41345  0.50     161      67     128      290   1.80
1970-1979      100      0.54955  0.43109  0.50      94      41      74      163   1.72
1970-1979      101      0.57759  0.44816  0.50      54      24      42       89   1.65
1970-1979      102      0.60515  0.46458  0.50      30      14      23       47   1.58
1970-1979      103      0.63205  0.48027  0.50      16       8      12       24   1.52
1970-1979      104      0.65815  0.49520  0.50       8       4       6       12   1.47
1970-1979      105      0.68333  0.50931  0.50       4       2       3        6   1.42
1970-1979      106      0.70746  0.52260  0.50       2       1       2        3   1.38
1970-1979      107      0.73048  0.53505  0.50       1       1       1        1   1.34
1970-1979      108      0.75230  0.54667  0.50       0       0       0        1   1.31
1970-1979      109      0.77289  0.55746  0.50       0       0       0        0   1.28
1970-1979      110+     0.79224  1.00000  1.26       0       0       0        0   1.26
1980-1989        0      0.01668  0.01644  0.11  100000    1644   98545  7074472  70.74
1980-1989        1      0.00107  0.00107  0.50   98356     105   98303  6975927  70.93
1980-1989        2      0.00056  0.00056  0.50   98251      55   98223  6877624  70.00
1980-1989        3      0.00045  0.00045  0.50   98195      44   98174  6779401  69.04
1980-1989        4      0.00043  0.00043  0.50   98152      42   98131  6681227  68.07
1980-1989        5      0.00037  0.00037  0.50   98110      37   98091  6583097  67.10
1980-1989        6      0.00032  0.00032  0.50   98073      31   98057  6485005  66.12
1980-1989        7      0.00032  0.00032  0.50   98042      31   98026  6386948  65.15
1980-1989        8      0.00030  0.00030  0.50   98011      29   97996  6288922  64.17
1980-1989        9      0.00028  0.00028  0.50   97982      27   97968  6190926  63.18
1980-1989       10      0.00026  0.00026  0.50   97954      25   97942  6092958  62.20
1980-1989       11      0.00026  0.00026  0.50   97929      25   97917  5995016  61.22
1980-1989       12      0.00026  0.00026  0.50   97904      25   97892  5897099  60.23
1980-1989       13      0.00027  0.00027  0.50   97879      26   97866  5799208  59.25
1980-1989       14      0.00033  0.00033  0.50   97853      32   97836  5701342  58.26
1980-1989       15      0.00040  0.00040  0.50   97820      39   97801  5603506  57.28
1980-1989       16      0.00046  0.00046  0.50   97782      45   97759  5505705  56.31
1980-1989       17      0.00068  0.00068  0.50   97737      66   97703  5407946  55.33
1980-1989       18      0.00075  0.00075  0.50   97670      73   97634  5310242  54.37
1980-1989       19      0.00075  0.00075  0.50   97597      73   97560  5212609  53.41
1980-1989       20      0.00074  0.00074  0.50   97524      72   97488  5115048  52.45
1980-1989       21      0.00079  0.00079  0.50   97452      77   97413  5017560  51.49
1980-1989       22      0.00080  0.00080  0.50   97375      78   97336  4920147  50.53
1980-1989       23      0.00088  0.00088  0.50   97297      85   97254  4822811  49.57
1980-1989       24      0.00087  0.00087  0.50   97212      84   97169  4725557  48.61
1980-1989       25      0.00092  0.00092  0.50   97127      89   97083  4628388  47.65
1980-1989       26      0.00088  0.00088  0.50   97038      86   96995  4531305  46.70
1980-1989       27      0.00092  0.00092  0.50   96952      89   96908  4434310  45.74
1980-1989       28      0.00104  0.00104  0.50   96863     101   96813  4337402  44.78
1980-1989       29      0.00113  0.00113  0.50   96763     109   96708  4240589  43.82
1980-1989       30      0.00121  0.00121  0.50   96653     117   96595  4143881  42.87
1980-1989       31      0.00127  0.00127  0.50   96537     123   96475  4047286  41.92
1980-1989       32      0.00137  0.00137  0.50   96414     132   96348  3950811  40.98
1980-1989       33      0.00144  0.00144  0.50   96282     138   96213  3854463  40.03
1980-1989       34      0.00165  0.00164  0.50   96143     158   96064  3758250  39.09
1980-1989       35      0.00179  0.00178  0.50   95985     171   95900  3662186  38.15
1980-1989       36      0.00198  0.00198  0.50   95814     190   95719  3566286  37.22
1980-1989       37      0.00218  0.00218  0.50   95624     208   95520  3470567  36.29
1980-1989       38      0.00232  0.00232  0.50   95416     221   95306  3375047  35.37
1980-1989       39      0.00278  0.00277  0.50   95195     264   95063  3279741  34.45
1980-1989       40      0.00299  0.00299  0.50   94931     283   94789  3184678  33.55
1980-1989       41      0.00324  0.00323  0.50   94648     306   94495  3089889  32.65
1980-1989       42      0.00365  0.00365  0.50   94342     344   94170  2995394  31.75
1980-1989       43      0.00407  0.00406  0.50   93998     381   93807  2901224  30.86
1980-1989       44      0.00445  0.00444  0.50   93616     416   93408  2807417  29.99
1980-1989       45      0.00483  0.00482  0.50   93201     449   92976  2714009  29.12
1980-1989       46      0.00536  0.00534  0.50   92752     496   92504  2621033  28.26
1980-1989       47      0.00593  0.00591  0.50   92256     545   91984  2528529  27.41
1980-1989       48      0.00667  0.00665  0.50   91711     610   91406  2436545  26.57
1980-1989       49      0.00717  0.00714  0.50   91101     651   90776  2345139  25.74
1980-1989       50      0.00763  0.00761  0.50   90450     688   90106  2254364  24.92
1980-1989       51      0.00831  0.00828  0.50   89762     743   89391  2164257  24.11
1980-1989       52      0.00908  0.00904  0.50   89019     804   88617  2074867  23.31
1980-1989       53      0.00996  0.00991  0.50   88215     874   87778  1986250  22.52
1980-1989       54      0.01091  0.01085  0.50   87341     948   86867  1898472  21.74
1980-1989       55      0.01173  0.01166  0.50   86393    1008   85889  1811605  20.97
1980-1989       56      0.01266  0.01258  0.50   85385    1074   84848  1725716  20.21
1980-1989       57      0.01398  0.01388  0.50   84311    1170   83726  1640868  19.46
1980-1989       58      0.01469  0.01459  0.50   83140    1213   82534  1557143  18.73
1980-1989       59      0.01616  0.01603  0.50   81928    1313   81271  1474609  18.00
1980-1989       60      0.01776  0.01760  0.50   80614    1419   79905  1393338  17.28
1980-1989       61      0.01916  0.01898  0.50   79195    1503   78444  1313433  16.58
1980-1989       62      0.02099  0.02078  0.50   77692    1614   76885  1234990  15.90
1980-1989       63      0.02284  0.02258  0.50   76078    1718   75219  1158105  15.22
1980-1989       64      0.02477  0.02446  0.50   74360    1819   73451  1082886  14.56
1980-1989       65      0.02628  0.02594  0.50   72541    1881   71600  1009435  13.92
1980-1989       66      0.02821  0.02781  0.50   70660    1965   69677   937835  13.27
1980-1989       67      0.03114  0.03066  0.50   68694    2106   67641   868158  12.64
1980-1989       68      0.03360  0.03305  0.50   66588    2200   65488   800517  12.02
1980-1989       69      0.03733  0.03665  0.50   64387    2360   63208   735029  11.42
1980-1989       70      0.04030  0.03950  0.50   62028    2450   60803   671822  10.83
1980-1989       71      0.04432  0.04336  0.50   59578    2583   58286   611019  10.26
1980-1989       72      0.04870  0.04754  0.50   56994    2709   55640   552733   9.70
1980-1989       73      0.05387  0.05246  0.50   54285    2848   52861   497093   9.16
1980-1989       74      0.05915  0.05745  0.50   51437    2955   49960   444232   8.64
1980-1989       75      0.06503  0.06298  0.50   48482    3053   46956   394272   8.13
1980-1989       76      0.07162  0.06914  0.50   45429    3141   43858   347317   7.65
1980-1989       77      0.07917  0.07615  0.50   42288    3220   40678   303458   7.18
1980-1989       78      0.08723  0.08358  0.50   39068    3265   37435   262780   6.73
1980-1989       79      0.09744  0.09291  0.50   35802    3326   34139   225346   6.29
1980-1989       80      0.11232  0.10634  0.50   32476    3454   30749   191207   5.89
1980-1989       81      0.12102  0.11412  0.50   29022    3312   27366   160458   5.53
1980-1989       82      0.13150  0.12338  0.50   25710    3172   24124   133091   5.18
1980-1989       83      0.14742  0.13730  0.50   22538    3095   20991   108967   4.83
1980-1989       84      0.16172  0.14962  0.50   19444    2909   17989    87977   4.52
1980-1989       85      0.18028  0.16537  0.50   16534    2734   15167    69988   4.23
1980-1989       86      0.19378  0.17666  0.50   13800    2438   12581    54820   3.97
1980-1989       87      0.21051  0.19046  0.50   11362    2164   10280    42239   3.72
1980-1989       88      0.22947  0.20585  0.50    9198    1893    8251    31959   3.47
1980-1989       89      0.24972  0.22200  0.50    7305    1622    6494    23708   3.25
1980-1989       90      0.27324  0.24039  0.50    5683    1366    5000    17214   3.03
1980-1989       91      0.30595  0.26536  0.50    4317    1146    3744    12214   2.83
1980-1989       92      0.32820  0.28193  0.50    3171     894    2724     8470   2.67
1980-1989       93      0.34577  0.29480  0.50    2277     671    1942     5746   2.52
1980-1989       94      0.37770  0.31770  0.50    1606     510    1351     3804   2.37
1980-1989       95      0.40297  0.33539  0.50    1096     367     912     2453   2.24
1980-1989       96      0.43114  0.35468  0.50     728     258     599     1541   2.12
1980-1989       97      0.45981  0.37386  0.50     470     176     382      942   2.00
1980-1989       98      0.48881  0.39280  0.50     294     116     236      560   1.90
1980-1989       99      0.51792  0.41139  0.50     179      73     142      324   1.81
1980-1989      100      0.54695  0.42949  0.50     105      45      83      182   1.73
1980-1989      101      0.57569  0.44702  0.50      60      27      47       99   1.65
1980-1989      102      0.60395  0.46387  0.50      33      15      25       53   1.58
1980-1989      103      0.63155  0.47999  0.50      18       9      14       27   1.52
1980-1989      104      0.65833  0.49530  0.50       9       5       7       14   1.47
1980-1989      105      0.68414  0.50977  0.50       5       2       3        7   1.42
1980-1989      106      0.70887  0.52337  0.50       2       1       2        3   1.38
1980-1989      107      0.73242  0.53610  0.50       1       1       1        1   1.34
1980-1989      108      0.75472  0.54795  0.50       1       0       0        1   1.30
1980-1989      109      0.77573  0.55894  0.50       0       0       0        0   1.28
1980-1989      110+     0.79541  1.00000  1.26       0       0       0        0   1.26
1990-1999        0      0.01078  0.01068  0.13  100000    1068   99068  7202713  72.03
1990-1999        1      0.00077  0.00077  0.50   98932      76   98894  7103645  71.80
1990-1999        2      0.00048  0.00048  0.50   98856      48   98832  7004751  70.86
1990-1999        3      0.00037  0.00037  0.50   98808      37   98790  6905919  69.89
1990-1999        4      0.00032  0.00032  0.50   98772      31   98756  6807129  68.92
1990-1999        5      0.00029  0.00029  0.50   98740      29   98726  6708373  67.94
1990-1999        6      0.00026  0.00026  0.50   98712      26   98699  6609647  66.96
1990-1999        7      0.00024  0.00024  0.50   98686      24   98674  6510948  65.98
1990-1999        8      0.00024  0.00024  0.50   98662      24   98651  6412274  64.99
1990-1999        9      0.00022  0.00022  0.50   98639      22   98628  6313624  64.01
1990-1999       10      0.00021  0.00021  0.50   98617      20   98607  6214996  63.02
1990-1999       11      0.00025  0.00025  0.50   98597      24   98585  6116389  62.03
1990-1999       12      0.00025  0.00025  0.50   98572      25   98560  6017805  61.05
1990-1999       13      0.00023  0.00023  0.50   98547      23   98536  5919245  60.06
1990-1999       14      0.00027  0.00027  0.50   98525      27   98511  5820709  59.08
1990-1999       15      0.00034  0.00034  0.50   98498      33   98481  5722197  58.09
1990-1999       16      0.00044  0.00044  0.50   98465      44   98443  5623716  57.11
1990-1999       17      0.00051  0.00051  0.50   98421      50   98396  5525273  56.14
1990-1999       18      0.00065  0.00065  0.50   98371      64   98339  5426877  55.17
1990-1999       19      0.00069  0.00069  0.50   98307      67   98273  5328538  54.20
1990-1999       20      0.00077  0.00077  0.50   98240      76   98202  5230264  53.24
1990-1999       21      0.00079  0.00079  0.50   98164      78   98125  5132062  52.28
1990-1999       22      0.00078  0.00078  0.50   98086      76   98048  5033937  51.32
1990-1999       23      0.00078  0.00078  0.50   98010      77   97972  4935889  50.36
1990-1999       24      0.00074  0.00074  0.50   97933      72   97897  4837917  49.40
1990-1999       25      0.00080  0.00080  0.50   97861      78   97822  4740020  48.44
1990-1999       26      0.00085  0.00085  0.50   97783      83   97741  4642198  47.47
1990-1999       27      0.00086  0.00086  0.50   97700      84   97658  4544457  46.51
1990-1999       28      0.00088  0.00088  0.50   97616      86   97573  4446799  45.55
1990-1999       29      0.00099  0.00099  0.50   97530      97   97482  4349226  44.59
1990-1999       30      0.00102  0.00102  0.50   97433     100   97383  4251744  43.64
1990-1999       31      0.00112  0.00112  0.50   97334     109   97279  4154361  42.68
1990-1999       32      0.00126  0.00126  0.50   97225     123   97163  4057082  41.73
1990-1999       33      0.00135  0.00134  0.50   97102     131   97037  3959918  40.78
1990-1999       34      0.00147  0.00147  0.50   96971     143   96900  3862882  39.84
1990-1999       35      0.00161  0.00161  0.50   96829     156   96751  3765982  38.89
1990-1999       36      0.00178  0.00178  0.50   96673     172   96587  3669231  37.96
1990-1999       37      0.00197  0.00197  0.50   96501     190   96406  3572644  37.02
1990-1999       38      0.00222  0.00222  0.50   96311     214   96204  3476238  36.09
1990-1999       39      0.00249  0.00249  0.50   96097     239   95978  3380034  35.17
1990-1999       40      0.00270  0.00270  0.50   95858     259   95729  3284056  34.26
1990-1999       41      0.00307  0.00306  0.50   95599     293   95453  3188328  33.35
1990-1999       42      0.00336  0.00336  0.50   95306     320   95146  3092875  32.45
1990-1999       43      0.00373  0.00372  0.50   94986     354   94809  2997728  31.56
1990-1999       44      0.00420  0.00420  0.50   94633     397   94434  2902919  30.68
1990-1999       45      0.00448  0.00447  0.50   94235     421   94025  2808485  29.80
1990-1999       46      0.00498  0.00497  0.50   93814     466   93581  2714460  28.93
1990-1999       47      0.00543  0.00542  0.50   93348     505   93095  2620879  28.08
1990-1999       48      0.00607  0.00605  0.50   92843     562   92562  2527783  27.23
1990-1999       49      0.00649  0.00647  0.50   92281     597   91982  2435222  26.39
1990-1999       50      0.00738  0.00735  0.50   91684     674   91347  2343240  25.56
1990-1999       51      0.00785  0.00782  0.50   91009     712   90654  2251893  24.74
1990-1999       52      0.00871  0.00868  0.50   90298     783   89906  2161240  23.93
1990-1999       53      0.00934  0.00929  0.50   89514     832   89098  2071334  23.14
1990-1999       54      0.01025  0.01020  0.50   88683     904   88230  1982235  22.35
1990-1999       55      0.01125  0.01119  0.50   87778     982   87287  1894005  21.58
1990-1999       56      0.01203  0.01196  0.50   86796    1038   86277  1806718  20.82
1990-1999       57      0.01284  0.01276  0.50   85758    1094   85211  1720440  20.06
1990-1999       58      0.01415  0.01406  0.50   84664    1190   84069  1635229  19.31
1990-1999       59      0.01517  0.01505  0.50   83474    1256   82846  1551160  18.58
1990-1999       60      0.01717  0.01702  0.50   82218    1400   81518  1468314  17.86
1990-1999       61      0.01807  0.01791  0.50   80818    1448   80095  1386795  17.16
1990-1999       62      0.02007  0.01987  0.50   79371    1577   78582  1306701  16.46
1990-1999       63      0.02169  0.02146  0.50   77793    1669   76959  1228119  15.79
1990-1999       64      0.02321  0.02295  0.50   76124    1747   75250  1151160  15.12
1990-1999       65      0.02548  0.02516  0.50   74377    1871   73441  1075910  14.47
1990-1999       66      0.02781  0.02743  0.50   72506    1989   71511  1002469  13.83
1990-1999       67      0.02990  0.02946  0.50   70517    2077   69478   930958  13.20
1990-1999       68      0.03248  0.03196  0.50   68440    2187   67346   861479  12.59
1990-1999       69      0.03476  0.03417  0.50   66252    2264   65120   794133  11.99
1990-1999       70      0.03912  0.03837  0.50   63989    2455   62761   729013  11.39
1990-1999       71      0.04176  0.04090  0.50   61533    2517   60275   666252  10.83
1990-1999       72      0.04565  0.04463  0.50   59017    2634   57700   605977  10.27
1990-1999       73      0.04946  0.04827  0.50   56382    2722   55022   548278   9.72
1990-1999       74      0.05401  0.05259  0.50   53661    2822   52250   493256   9.19
1990-1999       75      0.06020  0.05844  0.50   50839    2971   49353   441006   8.67
1990-1999       76      0.06544  0.06337  0.50   47868    3033   46351   391653   8.18
1990-1999       77      0.07068  0.06827  0.50   44834    3061   43304   345301   7.70
1990-1999       78      0.07960  0.07655  0.50   41774    3198   40175   301997   7.23
1990-1999       79      0.08732  0.08366  0.50   38576    3227   36962   261822   6.79
1990-1999       80      0.09691  0.09243  0.50   35349    3267   33715   224860   6.36
1990-1999       81      0.10762  0.10213  0.50   32081    3276   30443   191145   5.96
1990-1999       82      0.11819  0.11160  0.50   28805    3215   27198   160702   5.58
1990-1999       83      0.13185  0.12370  0.50   25590    3166   24008   133504   5.22
1990-1999       84      0.14488  0.13509  0.50   22425    3029   20910   109497   4.88
1990-1999       85      0.15637  0.14504  0.50   19395    2813   17989    88587   4.57
1990-1999       86      0.17501  0.16093  0.50   16582    2669   15248    70598   4.26
1990-1999       87      0.19077  0.17416  0.50   13914    2423   12702    55349   3.98
1990-1999       88      0.20850  0.18882  0.50   11491    2170   10406    42647   3.71
1990-1999       89      0.23345  0.20905  0.50    9321    1949    8347    32241   3.46
1990-1999       90      0.24663  0.21955  0.50    7372    1619    6563    23895   3.24
1990-1999       91      0.27771  0.24385  0.50    5754    1403    5052    17331   3.01
1990-1999       92      0.30324  0.26332  0.50    4351    1146    3778    12279   2.82
1990-1999       93      0.31776  0.27419  0.50    3205     879    2766     8501   2.65
1990-1999       94      0.36908  0.31158  0.50    2326     725    1964     5736   2.47
1990-1999       95      0.37783  0.31780  0.50    1601     509    1347     3772   2.36
1990-1999       96      0.40614  0.33758  0.50    1093     369     908     2425   2.22
1990-1999       97      0.43517  0.35740  0.50     724     259     594     1517   2.10
1990-1999       98      0.46473  0.37710  0.50     465     175     377      922   1.98
1990-1999       99      0.49462  0.39655  0.50     290     115     232      545   1.88
1990-1999      100      0.52463  0.41561  0.50     175      73     138      313   1.79
1990-1999      101      0.55453  0.43416  0.50     102      44      80      174   1.71
1990-1999      102      0.58411  0.45208  0.50      58      26      45       94   1.63
1990-1999      103      0.61317  0.46929  0.50      32      15      24       49   1.56
1990-1999      104      0.64149  0.48570  0.50      17       8      13       25   1.50
1990-1999      105      0.66891  0.50126  0.50       9       4       6       13   1.45
1990-1999      106      0.69528  0.51592  0.50       4       2       3        6   1.40
1990-1999      107      0.72047  0.52967  0.50       2       1       2        3   1.36
1990-1999      108      0.74438  0.54248  0.50       1       1       1        1   1.32
1990-1999      109      0.76694  0.55436  0.50       0       0       0        1   1.29
1990-1999      110+     0.78811  1.00000  1.27       0       0       0        0   1.27
2000-2009        0      0.00690  0.00686  0.14  100000     686   99407  7416810  74.17
2000-2009        1      0.00059  0.00059  0.50   99314      59   99285  7317403  73.68
2000-2009        2      0.00040  0.00040  0.50   99255      40   99235  7218118  72.72
2000-2009        3      0.00028  0.00028  0.50   99215      28   99201  7118883  71.75
2000-2009        4      0.00025  0.00025  0.50   99187      25   99175  7019682  70.77
2000-2009        5      0.00024  0.00024  0.50   99162      24   99150  6920507  69.79
2000-2009        6      0.00017  0.00017  0.50   99138      17   99130  6821357  68.81
2000-2009        7      0.00019  0.00019  0.50   99121      19   99112  6722227  67.82
2000-2009        8      0.00018  0.00018  0.50   99102      18   99093  6623116  66.83
2000-2009        9      0.00019  0.00019  0.50   99084      19   99074  6524023  65.84
2000-2009       10      0.00017  0.00017  0.50   99065      17   99057  6424948  64.86
2000-2009       11      0.00018  0.00018  0.50   99048      18   99039  6325891  63.87
2000-2009       12      0.00015  0.00015  0.50   99031      15   99023  6226852  62.88
2000-2009       13      0.00021  0.00021  0.50   99015      20   99005  6127829  61.89
2000-2009       14      0.00023  0.00023  0.50   98995      22   98984  6028824  60.90
2000-2009       15      0.00027  0.00027  0.50   98973      27   98959  5929840  59.91
2000-2009       16      0.00036  0.00036  0.50   98946      35   98928  5830881  58.93
2000-2009       17      0.00044  0.00044  0.50   98911      44   98889  5731953  57.95
2000-2009       18      0.00047  0.00047  0.50   98867      46   98844  5633064  56.98
2000-2009       19      0.00057  0.00057  0.50   98821      56   98793  5534220  56.00
2000-2009       20      0.00058  0.00058  0.50   98765      57   98736  5435427  55.03
2000-2009       21      0.00064  0.00064  0.50   98707      63   98676  5336691  54.07
2000-2009       22      0.00061  0.00061  0.50   98644      61   98614  5238015  53.10
2000-2009       23      0.00060  0.00060  0.50   98584      59   98554  5139401  52.13
2000-2009       24      0.00068  0.00068  0.50   98525      67   98492  5040846  51.16
2000-2009       25      0.00069  0.00069  0.50   98458      68   98424  4942355  50.20
2000-2009       26      0.00067  0.00067  0.50   98390      66   98357  4843931  49.23
2000-2009       27      0.00076  0.00076  0.50   98324      75   98287  4745574  48.26
2000-2009       28      0.00069  0.00068  0.50   98249      67   98215  4647287  47.30
2000-2009       29      0.00076  0.00076  0.50   98182      74   98145  4549072  46.33
2000-2009       30      0.00085  0.00085  0.50   98107      84   98066  4450927  45.37
2000-2009       31      0.00087  0.00087  0.50   98024      85   97981  4352862  44.41
2000-2009       32      0.00086  0.00086  0.50   97939      84   97897  4254880  43.44
2000-2009       33      0.00107  0.00107  0.50   97855     104   97803  4156984  42.48
2000-2009       34      0.00114  0.00114  0.50   97750     111   97695  4059181  41.53
2000-2009       35      0.00128  0.00128  0.50   97639     125   97576  3961486  40.57
2000-2009       36      0.00130  0.00130  0.50   97514     126   97451  3863910  39.62
2000-2009       37      0.00155  0.00155  0.50   97387     151   97312  3766459  38.68
2000-2009       38      0.00176  0.00176  0.50   97237     171   97151  3669148  37.73
2000-2009       39      0.00192  0.00191  0.50   97066     186   96973  3571997  36.80
2000-2009       40      0.00222  0.00222  0.50   96880     215   96772  3475024  35.87
2000-2009       41      0.00240  0.00239  0.50   96665     231   96549  3378251  34.95
2000-2009       42      0.00264  0.00264  0.50   96434     254   96306  3281702  34.03
2000-2009       43      0.00308  0.00308  0.50   96179     296   96031  3185396  33.12
2000-2009       44      0.00333  0.00332  0.50   95883     319   95724  3089365  32.22
2000-2009       45      0.00374  0.00373  0.50   95564     357   95386  2993641  31.33
2000-2009       46      0.00413  0.00412  0.50   95208     392   95012  2898255  30.44
2000-2009       47      0.00471  0.00470  0.50   94815     445   94593  2803243  29.57
2000-2009       48      0.00508  0.00506  0.50   94370     478   94131  2708651  28.70
2000-2009       49      0.00574  0.00572  0.50   93892     537   93624  2614520  27.85
2000-2009       50      0.00617  0.00616  0.50   93355     575   93068  2520896  27.00
2000-2009       51      0.00685  0.00683  0.50   92780     634   92463  2427828  26.17
2000-2009       52      0.00734  0.00731  0.50   92147     674   91810  2335365  25.34
2000-2009       53      0.00780  0.00777  0.50   91473     710   91118  2243555  24.53
2000-2009       54      0.00877  0.00873  0.50   90763     793   90366  2152437  23.72
2000-2009       55      0.00926  0.00922  0.50   89970     830   89555  2062071  22.92
2000-2009       56      0.01029  0.01024  0.50   89140     913   88684  1972516  22.13
2000-2009       57      0.01117  0.01111  0.50   88228     980   87738  1883831  21.35
2000-2009       58      0.01185  0.01178  0.50   87248    1028   86734  1796094  20.59
2000-2009       59      0.01307  0.01298  0.50   86220    1119   85660  1709360  19.83
2000-2009       60      0.01406  0.01396  0.50   85100    1188   84506  1623700  19.08
2000-2009       61      0.01537  0.01525  0.50   83913    1280   83273  1539194  18.34
2000-2009       62      0.01654  0.01641  0.50   82633    1356   81955  1455921  17.62
2000-2009       63      0.01770  0.01754  0.50   81277    1426   80564  1373966  16.90
2000-2009       64      0.01954  0.01935  0.50   79851    1545   79079  1293401  16.20
2000-2009       65      0.02107  0.02085  0.50   78306    1633   77490  1214323  15.51
2000-2009       66      0.02267  0.02242  0.50   76673    1719   75814  1136833  14.83
2000-2009       67      0.02482  0.02451  0.50   74955    1837   74036  1061019  14.16
2000-2009       68      0.02688  0.02653  0.50   73117    1940   72148   986983  13.50
2000-2009       69      0.02959  0.02916  0.50   71178    2076   70140   914836  12.85
2000-2009       70      0.03215  0.03164  0.50   69102    2187   68009   844696  12.22
2000-2009       71      0.03554  0.03492  0.50   66915    2337   65747   776687  11.61
2000-2009       72      0.03907  0.03832  0.50   64578    2475   63341   710940  11.01
2000-2009       73      0.04217  0.04130  0.50   62104    2565   60822   647599  10.43
2000-2009       74      0.04670  0.04564  0.50   59539    2717   58181   586777   9.86
2000-2009       75      0.05120  0.04993  0.50   56822    2837   55404   528597   9.30
2000-2009       76      0.05601  0.05449  0.50   53985    2942   52514   473193   8.77
2000-2009       77      0.06282  0.06090  0.50   51044    3109   49489   420679   8.24
2000-2009       78      0.06984  0.06748  0.50   47935    3235   46317   371189   7.74
2000-2009       79      0.07699  0.07413  0.50   44700    3314   43043   324872   7.27
2000-2009       80      0.08543  0.08193  0.50   41386    3391   39691   281829   6.81
2000-2009       81      0.09362  0.08943  0.50   37995    3398   36296   242138   6.37
2000-2009       82      0.10504  0.09980  0.50   34597    3453   32871   205841   5.95
2000-2009       83      0.11737  0.11087  0.50   31145    3453   29418   172970   5.55
2000-2009       84      0.12841  0.12066  0.50   27692    3341   26021   143552   5.18
2000-2009       85      0.14294  0.13340  0.50   24350    3248   22726   117531   4.83
2000-2009       86      0.15906  0.14734  0.50   21102    3109   19547    94805   4.49
2000-2009       87      0.17811  0.16354  0.50   17993    2943   16521    75258   4.18
2000-2009       88      0.19124  0.17455  0.50   15050    2627   13737    58736   3.90
2000-2009       89      0.21104  0.19090  0.50   12423    2372   11237    44999   3.62
2000-2009       90      0.23730  0.21213  0.50   10052    2132    8985    33762   3.36
2000-2009       91      0.26409  0.23329  0.50    7919    1847    6996    24777   3.13
2000-2009       92      0.28530  0.24968  0.50    6072    1516    5314    17781   2.93
2000-2009       93      0.31125  0.26933  0.50    4556    1227    3942    12467   2.74
2000-2009       94      0.34235  0.29231  0.50    3329     973    2842     8525   2.56
2000-2009       95      0.36491  0.30860  0.50    2356     727    1992     5682   2.41
2000-2009       96      0.39422  0.32931  0.50    1629     536    1361     3690   2.27
2000-2009       97      0.42438  0.35009  0.50    1092     382     901     2330   2.13
2000-2009       98      0.45519  0.37080  0.50     710     263     578     1428   2.01
2000-2009       99      0.48641  0.39125  0.50     447     175     359      850   1.90
2000-2009      100      0.51780  0.41131  0.50     272     112     216      491   1.80
2000-2009      101      0.54912  0.43083  0.50     160      69     126      275   1.72
2000-2009      102      0.58011  0.44968  0.50      91      41      71      149   1.64
2000-2009      103      0.61053  0.46774  0.50      50      23      38       78   1.57
2000-2009      104      0.64017  0.48494  0.50      27      13      20       40   1.50
2000-2009      105      0.66882  0.50121  0.50      14       7      10       20   1.45
2000-2009      106      0.69632  0.51649  0.50       7       4       5       10   1.39
2000-2009      107      0.72252  0.53077  0.50       3       2       2        4   1.35
2000-2009      108      0.74731  0.54403  0.50       2       1       1        2   1.31
2000-2009      109      0.77063  0.55628  0.50       1       0       1        1   1.28
2000-2009      110+     0.79242  1.00000  1.26       0       0       0        0   1.26
2010-2019        0      0.00524  0.00522  0.14  100000     522   99551  7672047  76.72
2010-2019        1      0.00047  0.00047  0.50   99478      47   99455  7572496  76.12
2010-2019        2      0.00026  0.00026  0.50   99431      26   99418  7473041  75.16
2010-2019        3      0.00018  0.00018  0.50   99406      18   99397  7373623  74.18
2010-2019        4      0.00016  0.00016  0.50   99388      16   99380  7274226  73.19
2010-2019        5      0.00017  0.00017  0.50   99372      17   99363  7174847  72.20
2010-2019        6      0.00010  0.00010  0.50   99355      10   99350  7075483  71.21
2010-2019        7      0.00012  0.00012  0.50   99345      12   99339  6976133  70.22
2010-2019        8      0.00015  0.00015  0.50   99333      15   99326  6876794  69.23
2010-2019        9      0.00014  0.00014  0.50   99318      14   99311  6777469  68.24
2010-2019       10      0.00011  0.00011  0.50   99304      11   99299  6678158  67.25
2010-2019       11      0.00015  0.00015  0.50   99293      15   99286  6578859  66.26
2010-2019       12      0.00013  0.00013  0.50   99279      12   99272  6479573  65.27
2010-2019       13      0.00015  0.00015  0.50   99266      15   99259  6380301  64.27
2010-2019       14      0.00022  0.00022  0.50   99251      21   99240  6281042  63.28
2010-2019       15      0.00022  0.00022  0.50   99230      22   99219  6181802  62.30
2010-2019       16      0.00032  0.00032  0.50   99208      32   99192  6082583  61.31
2010-2019       17      0.00033  0.00033  0.50   99176      33   99159  5983391  60.33
2010-2019       18      0.00043  0.00043  0.50   99142      42   99121  5884232  59.35
2010-2019       19      0.00048  0.00048  0.50   99100      48   99076  5785111  58.38
2010-2019       20      0.00055  0.00055  0.50   99052      55   99025  5686035  57.40
2010-2019       21      0.00051  0.00051  0.50   98998      50   98972  5587010  56.44
2010-2019       22      0.00051  0.00051  0.50   98947      51   98922  5488037  55.46
2010-2019       23      0.00049  0.00049  0.50   98896      49   98872  5389116  54.49
2010-2019       24      0.00054  0.00054  0.50   98848      54   98821  5290244  53.52
2010-2019       25      0.00055  0.00055  0.50   98794      54   98767  5191423  52.55
2010-2019       26      0.00056  0.00056  0.50   98740      55   98713  5092656  51.58
2010-2019       27      0.00060  0.00060  0.50   98685      59   98656  4993943  50.60
2010-2019       28      0.00060  0.00060  0.50   98626      59   98597  4895287  49.63
2010-2019       29      0.00065  0.00065  0.50   98567      64   98535  4796691  48.66
2010-2019       30      0.00063  0.00063  0.50   98504      62   98472  4698155  47.70
2010-2019       31      0.00072  0.00072  0.50   98441      71   98406  4599683  46.73
2010-2019       32      0.00078  0.00078  0.50   98371      77   98332  4501277  45.76
2010-2019       33      0.00080  0.00080  0.50   98294      79   98255  4402944  44.79
2010-2019       34      0.00088  0.00088  0.50   98215      86   98172  4304690  43.83
2010-2019       35      0.00096  0.00096  0.50   98129      94   98082  4206518  42.87
2010-2019       36      0.00109  0.00109  0.50   98035     107   97981  4108436  41.91
2010-2019       37      0.00121  0.00121  0.50   97927     118   97868  4010455  40.95
2010-2019       38      0.00125  0.00125  0.50   97809     122   97748  3912587  40.00
2010-2019       39      0.00145  0.00145  0.50   97687     141   97616  3814839  39.05
2010-2019       40      0.00151  0.00151  0.50   97546     147   97472  3717223  38.11
2010-2019       41      0.00169  0.00169  0.50   97398     165   97316  3619751  37.16
2010-2019       42      0.00195  0.00195  0.50   97234     189   97139  3522435  36.23
2010-2019       43      0.00212  0.00212  0.50   97044     205   96942  3425296  35.30
2010-2019       44      0.00246  0.00246  0.50   96839     238   96720  3328354  34.37
2010-2019       45      0.00275  0.00274  0.50   96601     265   96469  3231634  33.45
2010-2019       46      0.00305  0.00305  0.50   96336     294   96189  3135165  32.54
2010-2019       47      0.00339  0.00338  0.50   96043     325   95880  3038975  31.64
2010-2019       48      0.00370  0.00369  0.50   95718     353   95541  2943095  30.75
2010-2019       49      0.00405  0.00404  0.50   95364     385   95172  2847555  29.86
2010-2019       50      0.00467  0.00466  0.50   94979     443   94757  2752383  28.98
2010-2019       51      0.00522  0.00521  0.50   94536     492   94290  2657626  28.11
2010-2019       52      0.00584  0.00583  0.50   94044     548   93770  2563336  27.26
2010-2019       53      0.00629  0.00627  0.50   93496     587   93202  2469566  26.41
2010-2019       54      0.00709  0.00707  0.50   92909     657   92581  2376364  25.58
2010-2019       55      0.00739  0.00736  0.50   92253     679   91913  2283783  24.76
2010-2019       56      0.00819  0.00815  0.50   91573     747   91200  2191870  23.94
2010-2019       57      0.00885  0.00881  0.50   90827     800   90427  2100670  23.13
2010-2019       58      0.00970  0.00966  0.50   90027     869   89592  2010243  22.33
2010-2019       59      0.01070  0.01065  0.50   89157     949   88682  1920651  21.54
2010-2019       60      0.01172  0.01166  0.50   88208    1028   87694  1831969  20.77
2010-2019       61      0.01305  0.01297  0.50   87180    1131   86614  1744275  20.01
2010-2019       62      0.01392  0.01382  0.50   86049    1189   85454  1657661  19.26
2010-2019       63      0.01519  0.01507  0.50   84860    1279   84220  1572206  18.53
2010-2019       64      0.01610  0.01597  0.50   83581    1335   82913  1487986  17.80
2010-2019       65      0.01702  0.01687  0.50   82246    1388   81552  1405073  17.08
2010-2019       66      0.01853  0.01836  0.50   80858    1485   80116  1323522  16.37
2010-2019       67      0.01992  0.01973  0.50   79373    1566   78591  1243406  15.67
2010-2019       68      0.02148  0.02125  0.50   77808    1653   76981  1164815  14.97
2010-2019       69      0.02315  0.02289  0.50   76154    1743   75283  1087834  14.28
2010-2019       70      0.02498  0.02468  0.50   74411    1836   73493  1012552  13.61
2010-2019       71      0.02748  0.02711  0.50   72575    1967   71591   939059  12.94
2010-2019       72      0.03004  0.02960  0.50   70608    2090   69563   867468  12.29
2010-2019       73      0.03260  0.03207  0.50   68518    2198   67419   797905  11.65
2010-2019       74      0.03620  0.03556  0.50   66320    2358   65141   730486  11.01
2010-2019       75      0.04002  0.03924  0.50   63962    2510   62707   665345  10.40
2010-2019       76      0.04427  0.04331  0.50   61453    2662   60122   602637   9.81
2010-2019       77      0.04891  0.04774  0.50   58791    2807   57388   542516   9.23
2010-2019       78      0.05467  0.05321  0.50   55984    2979   54495   485128   8.67
2010-2019       79      0.06160  0.05976  0.50   53005    3167   51422   430633   8.12
2010-2019       80      0.06874  0.06646  0.50   49838    3312   48182   379211   7.61
2010-2019       81      0.07800  0.07507  0.50   46526    3493   44779   331030   7.11
2010-2019       82      0.08712  0.08349  0.50   43033    3593   41237   286250   6.65
2010-2019       83      0.09800  0.09342  0.50   39440    3685   37598   245013   6.21
2010-2019       84      0.10752  0.10204  0.50   35756    3648   33932   207415   5.80
2010-2019       85      0.12034  0.11351  0.50   32107    3644   30285   173484   5.40
2010-2019       86      0.13615  0.12747  0.50   28463    3628   26649   143199   5.03
2010-2019       87      0.14835  0.13810  0.50   24835    3430   23120   116550   4.69
2010-2019       88      0.16248  0.15027  0.50   21405    3217   19797    93430   4.36
2010-2019       89      0.18224  0.16702  0.50   18188    3038   16669    73633   4.05
2010-2019       90      0.20117  0.18278  0.50   15151    2769   13766    56964   3.76
2010-2019       91      0.22457  0.20190  0.50   12381    2500   11131    43198   3.49
2010-2019       92      0.24366  0.21720  0.50    9882    2146    8808    32067   3.25
2010-2019       93      0.27675  0.24311  0.50    7735    1881    6795    23258   3.01
2010-2019       94      0.30221  0.26254  0.50    5855    1537    5086    16463   2.81
2010-2019       95      0.32526  0.27976  0.50    4318    1208    3714    11377   2.63
2010-2019       96      0.35394  0.30072  0.50    3110     935    2642     7663   2.46
2010-2019       97      0.38380  0.32201  0.50    2175     700    1824     5021   2.31
2010-2019       98      0.41465  0.34344  0.50    1474     506    1221     3197   2.17
2010-2019       99      0.44626  0.36485  0.50     968     353     791     1975   2.04
2010-2019      100      0.47840  0.38605  0.50     615     237     496     1184   1.93
2010-2019      101      0.51079  0.40687  0.50     377     154     301      688   1.82
2010-2019      102      0.54316  0.42715  0.50     224      96     176      387   1.73
2010-2019      103      0.57523  0.44674  0.50     128      57     100      211   1.65
2010-2019      104      0.60675  0.46552  0.50      71      33      54      112   1.57
2010-2019      105      0.63746  0.48339  0.50      38      18      29       57   1.51
2010-2019      106      0.66714  0.50026  0.50      20      10      15       28   1.45
2010-2019      107      0.69559  0.51609  0.50      10       5       7       14   1.40
2010-2019      108      0.72266  0.53085  0.50       5       3       3        6   1.35
2010-2019      109      0.74824  0.54452  0.50       2       1       2        3   1.32
2010-2019      110+     0.77223  1.00000  1.29       1       1       1        1   1.29
