Chile, Life tables (period 5x1), Total	Last modified: 18 Apr 2022;  Methods Protocol: v6 (2017)

  Year          Age         mx       qx    ax      lx      dx      Lx       Tx     ex
  1992           0      0.01507  0.01487  0.12  100000    1487   98689  7450087  74.50
  1992         1-4      0.00075  0.00300  1.44   98513     295  393297  7351398  74.62
  1992         5-9      0.00026  0.00132  2.52   98218     129  490769  6958101  70.84
  1992        10-14     0.00029  0.00145  2.72   98089     142  490118  6467332  65.93
  1992        15-19     0.00063  0.00316  2.77   97946     310  489040  5977214  61.03
  1992        20-24     0.00101  0.00502  2.52   97637     490  486968  5488174  56.21
  1992        25-29     0.00110  0.00549  2.48   97146     533  484389  5001206  51.48
  1992        30-34     0.00128  0.00638  2.58   96613     617  481571  4516817  46.75
  1992        35-39     0.00170  0.00847  2.58   95996     813  478011  4035246  42.04
  1992        40-44     0.00246  0.01224  2.66   95184    1165  473195  3557235  37.37
  1992        45-49     0.00369  0.01831  2.61   94019    1721  465984  3084040  32.80
  1992        50-54     0.00563  0.02776  2.61   92297    2562  455367  2618056  28.37
  1992        55-59     0.00897  0.04390  2.64   89736    3939  439399  2162689  24.10
  1992        60-64     0.01440  0.06968  2.66   85796    5978  415005  1723290  20.09
  1992        65-69     0.02260  0.10744  2.72   79818    8575  379519  1308285  16.39
  1992        70-74     0.03662  0.16820  2.58   71243   11983  327263   928766  13.04
  1992        75-79     0.05832  0.25528  2.56   59260   15128  259405   601503  10.15
  1992        80-84     0.08889  0.36448  2.53   44132   16085  180952   342098   7.75
  1992        85-89     0.13773  0.50663  2.39   28046   14209  103166   161146   5.75
  1992        90-94     0.20993  0.66273  2.22   13837    9170   43682    57980   4.19
  1992        95-99     0.30722  0.80240  2.02    4667    3745   12189    14298   3.06
  1992       100-104    0.42644  0.89798  1.78     922     828    1942     2109   2.29
  1992       105-109    0.55708  0.95086  1.54      94      89     161      168   1.78
  1992       110+       0.66348  1.00000  1.51       5       5       7        7   1.51
  1993           0      0.01377  0.01360  0.12  100000    1360   98805  7456099  74.56
  1993         1-4      0.00064  0.00257  1.42   98640     254  393906  7357294  74.59
  1993         5-9      0.00028  0.00138  2.39   98386     136  491576  6963388  70.78
  1993        10-14     0.00030  0.00148  2.65   98250     146  490908  6471812  65.87
  1993        15-19     0.00065  0.00327  2.79   98104     320  489813  5980904  60.96
  1993        20-24     0.00100  0.00498  2.53   97784     486  487720  5491091  56.16
  1993        25-29     0.00118  0.00588  2.47   97297     572  485040  5003372  51.42
  1993        30-34     0.00126  0.00629  2.50   96725     608  482108  4518331  46.71
  1993        35-39     0.00172  0.00856  2.60   96117     823  478612  4036223  41.99
  1993        40-44     0.00236  0.01174  2.60   95294    1118  473781  3557611  37.33
  1993        45-49     0.00379  0.01878  2.59   94176    1769  466622  3083830  32.75
  1993        50-54     0.00571  0.02816  2.65   92407    2602  455927  2617208  28.32
  1993        55-59     0.00900  0.04406  2.66   89805    3957  439759  2161281  24.07
  1993        60-64     0.01432  0.06929  2.66   85848    5948  415345  1721522  20.05
  1993        65-69     0.02234  0.10614  2.65   79900    8480  379591  1306177  16.35
  1993        70-74     0.03621  0.16641  2.57   71419   11885  328189   926585  12.97
  1993        75-79     0.05942  0.25936  2.55   59534   15441  259850   598396  10.05
  1993        80-84     0.08946  0.36592  2.51   44094   16135  180357   338546   7.68
  1993        85-89     0.14150  0.51717  2.40   27959   14460  102191   158190   5.66
  1993        90-94     0.21344  0.67001  2.22   13499    9045   42377    55999   4.15
  1993        95-99     0.30798  0.80311  2.02    4455    3578   11616    13623   3.06
  1993       100-104    0.42645  0.89791  1.78     877     788    1847     2006   2.29
  1993       105-109    0.55639  0.95063  1.54      90      85     153      160   1.78
  1993       110+       0.66238  1.00000  1.51       4       4       7        7   1.51
  1994           0      0.01274  0.01260  0.12  100000    1260   98895  7502736  75.03
  1994         1-4      0.00059  0.00236  1.53   98740     233  394383  7403840  74.98
  1994         5-9      0.00027  0.00133  2.31   98507     131  492181  7009458  71.16
  1994        10-14     0.00028  0.00142  2.69   98376     140  491556  6517276  66.25
  1994        15-19     0.00062  0.00311  2.65   98236     306  490463  6025720  61.34
  1994        20-24     0.00092  0.00459  2.56   97930     449  488555  5535257  56.52
  1994        25-29     0.00112  0.00559  2.57   97481     544  486080  5046703  51.77
  1994        30-34     0.00125  0.00623  2.57   96936     604  483211  4560623  47.05
  1994        35-39     0.00172  0.00855  2.62   96332     823  479703  4077411  42.33
  1994        40-44     0.00237  0.01179  2.64   95509    1126  474886  3597708  37.67
  1994        45-49     0.00402  0.01992  2.64   94383    1880  467483  3122823  33.09
  1994        50-54     0.00590  0.02908  2.66   92503    2690  456216  2655340  28.71
  1994        55-59     0.00902  0.04415  2.68   89813    3965  439864  2199124  24.49
  1994        60-64     0.01402  0.06782  2.62   85848    5822  415402  1759260  20.49
  1994        65-69     0.02149  0.10232  2.67   80025    8188  381067  1343858  16.79
  1994        70-74     0.03535  0.16288  2.59   71837   11701  331023   962790  13.40
  1994        75-79     0.05413  0.23977  2.62   60136   14419  266372   631768  10.51
  1994        80-84     0.08440  0.34843  2.50   45718   15929  188730   365395   7.99
  1994        85-89     0.13387  0.49782  2.43   29788   14829  110775   176665   5.93
  1994        90-94     0.19832  0.64159  2.25   14959    9597   48394    65890   4.40
  1994        95-99     0.28589  0.77727  2.07    5361    4167   14577    17496   3.26
  1994       100-104    0.39681  0.87917  1.83    1194    1050    2646     2920   2.44
  1994       105-109    0.52149  0.93970  1.60     144     136     260      274   1.90
  1994       110+       0.62516  1.00000  1.60       9       9      14       14   1.60
  1995           0      0.01158  0.01146  0.13  100000    1146   98998  7494674  74.95
  1995         1-4      0.00069  0.00276  1.51   98854     273  394734  7395676  74.81
  1995         5-9      0.00024  0.00121  2.43   98581     120  492597  7000942  71.02
  1995        10-14     0.00028  0.00139  2.88   98461     137  492015  6508344  66.10
  1995        15-19     0.00062  0.00309  2.76   98324     304  490938  6016329  61.19
  1995        20-24     0.00097  0.00483  2.58   98020     473  488952  5525391  56.37
  1995        25-29     0.00108  0.00541  2.59   97547     528  486463  5036440  51.63
  1995        30-34     0.00127  0.00631  2.60   97019     612  483627  4549977  46.90
  1995        35-39     0.00172  0.00858  2.66   96407     827  480101  4066350  42.18
  1995        40-44     0.00249  0.01235  2.69   95579    1181  475165  3586249  37.52
  1995        45-49     0.00394  0.01953  2.74   94399    1844  467819  3111084  32.96
  1995        50-54     0.00593  0.02926  2.69   92555    2708  456511  2643265  28.56
  1995        55-59     0.00907  0.04442  2.65   89847    3991  439841  2186754  24.34
  1995        60-64     0.01488  0.07187  2.66   85856    6171  414829  1746913  20.35
  1995        65-69     0.02153  0.10238  2.61   79686    8159  378955  1332084  16.72
  1995        70-74     0.03668  0.16872  2.63   71527   12068  329033   953129  13.33
  1995        75-79     0.05393  0.23898  2.62   59459   14209  263471   624096  10.50
  1995        80-84     0.08485  0.35016  2.51   45249   15845  186729   360625   7.97
  1995        85-89     0.13332  0.49474  2.39   29405   14548  109118   173895   5.91
  1995        90-94     0.20123  0.64771  2.25   14857    9623   47821    64777   4.36
  1995        95-99     0.28826  0.78023  2.06    5234    4084   14167    16957   3.24
  1995       100-104    0.40033  0.88159  1.83    1150    1014    2533     2790   2.43
  1995       105-109    0.52601  0.94126  1.59     136     128     244      256   1.88
  1995       110+       0.63030  1.00000  1.59       8       8      13       13   1.59
  1996           0      0.01183  0.01171  0.13  100000    1171   98975  7524005  75.24
  1996         1-4      0.00052  0.00209  1.49   98829     207  394796  7425030  75.13
  1996         5-9      0.00024  0.00120  2.39   98622     118  492801  7030233  71.28
  1996        10-14     0.00030  0.00148  2.77   98504     146  492193  6537433  66.37
  1996        15-19     0.00062  0.00310  2.84   98358     305  491130  6045240  61.46
  1996        20-24     0.00100  0.00498  2.55   98053     488  489069  5554110  56.64
  1996        25-29     0.00104  0.00520  2.55   97564     507  486581  5065040  51.91
  1996        30-34     0.00131  0.00653  2.53   97057     634  483723  4578459  47.17
  1996        35-39     0.00165  0.00820  2.68   96424     790  480286  4094736  42.47
  1996        40-44     0.00234  0.01166  2.67   95633    1115  475569  3614450  37.79
  1996        45-49     0.00376  0.01863  2.73   94518    1761  468597  3138881  33.21
  1996        50-54     0.00596  0.02940  2.66   92757    2727  457401  2670284  28.79
  1996        55-59     0.00861  0.04219  2.61   90031    3798  441082  2212883  24.58
  1996        60-64     0.01402  0.06786  2.66   86232    5852  417480  1771802  20.55
  1996        65-69     0.02144  0.10188  2.58   80381    8190  382045  1354321  16.85
  1996        70-74     0.03481  0.16071  2.62   72191   11602  333323   972276  13.47
  1996        75-79     0.05410  0.23932  2.59   60590   14501  268044   638953  10.55
  1996        80-84     0.08365  0.34645  2.52   46089   15968  190890   370909   8.05
  1996        85-89     0.13280  0.49338  2.40   30122   14861  111907   180019   5.98
  1996        90-94     0.19486  0.63519  2.26   15260    9693   49744    68112   4.46
  1996        95-99     0.28234  0.77280  2.07    5567    4302   15238    18368   3.30
  1996       100-104    0.39162  0.87551  1.84    1265    1107    2828     3130   2.47
  1996       105-109    0.51475  0.93729  1.61     157     148     287      303   1.92
  1996       110+       0.61733  1.00000  1.62      10      10      16       16   1.62
  1997           0      0.01048  0.01038  0.13  100000    1038   99095  7582297  75.82
  1997         1-4      0.00050  0.00198  1.81   98962     196  395417  7483202  75.62
  1997         5-9      0.00028  0.00142  2.30   98766     140  493450  7087785  71.76
  1997        10-14     0.00029  0.00145  2.50   98626     143  492771  6594335  66.86
  1997        15-19     0.00055  0.00276  2.79   98483     272  491812  6101564  61.96
  1997        20-24     0.00095  0.00474  2.59   98211     466  489933  5609752  57.12
  1997        25-29     0.00106  0.00527  2.61   97745     515  487493  5119819  52.38
  1997        30-34     0.00130  0.00647  2.60   97230     629  484638  4632326  47.64
  1997        35-39     0.00157  0.00783  2.60   96601     756  481189  4147688  42.94
  1997        40-44     0.00238  0.01183  2.66   95845    1134  476575  3666499  38.25
  1997        45-49     0.00341  0.01694  2.70   94711    1604  469861  3189924  33.68
  1997        50-54     0.00558  0.02755  2.59   93107    2565  459363  2720063  29.21
  1997        55-59     0.00846  0.04147  2.65   90541    3755  443867  2260700  24.97
  1997        60-64     0.01270  0.06167  2.69   86786    5352  421554  1816833  20.93
  1997        65-69     0.02063  0.09837  2.64   81434    8011  388292  1395279  17.13
  1997        70-74     0.03248  0.15094  2.66   73424   11082  341190  1006987  13.71
  1997        75-79     0.05019  0.22339  2.54   62341   13926  277460   665797  10.68
  1997        80-84     0.08099  0.33737  2.53   48415   16334  201667   388337   8.02
  1997        85-89     0.13334  0.49541  2.41   32081   15893  119196   186670   5.82
  1997        90-94     0.21085  0.66893  2.27   16188   10828   51357    67473   4.17
  1997        95-99     0.31300  0.80975  2.02    5359    4340   13865    16117   3.01
  1997       100-104    0.44244  0.90759  1.75    1020     925    2092     2252   2.21
  1997       105-109    0.58274  0.95793  1.50      94      90     155      161   1.70
  1997       110+       0.69501  1.00000  1.44       4       4       6        6   1.44
  1998           0      0.01098  0.01088  0.13  100000    1088   99050  7593340  75.93
  1998         1-4      0.00056  0.00225  1.76   98912     222  395152  7494289  75.77
  1998         5-9      0.00025  0.00124  2.33   98690     123  493123  7099137  71.93
  1998        10-14     0.00024  0.00118  2.68   98567     117  492567  6606014  67.02
  1998        15-19     0.00057  0.00284  2.85   98451     280  491651  6113447  62.10
  1998        20-24     0.00086  0.00429  2.57   98171     421  489832  5621795  57.27
  1998        25-29     0.00103  0.00514  2.52   97750     502  487504  5131963  52.50
  1998        30-34     0.00124  0.00617  2.62   97248     600  484809  4644460  47.76
  1998        35-39     0.00150  0.00747  2.54   96648     722  481463  4159650  43.04
  1998        40-44     0.00219  0.01090  2.61   95925    1045  477134  3678187  38.34
  1998        45-49     0.00322  0.01598  2.61   94880    1516  470781  3201053  33.74
  1998        50-54     0.00532  0.02629  2.70   93364    2454  461184  2730272  29.24
  1998        55-59     0.00839  0.04115  2.65   90910    3741  445748  2269088  24.96
  1998        60-64     0.01263  0.06134  2.68   87169    5347  423446  1823340  20.92
  1998        65-69     0.01975  0.09434  2.63   81822    7719  390807  1399895  17.11
  1998        70-74     0.03230  0.15004  2.64   74103   11118  344249  1009088  13.62
  1998        75-79     0.05187  0.22979  2.52   62984   14473  279029   664839  10.56
  1998        80-84     0.08136  0.33848  2.52   48511   16420  201813   385809   7.95
  1998        85-89     0.13493  0.50113  2.43   32091   16082  119188   183996   5.73
  1998        90-94     0.21918  0.68012  2.21   16009   10888   49677    64808   4.05
  1998        95-99     0.31952  0.81652  2.01    5121    4181   13086    15131   2.95
  1998       100-104    0.44979  0.91126  1.74     940     856    1904     2044   2.18
  1998       105-109    0.58925  0.95938  1.49      83      80     136      141   1.69
  1998       110+       0.70000  1.00000  1.43       3       3       5        5   1.43
  1999           0      0.01060  0.01050  0.13  100000    1050   99084  7612661  76.13
  1999         1-4      0.00045  0.00179  1.80   98950     177  395409  7513577  75.93
  1999         5-9      0.00022  0.00112  2.41   98773     111  493577  7118167  72.07
  1999        10-14     0.00023  0.00114  2.68   98662     112  493049  6624591  67.14
  1999        15-19     0.00054  0.00269  2.79   98549     265  492161  6131542  62.22
  1999        20-24     0.00083  0.00416  2.59   98284     409  490435  5639381  57.38
  1999        25-29     0.00102  0.00511  2.60   97875     500  488172  5148946  52.61
  1999        30-34     0.00120  0.00598  2.57   97375     583  485455  4660774  47.86
  1999        35-39     0.00144  0.00718  2.60   96792     695  482292  4175319  43.14
  1999        40-44     0.00219  0.01089  2.67   96097    1046  478048  3693027  38.43
  1999        45-49     0.00325  0.01612  2.67   95051    1532  471683  3214979  33.82
  1999        50-54     0.00507  0.02507  2.71   93519    2345  462227  2743296  29.33
  1999        55-59     0.00812  0.03985  2.66   91174    3633  447370  2281069  25.02
  1999        60-64     0.01172  0.05707  2.68   87540    4996  426135  1833699  20.95
  1999        65-69     0.02004  0.09566  2.63   82544    7896  394041  1407564  17.05
  1999        70-74     0.03103  0.14451  2.62   74648   10787  347606  1013523  13.58
  1999        75-79     0.05254  0.23317  2.59   63861   14890  283427   665917  10.43
  1999        80-84     0.08449  0.34983  2.54   48970   17131  202752   382490   7.81
  1999        85-89     0.13870  0.51037  2.41   31839   16250  117157   179738   5.65
  1999        90-94     0.21987  0.68565  2.26   15590   10689   48614    62580   4.01
  1999        95-99     0.33293  0.82992  1.98    4901    4067   12216    13966   2.85
  1999       100-104    0.46715  0.91965  1.70     834     767    1641     1750   2.10
  1999       105-109    0.60828  0.96357  1.45      67      65     106      109   1.63
  1999       110+       0.71860  1.00000  1.39       2       2       3        3   1.39
  2000           0      0.00968  0.00960  0.13  100000     960   99165  7685383  76.85
  2000         1-4      0.00044  0.00176  1.83   99040     174  395783  7586218  76.60
  2000         5-9      0.00022  0.00111  2.50   98866     110  494056  7190435  72.73
  2000        10-14     0.00022  0.00110  2.54   98756     108  493516  6696379  67.81
  2000        15-19     0.00054  0.00272  2.93   98648     268  492685  6202864  62.88
  2000        20-24     0.00082  0.00412  2.57   98380     405  490915  5710179  58.04
  2000        25-29     0.00096  0.00480  2.55   97975     470  488720  5219263  53.27
  2000        30-34     0.00113  0.00564  2.59   97505     550  486197  4730543  48.52
  2000        35-39     0.00141  0.00703  2.67   96955     681  483186  4244346  43.78
  2000        40-44     0.00206  0.01026  2.74   96274     988  479134  3761160  39.07
  2000        45-49     0.00317  0.01572  2.66   95285    1498  472929  3282026  34.44
  2000        50-54     0.00493  0.02436  2.77   93787    2285  463836  2809097  29.95
  2000        55-59     0.00760  0.03733  2.65   91502    3416  449474  2345261  25.63
  2000        60-64     0.01152  0.05607  2.62   88087    4939  428665  1895787  21.52
  2000        65-69     0.01907  0.09126  2.66   83148    7588  397983  1467122  17.64
  2000        70-74     0.02925  0.13670  2.61   75560   10329  353120  1069140  14.15
  2000        75-79     0.04920  0.21992  2.59   65231   14346  291589   716019  10.98
  2000        80-84     0.07453  0.31515  2.55   50885   16037  215168   424430   8.34
  2000        85-89     0.12438  0.47229  2.45   34848   16458  132325   209262   6.00
  2000        90-94     0.20784  0.66316  2.27   18390   12195   58676    76937   4.18
  2000        95-99     0.31943  0.81769  2.02    6194    5065   15857    18261   2.95
  2000       100-104    0.46008  0.91721  1.72    1129    1036    2251     2404   2.13
  2000       105-109    0.61020  0.96439  1.45      94      90     148      152   1.63
  2000       110+       0.72739  1.00000  1.37       3       3       5        5   1.37
  2001           0      0.00914  0.00907  0.13  100000     907   99212  7673142  76.73
  2001         1-4      0.00051  0.00205  1.52   99093     203  395870  7573931  76.43
  2001         5-9      0.00022  0.00111  2.41   98890     109  494169  7178061  72.59
  2001        10-14     0.00023  0.00116  2.81   98781     114  493656  6683892  67.66
  2001        15-19     0.00056  0.00282  2.79   98667     278  492722  6190236  62.74
  2001        20-24     0.00085  0.00425  2.47   98389     418  490888  5697514  57.91
  2001        25-29     0.00101  0.00502  2.45   97971     492  488601  5206627  53.14
  2001        30-34     0.00120  0.00598  2.62   97479     583  486009  4718026  48.40
  2001        35-39     0.00147  0.00735  2.62   96896     712  482786  4232017  43.68
  2001        40-44     0.00208  0.01037  2.70   96184     997  478629  3749231  38.98
  2001        45-49     0.00315  0.01562  2.64   95187    1487  472423  3270602  34.36
  2001        50-54     0.00497  0.02456  2.72   93700    2301  463262  2798179  29.86
  2001        55-59     0.00796  0.03908  2.64   91398    3572  448579  2334917  25.55
  2001        60-64     0.01204  0.05850  2.59   87826    5138  426738  1886338  21.48
  2001        65-69     0.01932  0.09247  2.69   82689    7646  395814  1459600  17.65
  2001        70-74     0.02965  0.13826  2.57   75042   10376  349997  1063786  14.18
  2001        75-79     0.04810  0.21589  2.63   64667   13961  290219   713789  11.04
  2001        80-84     0.07621  0.32061  2.53   50706   16257  213306   423570   8.35
  2001        85-89     0.12442  0.47244  2.45   34449   16275  130812   210264   6.10
  2001        90-94     0.19853  0.64793  2.32   18174   11775   59312    79452   4.37
  2001        95-99     0.29666  0.79182  2.06    6398    5066   17078    20140   3.15
  2001       100-104    0.42370  0.89741  1.79    1332    1195    2821     3062   2.30
  2001       105-109    0.56412  0.95333  1.53     137     130     231      240   1.76
  2001       110+       0.67799  1.00000  1.47       6       6       9        9   1.47
  2002           0      0.00862  0.00856  0.13  100000     856   99257  7726513  77.27
  2002         1-4      0.00049  0.00195  1.61   99144     193  396116  7627256  76.93
  2002         5-9      0.00020  0.00098  2.40   98951      97  494506  7231141  73.08
  2002        10-14     0.00025  0.00125  2.77   98855     124  493998  6736634  68.15
  2002        15-19     0.00051  0.00257  2.80   98731     254  493096  6242636  63.23
  2002        20-24     0.00083  0.00413  2.58   98477     406  491403  5749540  58.38
  2002        25-29     0.00095  0.00473  2.56   98071     464  489223  5258136  53.62
  2002        30-34     0.00104  0.00520  2.57   97607     507  486801  4768913  48.86
  2002        35-39     0.00137  0.00683  2.60   97100     663  483907  4282111  44.10
  2002        40-44     0.00199  0.00988  2.63   96436     953  479928  3798204  39.39
  2002        45-49     0.00308  0.01528  2.67   95483    1459  474016  3318277  34.75
  2002        50-54     0.00463  0.02289  2.68   94024    2152  465133  2844261  30.25
  2002        55-59     0.00763  0.03748  2.68   91872    3443  451375  2379128  25.90
  2002        60-64     0.01150  0.05598  2.61   88429    4950  430305  1927753  21.80
  2002        65-69     0.01850  0.08875  2.71   83479    7409  400409  1497448  17.94
  2002        70-74     0.02985  0.13929  2.61   76069   10596  355026  1097039  14.42
  2002        75-79     0.04647  0.20917  2.61   65474   13695  294679   742013  11.33
  2002        80-84     0.07367  0.31163  2.53   51779   16136  219014   447334   8.64
  2002        85-89     0.11661  0.44944  2.45   35643   16019  137379   228320   6.41
  2002        90-94     0.18350  0.61648  2.34   19624   12098   65928    90942   4.63
  2002        95-99     0.27856  0.76948  2.09    7526    5791   20790    25014   3.32
  2002       100-104    0.39800  0.88106  1.84    1735    1529    3841     4224   2.43
  2002       105-109    0.53287  0.94408  1.58     206     195     366      383   1.86
  2002       110+       0.64442  1.00000  1.55      12      12      18       18   1.55
  2003           0      0.00832  0.00826  0.13  100000     826   99283  7733305  77.33
  2003         1-4      0.00044  0.00175  1.51   99174     173  396264  7634022  76.98
  2003         5-9      0.00020  0.00098  2.22   99000      97  494733  7237758  73.11
  2003        10-14     0.00022  0.00111  2.75   98904     110  494272  6743026  68.18
  2003        15-19     0.00047  0.00236  2.75   98794     234  493444  6248754  63.25
  2003        20-24     0.00081  0.00406  2.53   98560     400  491813  5755310  58.39
  2003        25-29     0.00089  0.00445  2.60   98160     437  489751  5263497  53.62
  2003        30-34     0.00108  0.00539  2.59   97723     526  487345  4773746  48.85
  2003        35-39     0.00138  0.00687  2.58   97197     668  484367  4286400  44.10
  2003        40-44     0.00189  0.00940  2.60   96529     908  480467  3802033  39.39
  2003        45-49     0.00303  0.01506  2.63   95621    1440  474687  3321566  34.74
  2003        50-54     0.00463  0.02292  2.61   94181    2159  465754  2846878  30.23
  2003        55-59     0.00768  0.03774  2.66   92023    3473  451998  2381124  25.88
  2003        60-64     0.01188  0.05778  2.61   88550    5117  430531  1929126  21.79
  2003        65-69     0.01773  0.08514  2.66   83433    7103  400571  1498595  17.96
  2003        70-74     0.02928  0.13677  2.59   76330   10439  356501  1098025  14.39
  2003        75-79     0.04632  0.20844  2.60   65890   13734  296497   741523  11.25
  2003        80-84     0.07532  0.31755  2.53   52156   16562  219896   445026   8.53
  2003        85-89     0.11844  0.45609  2.48   35594   16234  137063   225130   6.33
  2003        90-94     0.18823  0.62374  2.30   19360   12075   64152    88067   4.55
  2003        95-99     0.28266  0.77462  2.08    7284    5643   19963    23915   3.28
  2003       100-104    0.40299  0.88433  1.83    1642    1452    3603     3952   2.41
  2003       105-109    0.53812  0.94570  1.57     190     180     334      350   1.84
  2003       110+       0.64941  1.00000  1.54      10      10      16       16   1.54
  2004           0      0.00884  0.00878  0.13  100000     878   99237  7738174  77.38
  2004         1-4      0.00042  0.00169  1.48   99122     167  396068  7638937  77.07
  2004         5-9      0.00019  0.00093  2.49   98955      92  494544  7242869  73.19
  2004        10-14     0.00022  0.00112  2.67   98863     111  494057  6748325  68.26
  2004        15-19     0.00054  0.00269  2.89   98752     266  493201  6254269  63.33
  2004        20-24     0.00079  0.00395  2.54   98487     389  491476  5761068  58.50
  2004        25-29     0.00088  0.00440  2.47   98098     432  489397  5269592  53.72
  2004        30-34     0.00107  0.00533  2.61   97666     521  487086  4780194  48.94
  2004        35-39     0.00137  0.00684  2.62   97145     665  484144  4293108  44.19
  2004        40-44     0.00192  0.00957  2.57   96481     923  480158  3808965  39.48
  2004        45-49     0.00293  0.01457  2.66   95557    1392  474525  3328806  34.84
  2004        50-54     0.00449  0.02220  2.63   94165    2090  465876  2854282  30.31
  2004        55-59     0.00714  0.03512  2.65   92075    3233  452786  2388406  25.94
  2004        60-64     0.01143  0.05567  2.64   88841    4945  432543  1935620  21.79
  2004        65-69     0.01736  0.08342  2.65   83896    6998  403051  1503077  17.92
  2004        70-74     0.02973  0.13882  2.62   76898   10675  359101  1100025  14.31
  2004        75-79     0.04618  0.20824  2.65   66222   13790  298652   740924  11.19
  2004        80-84     0.07471  0.31537  2.53   52432   16535  221332   442272   8.44
  2004        85-89     0.12264  0.46783  2.47   35897   16794  136931   220940   6.15
  2004        90-94     0.19648  0.64154  2.30   19103   12256   62377    84009   4.40
  2004        95-99     0.29551  0.79040  2.06    6848    5412   18315    21633   3.16
  2004       100-104    0.42125  0.89582  1.79    1435    1286    3052     3317   2.31
  2004       105-109    0.55977  0.95205  1.53     150     142     254      265   1.77
  2004       110+       0.67213  1.00000  1.49       7       7      11       11   1.49
  2005           0      0.00836  0.00830  0.13  100000     830   99280  7777629  77.78
  2005         1-4      0.00037  0.00148  1.46   99170     147  396309  7678349  77.43
  2005         5-9      0.00018  0.00091  2.46   99024      91  494888  7282040  73.54
  2005        10-14     0.00020  0.00100  2.73   98933      99  494442  6787152  68.60
  2005        15-19     0.00054  0.00269  2.85   98835     266  493601  6292710  63.67
  2005        20-24     0.00075  0.00375  2.56   98569     370  491943  5799108  58.83
  2005        25-29     0.00085  0.00423  2.52   98199     415  489965  5307165  54.04
  2005        30-34     0.00107  0.00532  2.62   97784     521  487684  4817200  49.26
  2005        35-39     0.00136  0.00676  2.64   97264     658  484766  4329516  44.51
  2005        40-44     0.00185  0.00920  2.59   96606     889  480890  3844750  39.80
  2005        45-49     0.00277  0.01378  2.68   95717    1319  475524  3363860  35.14
  2005        50-54     0.00423  0.02095  2.66   94398    1978  467355  2888336  30.60
  2005        55-59     0.00686  0.03378  2.72   92421    3122  455001  2420981  26.20
  2005        60-64     0.01112  0.05418  2.68   89299    4838  435253  1965980  22.02
  2005        65-69     0.01683  0.08092  2.61   84461    6834  405988  1530727  18.12
  2005        70-74     0.02862  0.13411  2.65   77627   10410  363702  1124739  14.49
  2005        75-79     0.04546  0.20480  2.58   67216   13766  302789   761037  11.32
  2005        80-84     0.07392  0.31259  2.53   53450   16708  226013   458249   8.57
  2005        85-89     0.11840  0.45538  2.47   36742   16731  141309   232236   6.32
  2005        90-94     0.18897  0.62508  2.29   20011   12508   66192    90926   4.54
  2005        95-99     0.28141  0.77293  2.08    7502    5799   20607    24735   3.30
  2005       100-104    0.40023  0.88237  1.83    1704    1503    3756     4128   2.42
  2005       105-109    0.53352  0.94416  1.58     200     189     355      372   1.86
  2005       110+       0.64346  1.00000  1.55      11      11      17       17   1.55
  2006           0      0.00799  0.00793  0.13  100000     793   99312  7818015  78.18
  2006         1-4      0.00038  0.00152  1.57   99207     150  396462  7718703  77.80
  2006         5-9      0.00018  0.00091  2.37   99056      90  495045  7322240  73.92
  2006        10-14     0.00022  0.00111  2.67   98966     110  494576  6827196  68.99
  2006        15-19     0.00049  0.00246  2.81   98856     243  493750  6332620  64.06
  2006        20-24     0.00074  0.00370  2.62   98613     365  492199  5838870  59.21
  2006        25-29     0.00086  0.00428  2.60   98248     420  490231  5346672  54.42
  2006        30-34     0.00106  0.00528  2.61   97828     517  487903  4856440  49.64
  2006        35-39     0.00131  0.00655  2.66   97311     637  485063  4368537  44.89
  2006        40-44     0.00188  0.00938  2.67   96674     907  481258  3883475  40.17
  2006        45-49     0.00270  0.01343  2.71   95767    1286  475892  3402217  35.53
  2006        50-54     0.00421  0.02084  2.69   94481    1969  467864  2926325  30.97
  2006        55-59     0.00661  0.03254  2.73   92512    3010  455737  2458461  26.57
  2006        60-64     0.01074  0.05240  2.65   89502    4690  436472  2002724  22.38
  2006        65-69     0.01665  0.08009  2.62   84812    6792  407881  1566252  18.47
  2006        70-74     0.02678  0.12599  2.66   78020    9830  367061  1158371  14.85
  2006        75-79     0.04343  0.19644  2.57   68190   13395  308425   791310  11.60
  2006        80-84     0.07108  0.30222  2.52   54794   16560  232958   482885   8.81
  2006        85-89     0.11177  0.43457  2.44   38234   16615  148660   249927   6.54
  2006        90-94     0.18195  0.61305  2.34   21619   13253   72841   101267   4.68
  2006        95-99     0.27134  0.76012  2.11    8366    6359   23435    28426   3.40
  2006       100-104    0.38882  0.87475  1.86    2007    1755    4515     4991   2.49
  2006       105-109    0.52253  0.94070  1.60     251     236     452      476   1.89
  2006       110+       0.63381  1.00000  1.58      15      15      24       24   1.58
  2007           0      0.00857  0.00851  0.13  100000     851   99261  7763997  77.64
  2007         1-4      0.00034  0.00135  1.54   99149     133  396269  7664736  77.30
  2007         5-9      0.00018  0.00088  2.56   99016      87  494868  7268467  73.41
  2007        10-14     0.00020  0.00098  2.65   98929      97  494417  6773599  68.47
  2007        15-19     0.00051  0.00256  2.71   98832     253  493581  6279182  63.53
  2007        20-24     0.00076  0.00378  2.62   98579     372  492010  5785601  58.69
  2007        25-29     0.00089  0.00446  2.55   98207     438  489964  5293592  53.90
  2007        30-34     0.00103  0.00515  2.62   97769     503  487650  4803627  49.13
  2007        35-39     0.00137  0.00681  2.60   97266     663  484742  4315977  44.37
  2007        40-44     0.00188  0.00935  2.67   96604     903  480917  3831236  39.66
  2007        45-49     0.00287  0.01427  2.67   95701    1366  475322  3350319  35.01
  2007        50-54     0.00428  0.02121  2.67   94335    2001  467005  2874997  30.48
  2007        55-59     0.00681  0.03353  2.70   92334    3096  454557  2407992  26.08
  2007        60-64     0.01128  0.05494  2.65   89238    4903  434694  1953435  21.89
  2007        65-69     0.01758  0.08441  2.64   84335    7119  404847  1518741  18.01
  2007        70-74     0.02679  0.12624  2.72   77216    9748  363888  1113894  14.43
  2007        75-79     0.04600  0.20726  2.61   67468   13983  303973   750006  11.12
  2007        80-84     0.07712  0.32399  2.53   53485   17328  224700   446033   8.34
  2007        85-89     0.12298  0.46704  2.43   36157   16886  137308   221333   6.12
  2007        90-94     0.19889  0.64626  2.29   19270   12453   62614    84026   4.36
  2007        95-99     0.29754  0.79267  2.05    6817    5403   18160    21412   3.14
  2007       100-104    0.42330  0.89700  1.79    1413    1268    2995     3252   2.30
  2007       105-109    0.56199  0.95266  1.53     146     139     247      257   1.77
  2007       110+       0.67457  1.00000  1.48       7       7      10       10   1.48
  2008           0      0.00805  0.00800  0.13  100000     800   99306  7824321  78.24
  2008         1-4      0.00033  0.00131  1.47   99200     130  396470  7725014  77.87
  2008         5-9      0.00019  0.00093  2.42   99070      92  495110  7328544  73.97
  2008        10-14     0.00021  0.00106  2.83   98977     105  494660  6833434  69.04
  2008        15-19     0.00054  0.00268  2.81   98873     265  493782  6338774  64.11
  2008        20-24     0.00081  0.00402  2.56   98608     397  492069  5844992  59.28
  2008        25-29     0.00086  0.00431  2.56   98211     424  490022  5352923  54.50
  2008        30-34     0.00110  0.00550  2.58   97787     537  487636  4862901  49.73
  2008        35-39     0.00135  0.00672  2.61   97250     654  484685  4375265  44.99
  2008        40-44     0.00184  0.00917  2.61   96596     886  480859  3890580  40.28
  2008        45-49     0.00269  0.01338  2.60   95710    1280  475481  3409721  35.63
  2008        50-54     0.00433  0.02141  2.65   94430    2022  467391  2934240  31.07
  2008        55-59     0.00648  0.03193  2.69   92408    2951  455224  2466849  26.70
  2008        60-64     0.01084  0.05286  2.65   89458    4729  436192  2011625  22.49
  2008        65-69     0.01657  0.07973  2.62   84729    6755  407550  1575434  18.59
  2008        70-74     0.02535  0.11967  2.66   77974    9331  368064  1167884  14.98
  2008        75-79     0.04215  0.19148  2.61   68642   13144  311803   799820  11.65
  2008        80-84     0.07299  0.30924  2.53   55499   17162  235137   488017   8.79
  2008        85-89     0.11153  0.43547  2.48   38336   16694  149687   252880   6.60
  2008        90-94     0.17842  0.60423  2.33   21642   13077   73291   103193   4.77
  2008        95-99     0.26325  0.74866  2.12    8565    6413   24359    29902   3.49
  2008       100-104    0.37445  0.86378  1.88    2153    1860    4966     5543   2.57
  2008       105-109    0.50238  0.93326  1.63     293     274     545      577   1.97
  2008       110+       0.60992  1.00000  1.64      20      20      32       32   1.64
  2009           0      0.00807  0.00801  0.13  100000     801   99305  7840137  78.40
  2009         1-4      0.00034  0.00135  1.55   99199     134  396468  7740832  78.03
  2009         5-9      0.00016  0.00081  2.35   99065      81  495111  7344364  74.14
  2009        10-14     0.00018  0.00090  2.77   98984      89  494723  6849253  69.20
  2009        15-19     0.00053  0.00265  2.77   98895     263  493890  6354530  64.26
  2009        20-24     0.00081  0.00403  2.60   98633     398  492208  5860639  59.42
  2009        25-29     0.00090  0.00449  2.62   98235     441  490123  5368432  54.65
  2009        30-34     0.00100  0.00499  2.56   97793     488  487778  4878308  49.88
  2009        35-39     0.00128  0.00639  2.54   97306     622  485000  4390530  45.12
  2009        40-44     0.00186  0.00925  2.65   96684     895  481319  3905530  40.39
  2009        45-49     0.00274  0.01359  2.66   95789    1302  475901  3424211  35.75
  2009        50-54     0.00423  0.02097  2.66   94487    1981  467803  2948310  31.20
  2009        55-59     0.00647  0.03185  2.63   92506    2947  455538  2480506  26.81
  2009        60-64     0.01045  0.05102  2.68   89559    4569  437216  2024968  22.61
  2009        65-69     0.01623  0.07814  2.64   84990    6642  409287  1587751  18.68
  2009        70-74     0.02421  0.11452  2.64   78349    8973  370568  1178464  15.04
  2009        75-79     0.04160  0.18931  2.63   69376   13134  315716   807897  11.65
  2009        80-84     0.07309  0.30914  2.51   56242   17387  237878   492181   8.75
  2009        85-89     0.11364  0.44083  2.46   38856   17129  150721   254302   6.54
  2009        90-94     0.17820  0.60229  2.31   21727   13086   73433   103581   4.77
  2009        95-99     0.26363  0.74901  2.12    8641    6472   24551    30148   3.49
  2009       100-104    0.37355  0.86293  1.88    2169    1872    5010     5598   2.58
  2009       105-109    0.49986  0.93220  1.64     297     277     554      588   1.98
  2009       110+       0.60607  1.00000  1.65      20      20      33       33   1.65
  2010           0      0.00745  0.00741  0.13  100000     741   99359  7815297  78.15
  2010         1-4      0.00033  0.00130  1.60   99259     129  396727  7715938  77.74
  2010         5-9      0.00016  0.00081  2.46   99130      81  495447  7319211  73.83
  2010        10-14     0.00018  0.00092  2.70   99050      91  495039  6823764  68.89
  2010        15-19     0.00052  0.00258  2.77   98959     255  494224  6328725  63.95
  2010        20-24     0.00076  0.00378  2.59   98703     373  492615  5834501  59.11
  2010        25-29     0.00086  0.00429  2.50   98330     422  490594  5341886  54.33
  2010        30-34     0.00099  0.00492  2.57   97908     481  488367  4851292  49.55
  2010        35-39     0.00127  0.00634  2.64   97426     618  485674  4362925  44.78
  2010        40-44     0.00192  0.00954  2.64   96809     924  481867  3877251  40.05
  2010        45-49     0.00278  0.01383  2.70   95885    1327  476367  3395384  35.41
  2010        50-54     0.00418  0.02068  2.66   94558    1956  468219  2919018  30.87
  2010        55-59     0.00634  0.03126  2.69   92603    2895  456341  2450798  26.47
  2010        60-64     0.01046  0.05106  2.68   89708    4581  437894  1994458  22.23
  2010        65-69     0.01627  0.07837  2.66   85127    6672  409996  1556564  18.29
  2010        70-74     0.02528  0.11920  2.60   78455    9352  369866  1146568  14.61
  2010        75-79     0.04334  0.19666  2.65   69103   13590  313591   776702  11.24
  2010        80-84     0.07833  0.32759  2.50   55514   18186  232179   463111   8.34
  2010        85-89     0.12270  0.46670  2.44   37328   17421  141979   230932   6.19
  2010        90-94     0.19345  0.63767  2.33   19907   12694   65618    88953   4.47
  2010        95-99     0.28804  0.78075  2.07    7213    5631   19551    23335   3.24
  2010       100-104    0.40598  0.88586  1.82    1581    1401    3451     3783   2.39
  2010       105-109    0.53765  0.94533  1.57     181     171     317      333   1.84
  2010       110+       0.64619  1.00000  1.55      10      10      15       15   1.55
  2011           0      0.00771  0.00766  0.13  100000     766   99336  7877885  78.78
  2011         1-4      0.00029  0.00115  1.58   99234     114  396660  7778549  78.39
  2011         5-9      0.00014  0.00069  2.40   99120      68  495422  7381889  74.47
  2011        10-14     0.00019  0.00096  2.76   99052      95  495045  6886466  69.52
  2011        15-19     0.00048  0.00241  2.82   98957     238  494264  6391421  64.59
  2011        20-24     0.00073  0.00365  2.58   98718     361  492720  5897157  59.74
  2011        25-29     0.00078  0.00389  2.68   98358     382  490902  5404437  54.95
  2011        30-34     0.00092  0.00461  2.52   97975     451  488756  4913535  50.15
  2011        35-39     0.00126  0.00626  2.65   97524     611  486186  4424779  45.37
  2011        40-44     0.00171  0.00851  2.68   96913     825  482652  3938593  40.64
  2011        45-49     0.00257  0.01278  2.65   96089    1228  477561  3455940  35.97
  2011        50-54     0.00395  0.01958  2.71   94860    1858  470051  2978380  31.40
  2011        55-59     0.00631  0.03107  2.66   93003    2890  458249  2508329  26.97
  2011        60-64     0.01001  0.04892  2.71   90113    4408  440450  2050080  22.75
  2011        65-69     0.01558  0.07518  2.67   85705    6443  413502  1609630  18.78
  2011        70-74     0.02393  0.11316  2.61   79262    8969  374866  1196128  15.09
  2011        75-79     0.03963  0.18131  2.66   70293   12745  321636   821263  11.68
  2011        80-84     0.07441  0.31439  2.54   57548   18093  243154   499626   8.68
  2011        85-89     0.11377  0.44074  2.44   39455   17389  152846   256472   6.50
  2011        90-94     0.18302  0.61227  2.30   22066   13510   73819   103627   4.70
  2011        95-99     0.26448  0.74983  2.11    8556    6415   24256    29808   3.48
  2011       100-104    0.37177  0.86120  1.88    2140    1843    4958     5551   2.59
  2011       105-109    0.49465  0.92994  1.64     297     276     559      593   2.00
  2011       110+       0.59816  1.00000  1.67      21      21      35       35   1.67
  2012           0      0.00738  0.00733  0.13  100000     733   99365  7878713  78.79
  2012         1-4      0.00030  0.00120  1.56   99267     119  396777  7779348  78.37
  2012         5-9      0.00015  0.00077  2.54   99148      77  495550  7382571  74.46
  2012        10-14     0.00018  0.00089  2.72   99071      88  495155  6887021  69.52
  2012        15-19     0.00045  0.00226  2.77   98983     224  494415  6391866  64.58
  2012        20-24     0.00061  0.00305  2.57   98759     302  493060  5897451  59.72
  2012        25-29     0.00074  0.00370  2.58   98457     364  491405  5404391  54.89
  2012        30-34     0.00094  0.00469  2.57   98093     460  489346  4912986  50.08
  2012        35-39     0.00120  0.00597  2.64   97633     583  486791  4423640  45.31
  2012        40-44     0.00177  0.00881  2.70   97050     855  483283  3936849  40.57
  2012        45-49     0.00251  0.01250  2.61   96195    1202  478102  3453567  35.90
  2012        50-54     0.00391  0.01936  2.66   94993    1839  470654  2975464  31.32
  2012        55-59     0.00616  0.03036  2.68   93154    2828  459206  2504810  26.89
  2012        60-64     0.00933  0.04566  2.68   90325    4124  442054  2045604  22.65
  2012        65-69     0.01583  0.07630  2.65   86201    6577  415533  1603551  18.60
  2012        70-74     0.02454  0.11600  2.64   79624    9236  376340  1188017  14.92
  2012        75-79     0.04004  0.18293  2.64   70388   12876  321566   811677  11.53
  2012        80-84     0.07506  0.31859  2.63   57512   18323  244112   490112   8.52
  2012        85-89     0.12050  0.46033  2.44   39189   18040  149710   246000   6.28
  2012        90-94     0.18708  0.62071  2.29   21149   13127   70172    96290   4.55
  2012        95-99     0.28548  0.77805  2.08    8022    6241   21863    26118   3.26
  2012       100-104    0.40620  0.88639  1.82    1780    1578    3885     4255   2.39
  2012       105-109    0.54170  0.94681  1.57     202     192     354      370   1.83
  2012       110+       0.65342  1.00000  1.53      11      11      16       16   1.53
  2013           0      0.00705  0.00701  0.13  100000     701   99394  7898513  78.99
  2013         1-4      0.00029  0.00116  1.60   99299     115  396920  7799120  78.54
  2013         5-9      0.00015  0.00073  2.40   99184      72  495732  7402199  74.63
  2013        10-14     0.00019  0.00096  2.88   99112      96  495355  6906467  69.68
  2013        15-19     0.00047  0.00232  2.82   99016     230  494578  6411112  64.75
  2013        20-24     0.00063  0.00315  2.53   98786     311  493163  5916534  59.89
  2013        25-29     0.00074  0.00371  2.53   98475     365  491473  5423371  55.07
  2013        30-34     0.00090  0.00451  2.51   98110     442  489448  4931899  50.27
  2013        35-39     0.00119  0.00591  2.62   97668     577  486967  4442451  45.49
  2013        40-44     0.00176  0.00877  2.67   97091     852  483468  3955484  40.74
  2013        45-49     0.00264  0.01311  2.67   96239    1262  478260  3472016  36.08
  2013        50-54     0.00398  0.01974  2.70   94978    1875  470575  2993756  31.52
  2013        55-59     0.00601  0.02964  2.66   93103    2760  459047  2523181  27.10
  2013        60-64     0.00959  0.04687  2.65   90343    4235  441756  2064135  22.85
  2013        65-69     0.01531  0.07392  2.66   86108    6365  415668  1622378  18.84
  2013        70-74     0.02419  0.11437  2.63   79743    9120  377085  1206711  15.13
  2013        75-79     0.03799  0.17412  2.60   70623   12297  323652   829626  11.75
  2013        80-84     0.07106  0.30477  2.67   58326   17776  250160   505974   8.67
  2013        85-89     0.11919  0.45709  2.45   40550   18535  155513   255814   6.31
  2013        90-94     0.18551  0.61619  2.28   22015   13565   73123   100301   4.56
  2013        95-99     0.28888  0.78299  2.08    8449    6616   22901    27178   3.22
  2013       100-104    0.41682  0.89366  1.80    1834    1639    3931     4277   2.33
  2013       105-109    0.55995  0.95242  1.54     195     186     332      345   1.77
  2013       110+       0.67678  1.00000  1.48       9       9      14       14   1.48
  2014           0      0.00748  0.00743  0.13  100000     743   99356  7909216  79.09
  2014         1-4      0.00029  0.00116  1.81   99257     115  396773  7809860  78.68
  2014         5-9      0.00014  0.00071  2.34   99141      70  495519  7413086  74.77
  2014        10-14     0.00017  0.00086  2.71   99071      85  495161  6917567  69.82
  2014        15-19     0.00044  0.00219  2.82   98986     217  494458  6422406  64.88
  2014        20-24     0.00066  0.00329  2.61   98769     325  493070  5927948  60.02
  2014        25-29     0.00077  0.00383  2.58   98444     377  491308  5434879  55.21
  2014        30-34     0.00092  0.00459  2.64   98067     450  489270  4943571  50.41
  2014        35-39     0.00117  0.00584  2.68   97617     570  486763  4454300  45.63
  2014        40-44     0.00169  0.00840  2.61   97047     815  483288  3967537  40.88
  2014        45-49     0.00252  0.01252  2.66   96232    1205  478347  3484250  36.21
  2014        50-54     0.00376  0.01864  2.66   95028    1771  471000  3005902  31.63
  2014        55-59     0.00596  0.02942  2.67   93256    2743  459884  2534902  27.18
  2014        60-64     0.00927  0.04539  2.65   90513    4108  442927  2075019  22.93
  2014        65-69     0.01524  0.07356  2.64   86405    6356  417007  1632092  18.89
  2014        70-74     0.02380  0.11268  2.64   80049    9020  378924  1215085  15.18
  2014        75-79     0.03750  0.17214  2.62   71029   12227  326082   836161  11.77
  2014        80-84     0.06821  0.29481  2.70   58802   17336  254150   510079   8.67
  2014        85-89     0.12387  0.46836  2.40   41467   19421  156788   255929   6.17
  2014        90-94     0.18794  0.62398  2.31   22045   13756   73191    99140   4.50
  2014        95-99     0.29801  0.79411  2.06    8290    6583   22089    25949   3.13
  2014       100-104    0.43089  0.90201  1.78    1707    1540    3573     3861   2.26
  2014       105-109    0.57714  0.95693  1.51     167     160     277      288   1.72
  2014       110+       0.69484  1.00000  1.44       7       7      10       10   1.44
  2015           0      0.00682  0.00678  0.14  100000     678   99413  7929863  79.30
  2015         1-4      0.00026  0.00106  1.51   99322     105  397026  7830449  78.84
  2015         5-9      0.00015  0.00077  2.42   99217      76  495887  7433424  74.92
  2015        10-14     0.00017  0.00087  2.85   99141      86  495517  6937536  69.98
  2015        15-19     0.00048  0.00241  2.76   99054     238  494736  6442019  65.04
  2015        20-24     0.00061  0.00303  2.63   98816     299  493369  5947284  60.19
  2015        25-29     0.00078  0.00388  2.62   98516     382  491673  5453915  55.36
  2015        30-34     0.00088  0.00438  2.69   98134     430  489679  4962242  50.57
  2015        35-39     0.00122  0.00609  2.63   97705     595  487112  4472563  45.78
  2015        40-44     0.00169  0.00842  2.66   97110     818  483637  3985452  41.04
  2015        45-49     0.00252  0.01255  2.66   96292    1209  478628  3501815  36.37
  2015        50-54     0.00385  0.01909  2.65   95083    1815  471154  3023187  31.80
  2015        55-59     0.00591  0.02914  2.65   93268    2717  459944  2552033  27.36
  2015        60-64     0.00920  0.04504  2.65   90551    4078  443187  2092090  23.10
  2015        65-69     0.01473  0.07121  2.66   86473    6157  417938  1648902  19.07
  2015        70-74     0.02299  0.10902  2.63   80315    8756  380850  1230964  15.33
  2015        75-79     0.03675  0.16892  2.61   71560   12088  328911   850114  11.88
  2015        80-84     0.06303  0.27429  2.64   59472   16312  258794   521203   8.76
  2015        85-89     0.12700  0.47654  2.38   43159   20567  161941   262409   6.08
  2015        90-94     0.19051  0.62774  2.28   22592   14182   74444   100468   4.45
  2015        95-99     0.30167  0.79884  2.06    8410    6718   22271    26024   3.09
  2015       100-104    0.43994  0.90734  1.76    1692    1535    3489     3753   2.22
  2015       105-109    0.59107  0.96041  1.49     157     151     255      263   1.68
  2015       110+       0.71126  1.00000  1.41       6       6       9        9   1.41
  2016           0      0.00699  0.00694  0.13  100000     694   99399  7957327  79.57
  2016         1-4      0.00026  0.00104  1.62   99306     103  396977  7857927  79.13
  2016         5-9      0.00014  0.00068  2.36   99203      68  495834  7460951  75.21
  2016        10-14     0.00017  0.00084  2.71   99135      83  495482  6965117  70.26
  2016        15-19     0.00045  0.00223  2.91   99051     221  494794  6469634  65.32
  2016        20-24     0.00065  0.00323  2.59   98830     319  493382  5974841  60.46
  2016        25-29     0.00072  0.00357  2.66   98511     352  491734  5481458  55.64
  2016        30-34     0.00091  0.00452  2.59   98160     444  489729  4989724  50.83
  2016        35-39     0.00120  0.00599  2.59   97715     585  487167  4499995  46.05
  2016        40-44     0.00170  0.00847  2.66   97130     823  483723  4012828  41.31
  2016        45-49     0.00239  0.01187  2.66   96308    1143  478868  3529105  36.64
  2016        50-54     0.00372  0.01842  2.62   95164    1753  471645  3050237  32.05
  2016        55-59     0.00557  0.02749  2.67   93411    2568  461085  2578592  27.60
  2016        60-64     0.00890  0.04358  2.68   90844    3959  445042  2117507  23.31
  2016        65-69     0.01418  0.06865  2.68   86885    5965  420581  1672466  19.25
  2016        70-74     0.02230  0.10592  2.63   80920    8571  384274  1251885  15.47
  2016        75-79     0.03610  0.16635  2.64   72350   12036  333376   867611  11.99
  2016        80-84     0.05957  0.26033  2.58   60314   15702  263574   534235   8.86
  2016        85-89     0.12569  0.47645  2.46   44612   21255  169114   270661   6.07
  2016        90-94     0.19553  0.63719  2.27   23357   14883   76115   101547   4.35
  2016        95-99     0.31218  0.81110  2.04    8474    6873   22017    25432   3.00
  2016       100-104    0.45870  0.91718  1.73    1601    1468    3201     3415   2.13
  2016       105-109    0.61550  0.96573  1.45     133     128     208      214   1.62
  2016       110+       0.73720  1.00000  1.36       5       5       6        6   1.36
  2017           0      0.00706  0.00702  0.13  100000     702   99393  7973803  79.74
  2017         1-4      0.00024  0.00095  1.59   99298      94  396966  7874410  79.30
  2017         5-9      0.00012  0.00059  2.68   99204      59  495885  7477444  75.37
  2017        10-14     0.00015  0.00077  2.75   99146      76  495558  6981560  70.42
  2017        15-19     0.00043  0.00217  2.89   99070     215  494896  6486002  65.47
  2017        20-24     0.00063  0.00317  2.53   98855     313  493499  5991106  60.61
  2017        25-29     0.00071  0.00357  2.62   98542     351  491873  5497607  55.79
  2017        30-34     0.00089  0.00445  2.64   98190     437  489918  5005735  50.98
  2017        35-39     0.00111  0.00556  2.63   97753     543  487481  4515816  46.20
  2017        40-44     0.00161  0.00803  2.75   97210     781  484294  4028335  41.44
  2017        45-49     0.00237  0.01178  2.62   96429    1136  479446  3544042  36.75
  2017        50-54     0.00357  0.01771  2.64   95293    1688  472480  3064596  32.16
  2017        55-59     0.00555  0.02740  2.66   93605    2565  462020  2592115  27.69
  2017        60-64     0.00855  0.04192  2.67   91040    3816  446318  2130096  23.40
  2017        65-69     0.01357  0.06577  2.68   87224    5737  422782  1683777  19.30
  2017        70-74     0.02183  0.10379  2.64   81487    8457  387442  1260995  15.47
  2017        75-79     0.03527  0.16270  2.62   73030   11882  336853   873554  11.96
  2017        80-84     0.05901  0.25835  2.59   61148   15797  267707   536701   8.78
  2017        85-89     0.12690  0.48716  2.62   45350   22093  174101   268994   5.93
  2017        90-94     0.21084  0.66530  2.23   23258   15473   73389    94893   4.08
  2017        95-99     0.34285  0.84270  1.98    7784    6560   19133    21504   2.76
  2017       100-104    0.50855  0.93858  1.64    1224    1149    2260     2371   1.94
  2017       105-109    0.67634  0.97605  1.36      75      73     109      111   1.47
  2017       110+       0.79738  1.00000  1.25       2       2       2        2   1.25
  2018           0      0.00674  0.00670  0.14  100000     670   99421  7998952  79.99
  2018         1-4      0.00028  0.00112  1.52   99330     112  397044  7899531  79.53
  2018         5-9      0.00011  0.00056  2.31   99219      56  495943  7502486  75.62
  2018        10-14     0.00015  0.00077  2.83   99163      76  495649  7006544  70.66
  2018        15-19     0.00040  0.00201  2.84   99087     199  495003  6510895  65.71
  2018        20-24     0.00064  0.00317  2.53   98888     314  493662  6015891  60.84
  2018        25-29     0.00078  0.00389  2.44   98574     384  491887  5522229  56.02
  2018        30-34     0.00091  0.00452  2.62   98190     444  489896  5030342  51.23
  2018        35-39     0.00116  0.00579  2.59   97746     566  487365  4540446  46.45
  2018        40-44     0.00159  0.00790  2.65   97180     768  484097  4053081  41.71
  2018        45-49     0.00232  0.01155  2.64   96412    1113  479436  3568983  37.02
  2018        50-54     0.00347  0.01723  2.69   95299    1642  472706  3089547  32.42
  2018        55-59     0.00539  0.02661  2.69   93657    2492  462536  2616842  27.94
  2018        60-64     0.00841  0.04126  2.66   91165    3761  447031  2154306  23.63
  2018        65-69     0.01331  0.06455  2.65   87404    5642  423786  1707275  19.53
  2018        70-74     0.02132  0.10153  2.65   81762    8301  389268  1283489  15.70
  2018        75-79     0.03371  0.15607  2.63   73461   11465  340105   894221  12.17
  2018        80-84     0.05774  0.25352  2.60   61996   15717  272215   554116   8.94
  2018        85-89     0.11811  0.46322  2.67   46279   21437  181498   281901   6.09
  2018        90-94     0.21456  0.67297  2.23   24841   16718   77914   100403   4.04
  2018        95-99     0.34183  0.84217  1.99    8124    6842   20015    22488   2.77
  2018       100-104    0.51037  0.93942  1.64    1282    1205    2360     2474   1.93
  2018       105-109    0.68046  0.97667  1.35      78      76     111      114   1.46
  2018       110+       0.80223  1.00000  1.25       2       2       2        2   1.25
  2019           0      0.00631  0.00628  0.14  100000     628   99458  8002852  80.03
  2019         1-4      0.00029  0.00114  1.58   99372     114  397214  7903394  79.53
  2019         5-9      0.00014  0.00071  2.53   99259      71  496118  7506180  75.62
  2019        10-14     0.00016  0.00079  2.84   99188      79  495770  7010062  70.67
  2019        15-19     0.00045  0.00227  2.86   99109     225  495066  6514292  65.73
  2019        20-24     0.00066  0.00329  2.58   98885     325  493636  6019226  60.87
  2019        25-29     0.00079  0.00395  2.57   98559     389  491851  5525590  56.06
  2019        30-34     0.00092  0.00458  2.62   98170     449  489781  5033739  51.28
  2019        35-39     0.00120  0.00598  2.59   97721     584  487195  4543958  46.50
  2019        40-44     0.00159  0.00790  2.62   97136     768  483859  4056763  41.76
  2019        45-49     0.00234  0.01164  2.67   96369    1122  479235  3572905  37.08
  2019        50-54     0.00353  0.01750  2.65   95247    1667  472326  3093669  32.48
  2019        55-59     0.00530  0.02620  2.67   93580    2452  462188  2621343  28.01
  2019        60-64     0.00846  0.04151  2.67   91129    3782  446829  2159155  23.69
  2019        65-69     0.01327  0.06435  2.64   87346    5621  423484  1712326  19.60
  2019        70-74     0.02123  0.10106  2.63   81726    8259  389023  1288843  15.77
  2019        75-79     0.03386  0.15682  2.65   73467   11521  340235   899820  12.25
  2019        80-84     0.05613  0.24708  2.58   61946   15306  272706   559585   9.03
  2019        85-89     0.10936  0.43776  2.72   46640   20417  186688   286879   6.15
  2019        90-94     0.23196  0.70243  2.19   26223   18420   79411   100191   3.82
  2019        95-99     0.35695  0.85635  1.96    7803    6682   18721    20780   2.66
  2019       100-104    0.53730  0.94863  1.59    1121    1063    1979     2060   1.84
  2019       105-109    0.71287  0.98072  1.30      58      56      79       81   1.40
  2019       110+       0.83221  1.00000  1.20       1       1       1        1   1.20
  2020           0      0.00546  0.00543  0.14  100000     543   99532  7896350  78.96
  2020         1-4      0.00024  0.00097  1.70   99457      97  397606  7796818  78.39
  2020         5-9      0.00011  0.00054  2.33   99360      54  496659  7399212  74.47
  2020        10-14     0.00014  0.00068  2.82   99307      67  496387  6902553  69.51
  2020        15-19     0.00041  0.00206  2.95   99239     204  495777  6406167  64.55
  2020        20-24     0.00070  0.00349  2.67   99035     346  494367  5910390  59.68
  2020        25-29     0.00081  0.00403  2.53   98689     398  492463  5416023  54.88
  2020        30-34     0.00099  0.00496  2.59   98291     487  490282  4923559  50.09
  2020        35-39     0.00128  0.00639  2.61   97804     625  487523  4433277  45.33
  2020        40-44     0.00182  0.00904  2.63   97178     879  483809  3945754  40.60
  2020        45-49     0.00263  0.01306  2.64   96300    1258  478526  3461945  35.95
  2020        50-54     0.00405  0.02007  2.67   95042    1907  470775  2983419  31.39
  2020        55-59     0.00616  0.03038  2.65   93135    2830  459036  2512644  26.98
  2020        60-64     0.00994  0.04856  2.64   90305    4385  441185  2053608  22.74
  2020        65-69     0.01557  0.07510  2.66   85920    6453  414520  1612423  18.77
  2020        70-74     0.02433  0.11498  2.61   79467    9137  375523  1197903  15.07
  2020        75-79     0.03799  0.17402  2.59   70330   12239  322138   822380  11.69
  2020        80-84     0.06378  0.27597  2.56   58091   16031  251344   500243   8.61
  2020        85-89     0.10871  0.43056  2.59   42059   18109  166582   248898   5.92
  2020        90-94     0.26707  0.75371  2.11   23950   18052   67591    82316   3.44
  2020        95-99     0.38422  0.87746  1.90    5899    5176   13471    14725   2.50
  2020       100-104    0.57055  0.95766  1.53     723     692    1213     1254   1.74
  2020       105-109    0.74421  0.98386  1.26      31      30      40       41   1.34
  2020       110+       0.85665  1.00000  1.17       0       0       1        1   1.17
