Hong Kong, Life tables (period 5x1), Total	Last modified: 27 Sep 2022;  Methods Protocol: v6 (2017)

  Year          Age         mx       qx    ax      lx      dx      Lx       Tx     ex
  1986           0      0.00721  0.00717  0.13  100000     717   99380  7695083  76.95
  1986         1-4      0.00037  0.00146  1.65   99283     145  396793  7595703  76.51
  1986         5-9      0.00018  0.00091  2.36   99138      91  495451  7198910  72.62
  1986        10-14     0.00023  0.00114  2.71   99047     113  494979  6703459  67.68
  1986        15-19     0.00033  0.00163  2.68   98934     161  494299  6208480  62.75
  1986        20-24     0.00043  0.00217  2.43   98773     214  493315  5714182  57.85
  1986        25-29     0.00049  0.00246  2.51   98559     243  492191  5220867  52.97
  1986        30-34     0.00074  0.00367  2.56   98316     361  490701  4728676  48.10
  1986        35-39     0.00109  0.00545  2.64   97955     534  488519  4237975  43.26
  1986        40-44     0.00185  0.00919  2.80   97421     896  485139  3749456  38.49
  1986        45-49     0.00281  0.01398  2.68   96526    1349  479502  3264317  33.82
  1986        50-54     0.00524  0.02588  2.65   95177    2464  470107  2784815  29.26
  1986        55-59     0.00782  0.03839  2.61   92713    3560  455048  2314708  24.97
  1986        60-64     0.01300  0.06307  2.65   89154    5623  432564  1859661  20.86
  1986        65-69     0.02090  0.09949  2.59   83531    8311  397623  1427096  17.08
  1986        70-74     0.03248  0.15072  2.62   75220   11338  349079  1029474  13.69
  1986        75-79     0.05028  0.22276  2.44   63883   14230  283033   680395  10.65
  1986        80-84     0.08443  0.34904  2.52   49652   17330  205275   397361   8.00
  1986        85-89     0.13321  0.49308  2.37   32322   15937  119641   192086   5.94
  1986        90-94     0.19622  0.63861  2.27   16385   10463   53323    72446   4.42
  1986        95-99     0.28884  0.78146  2.06    5921    4627   16020    19122   3.23
  1986       100-104    0.40513  0.88513  1.82    1294    1145    2827     3102   2.40
  1986       105-109    0.53483  0.94430  1.57     149     140     262      275   1.85
  1986       110+       0.64138  1.00000  1.56       8       8      13       13   1.56
  1987           0      0.00699  0.00694  0.13  100000     694   99399  7701431  77.01
  1987         1-4      0.00037  0.00147  1.60   99306     146  396871  7602032  76.55
  1987         5-9      0.00017  0.00084  2.65   99159      83  495602  7205160  72.66
  1987        10-14     0.00017  0.00087  2.75   99076      87  495187  6709559  67.72
  1987        15-19     0.00028  0.00139  2.83   98990     137  494651  6214372  62.78
  1987        20-24     0.00038  0.00190  2.60   98853     188  493812  5719720  57.86
  1987        25-29     0.00051  0.00256  2.73   98665     252  492751  5225908  52.97
  1987        30-34     0.00071  0.00352  2.43   98413     347  491173  4733157  48.09
  1987        35-39     0.00099  0.00495  2.65   98066     486  489191  4241984  43.26
  1987        40-44     0.00150  0.00750  2.59   97580     732  486139  3752793  38.46
  1987        45-49     0.00299  0.01486  2.73   96849    1439  480979  3266653  33.73
  1987        50-54     0.00502  0.02480  2.67   95409    2366  471536  2785674  29.20
  1987        55-59     0.00792  0.03887  2.62   93043    3617  456595  2314138  24.87
  1987        60-64     0.01259  0.06112  2.64   89427    5465  434220  1857542  20.77
  1987        65-69     0.02108  0.10033  2.60   83961    8424  399622  1423322  16.95
  1987        70-74     0.03232  0.14987  2.58   75537   11321  350235  1023700  13.55
  1987        75-79     0.05105  0.22683  2.54   64216   14566  285317   673465  10.49
  1987        80-84     0.09051  0.36770  2.45   49650   18256  201701   388148   7.82
  1987        85-89     0.13268  0.49493  2.43   31394   15538  117106   186447   5.94
  1987        90-94     0.19997  0.64522  2.25   15856   10231   51162    69341   4.37
  1987        95-99     0.28924  0.78127  2.06    5625    4395   15195    18179   3.23
  1987       100-104    0.40047  0.88155  1.83    1230    1085    2709     2984   2.42
  1987       105-109    0.52475  0.94072  1.59     146     137     261      275   1.89
  1987       110+       0.62741  1.00000  1.59       9       9      14       14   1.59
  1988           0      0.00776  0.00771  0.13  100000     771   99332  7702933  77.03
  1988         1-4      0.00037  0.00149  1.60   99229     148  396562  7603601  76.63
  1988         5-9      0.00019  0.00093  2.53   99082      92  495181  7207040  72.74
  1988        10-14     0.00019  0.00095  2.65   98990      94  494728  6711859  67.80
  1988        15-19     0.00036  0.00178  2.85   98896     176  494101  6217131  62.87
  1988        20-24     0.00042  0.00212  2.65   98720     209  493108  5723030  57.97
  1988        25-29     0.00051  0.00254  2.66   98510     250  491967  5229922  53.09
  1988        30-34     0.00068  0.00342  2.53   98261     336  490475  4737955  48.22
  1988        35-39     0.00111  0.00552  2.70   97925     540  488383  4247480  43.37
  1988        40-44     0.00160  0.00798  2.68   97385     778  485122  3759097  38.60
  1988        45-49     0.00264  0.01314  2.68   96607    1270  480089  3273976  33.89
  1988        50-54     0.00483  0.02390  2.64   95338    2278  471306  2793887  29.31
  1988        55-59     0.00794  0.03897  2.63   93059    3627  456687  2322581  24.96
  1988        60-64     0.01246  0.06054  2.64   89433    5414  434361  1865894  20.86
  1988        65-69     0.02055  0.09804  2.65   84019    8237  400767  1431533  17.04
  1988        70-74     0.03115  0.14511  2.64   75781   10997  352976  1030765  13.60
  1988        75-79     0.05168  0.22995  2.61   64785   14897  288250   677789  10.46
  1988        80-84     0.08793  0.35944  2.46   49887   17932  203934   389539   7.81
  1988        85-89     0.13647  0.50488  2.42   31956   16134  118223   185605   5.81
  1988        90-94     0.20633  0.65751  2.24   15822   10403   50420    67382   4.26
  1988        95-99     0.29998  0.79402  2.04    5419    4303   14343    16962   3.13
  1988       100-104    0.41506  0.89097  1.80    1116     994    2396     2619   2.35
  1988       105-109    0.54199  0.94630  1.56     122     115     212      223   1.83
  1988       110+       0.64603  1.00000  1.55       7       7      10       10   1.55
  1989           0      0.00676  0.00672  0.14  100000     672   99419  7705016  77.05
  1989         1-4      0.00030  0.00119  1.63   99328     118  397033  7605596  76.57
  1989         5-9      0.00015  0.00077  2.23   99210      76  495840  7208564  72.66
  1989        10-14     0.00017  0.00087  2.64   99134      86  495468  6712723  67.71
  1989        15-19     0.00033  0.00165  2.82   99048     163  494884  6217255  62.77
  1989        20-24     0.00051  0.00256  2.53   98885     253  493799  5722372  57.87
  1989        25-29     0.00054  0.00272  2.46   98632     268  492478  5228573  53.01
  1989        30-34     0.00077  0.00384  2.59   98364     378  490907  4736095  48.15
  1989        35-39     0.00107  0.00532  2.65   97986     521  488704  4245188  43.32
  1989        40-44     0.00167  0.00834  2.77   97465     813  485514  3756484  38.54
  1989        45-49     0.00292  0.01448  2.58   96652    1400  479873  3270970  33.84
  1989        50-54     0.00483  0.02390  2.65   95252    2276  470911  2791097  29.30
  1989        55-59     0.00801  0.03929  2.62   92976    3653  456191  2320186  24.95
  1989        60-64     0.01238  0.06014  2.65   89323    5372  433990  1863995  20.87
  1989        65-69     0.02010  0.09597  2.65   83951    8057  400856  1430005  17.03
  1989        70-74     0.03320  0.15390  2.63   75895   11680  351831  1029149  13.56
  1989        75-79     0.05133  0.22874  2.62   64214   14688  286154   677318  10.55
  1989        80-84     0.08793  0.35953  2.46   49526   17806  202492   391163   7.90
  1989        85-89     0.12985  0.48578  2.41   31720   15409  118666   188672   5.95
  1989        90-94     0.20354  0.65267  2.25   16311   10646   52304    70006   4.29
  1989        95-99     0.29994  0.79467  2.04    5665    4502   15010    17701   3.12
  1989       100-104    0.42092  0.89514  1.79    1163    1041    2474     2692   2.31
  1989       105-109    0.55483  0.95044  1.54     122     116     209      218   1.79
  1989       110+       0.66393  1.00000  1.51       6       6       9        9   1.51
  1990           0      0.00582  0.00579  0.14  100000     579   99500  7731027  77.31
  1990         1-4      0.00037  0.00148  1.49   99421     147  397315  7631527  76.76
  1990         5-9      0.00012  0.00060  2.54   99274      59  496223  7234213  72.87
  1990        10-14     0.00020  0.00100  2.72   99214      99  495847  6737989  67.91
  1990        15-19     0.00038  0.00188  2.96   99116     187  495197  6242142  62.98
  1990        20-24     0.00047  0.00237  2.48   98929     235  494053  5746945  58.09
  1990        25-29     0.00055  0.00277  2.54   98694     273  492800  5252892  53.22
  1990        30-34     0.00074  0.00368  2.72   98421     362  491278  4760092  48.36
  1990        35-39     0.00108  0.00537  2.63   98059     526  489049  4268814  43.53
  1990        40-44     0.00157  0.00781  2.70   97533     761  485914  3779765  38.75
  1990        45-49     0.00270  0.01343  2.64   96771    1299  480794  3293851  34.04
  1990        50-54     0.00441  0.02182  2.56   95472    2083  472286  2813057  29.46
  1990        55-59     0.00772  0.03795  2.72   93389    3544  458863  2340772  25.06
  1990        60-64     0.01193  0.05804  2.67   89845    5215  437093  1881908  20.95
  1990        65-69     0.02045  0.09756  2.64   84630    8257  403689  1444816  17.07
  1990        70-74     0.03218  0.14940  2.61   76374   11410  354571  1041126  13.63
  1990        75-79     0.05092  0.22687  2.60   64963   14738  289423   686555  10.57
  1990        80-84     0.08671  0.35671  2.52   50225   17916  206629   397133   7.91
  1990        85-89     0.13497  0.49849  2.38   32309   16106  119328   190503   5.90
  1990        90-94     0.19918  0.64361  2.25   16203   10429   52359    71175   4.39
  1990        95-99     0.28674  0.77796  2.06    5775    4493   15667    18816   3.26
  1990       100-104    0.39510  0.87771  1.83    1282    1125    2848     3149   2.46
  1990       105-109    0.51675  0.93787  1.60     157     147     285      300   1.92
  1990       110+       0.61795  1.00000  1.62      10      10      16       16   1.62
  1991           0      0.00615  0.00612  0.14  100000     612   99471  7799091  77.99
  1991         1-4      0.00027  0.00110  1.65   99388     109  397295  7699620  77.47
  1991         5-9      0.00013  0.00065  2.80   99279      64  496251  7302325  73.55
  1991        10-14     0.00019  0.00097  2.54   99214      96  495833  6806073  68.60
  1991        15-19     0.00031  0.00152  2.77   99118     151  495251  6310240  63.66
  1991        20-24     0.00045  0.00226  2.43   98967     224  494257  5814989  58.76
  1991        25-29     0.00056  0.00281  2.58   98743     278  493041  5320732  53.88
  1991        30-34     0.00066  0.00330  2.75   98465     325  491592  4827691  49.03
  1991        35-39     0.00096  0.00477  2.66   98140     468  489606  4336099  44.18
  1991        40-44     0.00169  0.00841  2.65   97672     821  486431  3846493  39.38
  1991        45-49     0.00264  0.01312  2.63   96851    1271  481248  3360062  34.69
  1991        50-54     0.00444  0.02197  2.73   95580    2100  473132  2878813  30.12
  1991        55-59     0.00685  0.03372  2.73   93480    3152  460234  2405682  25.73
  1991        60-64     0.01152  0.05609  2.65   90328    5066  439728  1945448  21.54
  1991        65-69     0.01840  0.08823  2.67   85261    7523  408777  1505719  17.66
  1991        70-74     0.03089  0.14373  2.59   77738   11174  361759  1096943  14.11
  1991        75-79     0.04819  0.21564  2.56   66565   14354  297852   735183  11.04
  1991        80-84     0.08103  0.33723  2.51   52210   17607  217290   437332   8.38
  1991        85-89     0.12256  0.46457  2.40   34604   16076  131165   220042   6.36
  1991        90-94     0.17837  0.60145  2.29   18528   11144   62476    88877   4.80
  1991        95-99     0.25718  0.73893  2.12    7384    5457   21217    26401   3.58
  1991       100-104    0.35754  0.84923  1.91    1928    1637    4579     5184   2.69
  1991       105-109    0.47397  0.92093  1.68     291     268     565      605   2.08
  1991       110+       0.57257  1.00000  1.75      23      23      40       40   1.75
  1992           0      0.00465  0.00463  0.14  100000     463   99601  7775266  77.75
  1992         1-4      0.00028  0.00113  1.63   99537     112  397880  7675665  77.11
  1992         5-9      0.00014  0.00070  2.47   99424      70  496945  7277784  73.20
  1992        10-14     0.00021  0.00102  2.84   99355     102  496553  6780839  68.25
  1992        15-19     0.00035  0.00173  2.89   99253     171  495903  6284286  63.32
  1992        20-24     0.00045  0.00226  2.57   99082     224  494864  5788383  58.42
  1992        25-29     0.00055  0.00274  2.39   98858     271  493582  5293519  53.55
  1992        30-34     0.00065  0.00323  2.54   98587     318  492152  4799937  48.69
  1992        35-39     0.00101  0.00504  2.66   98269     495  490187  4307785  43.84
  1992        40-44     0.00162  0.00806  2.63   97774     788  486998  3817598  39.05
  1992        45-49     0.00261  0.01296  2.77   96985    1257  482128  3330600  34.34
  1992        50-54     0.00460  0.02276  2.78   95728    2179  473809  2848472  29.76
  1992        55-59     0.00706  0.03472  2.67   93549    3248  460184  2374663  25.38
  1992        60-64     0.01201  0.05839  2.65   90302    5273  439096  1914479  21.20
  1992        65-69     0.01918  0.09189  2.72   85029    7813  407318  1475383  17.35
  1992        70-74     0.03169  0.14717  2.58   77216   11364  358630  1068064  13.83
  1992        75-79     0.04902  0.21914  2.58   65852   14430  294350   709435  10.77
  1992        80-84     0.08551  0.35147  2.47   51421   18073  211351   415084   8.07
  1992        85-89     0.12837  0.48390  2.46   33348   16137  125709   203733   6.11
  1992        90-94     0.19079  0.62743  2.27   17211   10799   56598    78024   4.53
  1992        95-99     0.27788  0.76744  2.08    6412    4921   17709    21425   3.34
  1992       100-104    0.38848  0.87362  1.85    1491    1303    3354     3716   2.49
  1992       105-109    0.51406  0.93723  1.61     188     177     344      363   1.92
  1992       110+       0.61861  1.00000  1.62      12      12      19       19   1.62
  1993           0      0.00444  0.00443  0.14  100000     443   99619  7822550  78.23
  1993         1-4      0.00028  0.00113  1.66   99557     113  397965  7722931  77.57
  1993         5-9      0.00012  0.00059  2.68   99444      58  497087  7324966  73.66
  1993        10-14     0.00015  0.00074  2.67   99386      73  496760  6827878  68.70
  1993        15-19     0.00037  0.00186  2.61   99313     185  496122  6331119  63.75
  1993        20-24     0.00045  0.00225  2.50   99128     223  495083  5834996  58.86
  1993        25-29     0.00052  0.00258  2.62   98905     255  493919  5339913  53.99
  1993        30-34     0.00064  0.00318  2.58   98650     314  492490  4845994  49.12
  1993        35-39     0.00102  0.00508  2.55   98336     500  490457  4353505  44.27
  1993        40-44     0.00162  0.00809  2.70   97836     791  487359  3863048  39.48
  1993        45-49     0.00257  0.01276  2.81   97045    1238  482515  3375689  34.78
  1993        50-54     0.00411  0.02038  2.75   95807    1953  474639  2893174  30.20
  1993        55-59     0.00682  0.03354  2.63   93854    3148  461811  2418535  25.77
  1993        60-64     0.01149  0.05591  2.61   90706    5071  441416  1956724  21.57
  1993        65-69     0.01871  0.08967  2.69   85635    7679  410403  1515307  17.69
  1993        70-74     0.03139  0.14586  2.58   77956   11371  362283  1104904  14.17
  1993        75-79     0.04600  0.20693  2.58   66586   13778  299545   742621  11.15
  1993        80-84     0.08095  0.33680  2.51   52808   17786  219718   443076   8.39
  1993        85-89     0.12204  0.46383  2.41   35022   16244  133100   223358   6.38
  1993        90-94     0.17769  0.60006  2.30   18778   11268   63411    90258   4.81
  1993        95-99     0.25697  0.73881  2.12    7510    5548   21592    26847   3.57
  1993       100-104    0.35882  0.85051  1.91    1961    1668    4649     5255   2.68
  1993       105-109    0.47732  0.92256  1.68     293     271     567      606   2.07
  1993       110+       0.57765  1.00000  1.73      23      23      39       39   1.73
  1994           0      0.00435  0.00433  0.14  100000     433   99628  7898209  78.98
  1994         1-4      0.00026  0.00102  1.49   99567     102  398013  7798581  78.32
  1994         5-9      0.00009  0.00045  2.65   99465      45  497222  7400568  74.40
  1994        10-14     0.00016  0.00079  3.11   99421      79  496955  6903346  69.44
  1994        15-19     0.00033  0.00163  2.87   99342     162  496364  6406391  64.49
  1994        20-24     0.00048  0.00239  2.47   99180     237  495301  5910027  59.59
  1994        25-29     0.00052  0.00258  2.40   98943     255  494053  5414726  54.73
  1994        30-34     0.00062  0.00312  2.65   98688     308  492716  4920674  49.86
  1994        35-39     0.00095  0.00472  2.64   98380     465  490802  4427957  45.01
  1994        40-44     0.00141  0.00705  2.68   97915     690  487973  3937155  40.21
  1994        45-49     0.00239  0.01190  2.69   97225    1157  483457  3449182  35.48
  1994        50-54     0.00422  0.02090  2.65   96068    2008  475621  2965725  30.87
  1994        55-59     0.00626  0.03082  2.59   94061    2899  463303  2490104  26.47
  1994        60-64     0.01076  0.05245  2.65   91162    4782  444585  2026801  22.23
  1994        65-69     0.01750  0.08408  2.68   86380    7263  415052  1582216  18.32
  1994        70-74     0.02897  0.13549  2.62   79117   10720  370049  1167164  14.75
  1994        75-79     0.04362  0.19747  2.60   68398   13506  309638   797115  11.65
  1994        80-84     0.07520  0.31707  2.53   54892   17405  231433   487477   8.88
  1994        85-89     0.11224  0.43566  2.43   37487   16331  145502   256044   6.83
  1994        90-94     0.16132  0.56305  2.32   21156   11912   73836   110542   5.23
  1994        95-99     0.22787  0.69312  2.17    9244    6407   28118    36706   3.97
  1994       100-104    0.31360  0.80706  1.99    2837    2289    7301     8588   3.03
  1994       105-109    0.41691  0.89070  1.79     547     488    1169     1288   2.35
  1994       110+       0.50627  1.00000  1.98      60      60     118      118   1.98
  1995           0      0.00431  0.00429  0.14  100000     429   99631  7914441  79.14
  1995         1-4      0.00027  0.00108  1.63   99571     108  398027  7814810  78.49
  1995         5-9      0.00012  0.00062  2.48   99463      62  497158  7416783  74.57
  1995        10-14     0.00012  0.00062  2.32   99401      61  496841  6919625  69.61
  1995        15-19     0.00030  0.00150  2.81   99340     149  496374  6422784  64.65
  1995        20-24     0.00049  0.00246  2.55   99191     244  495356  5926410  59.75
  1995        25-29     0.00050  0.00252  2.57   98947     249  494128  5431054  54.89
  1995        30-34     0.00061  0.00304  2.40   98698     300  492708  4936926  50.02
  1995        35-39     0.00093  0.00462  2.63   98397     454  490908  4444218  45.17
  1995        40-44     0.00152  0.00755  2.60   97943     739  487940  3953310  40.36
  1995        45-49     0.00225  0.01119  2.70   97203    1088  483510  3465370  35.65
  1995        50-54     0.00433  0.02144  2.67   96115    2061  475770  2981860  31.02
  1995        55-59     0.00619  0.03050  2.64   94055    2869  463509  2506090  26.65
  1995        60-64     0.01020  0.04986  2.74   91186    4546  445640  2042581  22.40
  1995        65-69     0.01682  0.08091  2.67   86639    7010  416856  1596941  18.43
  1995        70-74     0.02723  0.12794  2.64   79629   10188  374093  1180085  14.82
  1995        75-79     0.04503  0.20337  2.62   69442   14123  313651   805991  11.61
  1995        80-84     0.08567  0.34797  2.30   55319   19249  224694   492340   8.90
  1995        85-89     0.10234  0.40666  2.48   36070   14668  143327   267646   7.42
  1995        90-94     0.14658  0.52578  2.31   21402   11253   76766   124319   5.81
  1995        95-99     0.19093  0.62378  2.22   10149    6331   33157    47553   4.69
  1995       100-104    0.24734  0.72080  2.11    3818    2752   11127    14396   3.77
  1995       105-109    0.31637  0.80705  1.97    1066     860    2719     3268   3.07
  1995       110+       0.37468  1.00000  2.67     206     206     549      549   2.67
  1996           0      0.00382  0.00381  0.14  100000     381   99673  7943394  79.43
  1996         1-4      0.00023  0.00091  1.52   99619      90  398252  7843722  78.74
  1996         5-9      0.00012  0.00061  2.20   99529      61  497474  7445470  74.81
  1996        10-14     0.00015  0.00076  2.85   99468      76  497177  6947996  69.85
  1996        15-19     0.00034  0.00172  2.76   99392     171  496578  6450818  64.90
  1996        20-24     0.00051  0.00253  2.46   99222     251  495470  5954240  60.01
  1996        25-29     0.00053  0.00264  2.38   98971     262  494168  5458770  55.16
  1996        30-34     0.00059  0.00295  2.72   98709     291  492881  4964601  50.30
  1996        35-39     0.00085  0.00426  2.65   98418     419  491102  4471720  45.44
  1996        40-44     0.00144  0.00719  2.57   97998     704  488281  3980618  40.62
  1996        45-49     0.00208  0.01033  2.62   97294    1005  484084  3492337  35.89
  1996        50-54     0.00350  0.01735  2.78   96289    1670  477741  3008252  31.24
  1996        55-59     0.00596  0.02942  2.71   94619    2784  466709  2530511  26.74
  1996        60-64     0.00958  0.04689  2.74   91836    4306  449461  2063802  22.47
  1996        65-69     0.01650  0.07946  2.68   87530    6955  421490  1614341  18.44
  1996        70-74     0.02608  0.12284  2.65   80574    9897  379571  1192851  14.80
  1996        75-79     0.04229  0.19202  2.61   70677   13571  320886   813281  11.51
  1996        80-84     0.08077  0.33501  2.46   57106   19131  236858   492395   8.62
  1996        85-89     0.11501  0.44272  2.40   37975   16812  146183   255537   6.73
  1996        90-94     0.16408  0.56896  2.31   21163   12041   73383   109353   5.17
  1996        95-99     0.22978  0.69618  2.17    9122    6350   27637    35970   3.94
  1996       100-104    0.31599  0.80962  1.99    2771    2244    7101     8333   3.01
  1996       105-109    0.42007  0.89260  1.78     528     471    1121     1232   2.34
  1996       110+       0.50964  1.00000  1.96      57      57     111      111   1.96
  1997           0      0.00362  0.00361  0.14  100000     361   99690  7998428  79.98
  1997         1-4      0.00027  0.00108  1.53   99639     108  398290  7898738  79.27
  1997         5-9      0.00011  0.00054  2.55   99531      54  497526  7500448  75.36
  1997        10-14     0.00014  0.00068  2.49   99478      68  497219  7002922  70.40
  1997        15-19     0.00028  0.00138  3.00   99410     137  496776  6505703  65.44
  1997        20-24     0.00052  0.00260  2.51   99273     258  495724  6008926  60.53
  1997        25-29     0.00054  0.00270  2.56   99015     268  494422  5513202  55.68
  1997        30-34     0.00053  0.00267  2.63   98747     264  493113  5018780  50.82
  1997        35-39     0.00081  0.00404  2.72   98484     398  491513  4525667  45.95
  1997        40-44     0.00137  0.00683  2.57   98085     670  488802  4034154  41.13
  1997        45-49     0.00198  0.00983  2.64   97416     958  484816  3545352  36.39
  1997        50-54     0.00359  0.01782  2.83   96458    1719  478557  3060536  31.73
  1997        55-59     0.00564  0.02783  2.62   94739    2636  467434  2581979  27.25
  1997        60-64     0.00919  0.04500  2.64   92103    4145  450753  2114545  22.96
  1997        65-69     0.01512  0.07304  2.69   87958    6424  424967  1663792  18.92
  1997        70-74     0.02516  0.11886  2.68   81534    9691  385151  1238825  15.19
  1997        75-79     0.03965  0.18122  2.63   71843   13019  328367   853674  11.88
  1997        80-84     0.07103  0.30236  2.54   58823   17786  250411   525307   8.93
  1997        85-89     0.11248  0.43761  2.46   41038   17959  159656   274896   6.70
  1997        90-94     0.16895  0.58118  2.32   23079   13413   79394   115240   4.99
  1997        95-99     0.24517  0.72206  2.15    9666    6979   28467    35846   3.71
  1997       100-104    0.34849  0.84239  1.93    2687    2263    6494     7379   2.75
  1997       105-109    0.47170  0.92064  1.69     423     390     826      885   2.09
  1997       110+       0.57727  1.00000  1.73      34      34      58       58   1.73
  1998           0      0.00302  0.00301  0.14  100000     301   99742  8011532  80.12
  1998         1-4      0.00025  0.00100  1.63   99699     100  398557  7911790  79.36
  1998         5-9      0.00009  0.00044  2.25   99598      44  497871  7513233  75.44
  1998        10-14     0.00012  0.00062  2.32   99555      62  497608  7015362  70.47
  1998        15-19     0.00025  0.00123  2.60   99493     122  497171  6517754  65.51
  1998        20-24     0.00043  0.00214  2.60   99371     213  496343  6020583  60.59
  1998        25-29     0.00042  0.00212  2.44   99158     210  495252  5524240  55.71
  1998        30-34     0.00054  0.00269  2.64   98948     266  494113  5028988  50.82
  1998        35-39     0.00079  0.00394  2.73   98682     389  492529  4534875  45.95
  1998        40-44     0.00140  0.00696  2.67   98293     684  489873  4042347  41.13
  1998        45-49     0.00220  0.01094  2.71   97609    1068  485603  3552473  36.39
  1998        50-54     0.00355  0.01762  2.76   96541    1701  478886  3066871  31.77
  1998        55-59     0.00568  0.02803  2.72   94840    2658  468149  2587985  27.29
  1998        60-64     0.00936  0.04579  2.68   92181    4221  451129  2119835  23.00
  1998        65-69     0.01485  0.07178  2.67   87960    6314  425104  1668707  18.97
  1998        70-74     0.02533  0.11958  2.67   81646    9763  385497  1243603  15.23
  1998        75-79     0.04000  0.18266  2.63   71883   13130  328231   858106  11.94
  1998        80-84     0.07088  0.30208  2.56   58753   17748  250401   529874   9.02
  1998        85-89     0.11012  0.42945  2.44   41004   17609  159917   279473   6.82
  1998        90-94     0.16437  0.57023  2.32   23395   13341   81162   119556   5.11
  1998        95-99     0.23736  0.70943  2.17   10054    7133   30050    38394   3.82
  1998       100-104    0.33388  0.82850  1.96    2921    2420    7249     8344   2.86
  1998       105-109    0.45017  0.91006  1.73     501     456    1013     1095   2.18
  1998       110+       0.55081  1.00000  1.82      45      45      82       82   1.82
  1999           0      0.00304  0.00303  0.14  100000     303   99740  8042700  80.43
  1999         1-4      0.00025  0.00101  1.43   99697     100  398529  7942960  79.67
  1999         5-9      0.00012  0.00057  2.40   99596      57  497833  7544431  75.75
  1999        10-14     0.00011  0.00057  2.20   99539      57  497538  7046597  70.79
  1999        15-19     0.00021  0.00103  2.55   99483     102  497163  6549059  65.83
  1999        20-24     0.00040  0.00200  2.59   99380     199  496423  6051896  60.90
  1999        25-29     0.00043  0.00216  2.39   99182     214  495350  5555474  56.01
  1999        30-34     0.00054  0.00269  2.56   98968     267  494189  5060123  51.13
  1999        35-39     0.00079  0.00392  2.65   98701     387  492596  4565935  46.26
  1999        40-44     0.00118  0.00586  2.68   98314     576  490234  4073339  41.43
  1999        45-49     0.00217  0.01081  2.59   97738    1056  486147  3583105  36.66
  1999        50-54     0.00303  0.01505  2.61   96681    1455  479932  3096959  32.03
  1999        55-59     0.00568  0.02800  2.59   95226    2666  469695  2617026  27.48
  1999        60-64     0.00880  0.04314  2.66   92560    3993  453463  2147331  23.20
  1999        65-69     0.01432  0.06932  2.69   88567    6139  428641  1693868  19.13
  1999        70-74     0.02470  0.11677  2.67   82428    9625  389680  1265226  15.35
  1999        75-79     0.04051  0.18478  2.62   72803   13453  332048   875546  12.03
  1999        80-84     0.06979  0.29797  2.55   59350   17684  253403   543498   9.16
  1999        85-89     0.10669  0.42026  2.48   41666   17510  164126   290096   6.96
  1999        90-94     0.15909  0.55928  2.35   24155   13510   84916   125970   5.21
  1999        95-99     0.23428  0.70476  2.17   10646    7503   32025    41054   3.86
  1999       100-104    0.33158  0.82651  1.97    3143    2598    7835     9029   2.87
  1999       105-109    0.44908  0.90964  1.73     545     496    1105     1194   2.19
  1999       110+       0.55078  1.00000  1.82      49      49      89       89   1.82
  2000           0      0.00335  0.00334  0.14  100000     334   99714  8066270  80.66
  2000         1-4      0.00021  0.00083  1.67   99666      82  398473  7966556  79.93
  2000         5-9      0.00010  0.00050  2.62   99584      50  497801  7568083  76.00
  2000        10-14     0.00012  0.00062  2.97   99534      61  497546  7070282  71.03
  2000        15-19     0.00018  0.00088  2.90   99473      88  497180  6572736  66.08
  2000        20-24     0.00033  0.00167  2.52   99385     166  496513  6075556  61.13
  2000        25-29     0.00049  0.00244  2.63   99219     242  495520  5579044  56.23
  2000        30-34     0.00050  0.00252  2.51   98976     249  494262  5083524  51.36
  2000        35-39     0.00074  0.00371  2.65   98727     366  492772  4589262  46.48
  2000        40-44     0.00124  0.00618  2.78   98361     608  490454  4096490  41.65
  2000        45-49     0.00200  0.00994  2.62   97752     971  486449  3606036  36.89
  2000        50-54     0.00316  0.01568  2.61   96781    1517  480277  3119587  32.23
  2000        55-59     0.00546  0.02697  2.69   95264    2569  470374  2639310  27.71
  2000        60-64     0.00835  0.04095  2.68   92695    3796  454673  2168936  23.40
  2000        65-69     0.01426  0.06901  2.67   88899    6135  430197  1714264  19.28
  2000        70-74     0.02362  0.11184  2.63   82763    9257  391833  1284067  15.51
  2000        75-79     0.03924  0.17948  2.63   73507   13193  336234   892234  12.14
  2000        80-84     0.06789  0.29076  2.53   60314   17537  258326   555999   9.22
  2000        85-89     0.10793  0.42461  2.49   42777   18164  168294   297674   6.96
  2000        90-94     0.15847  0.55628  2.32   24613   13692   86403   129379   5.26
  2000        95-99     0.22856  0.69548  2.19   10921    7596   33232    42977   3.94
  2000       100-104    0.32419  0.81930  1.98    3326    2725    8405     9745   2.93
  2000       105-109    0.44058  0.90525  1.75     601     544    1235     1340   2.23
  2000       110+       0.54167  1.00000  1.85      57      57     105      105   1.85
  2001           0      0.00267  0.00267  0.14  100000     267   99772  8124298  81.24
  2001         1-4      0.00024  0.00094  1.60   99733      94  398707  8024527  80.46
  2001         5-9      0.00010  0.00051  2.19   99639      51  498054  7625819  76.53
  2001        10-14     0.00012  0.00058  2.56   99589      58  497803  7127765  71.57
  2001        15-19     0.00021  0.00104  2.82   99531     104  497429  6629962  66.61
  2001        20-24     0.00035  0.00177  2.64   99427     176  496721  6132533  61.68
  2001        25-29     0.00057  0.00286  2.53   99251     284  495556  5635812  56.78
  2001        30-34     0.00052  0.00258  2.49   98968     256  494195  5140256  51.94
  2001        35-39     0.00074  0.00369  2.57   98712     364  492677  4646061  47.07
  2001        40-44     0.00123  0.00611  2.71   98348     601  490365  4153383  42.23
  2001        45-49     0.00203  0.01010  2.70   97747     987  486467  3663018  37.47
  2001        50-54     0.00298  0.01480  2.64   96760    1432  480415  3176551  32.83
  2001        55-59     0.00505  0.02497  2.78   95328    2380  471352  2696136  28.28
  2001        60-64     0.00772  0.03793  2.65   92948    3525  456442  2224784  23.94
  2001        65-69     0.01369  0.06638  2.72   89423    5936  433583  1768342  19.78
  2001        70-74     0.02282  0.10841  2.70   83487    9050  396588  1334759  15.99
  2001        75-79     0.03659  0.16845  2.65   74437   12539  342660   938170  12.60
  2001        80-84     0.06267  0.27160  2.55   61898   16811  268262   595510   9.62
  2001        85-89     0.09994  0.39820  2.45   45087   17953  179642   327248   7.26
  2001        90-94     0.14912  0.53544  2.37   27133   14528   97426   147606   5.44
  2001        95-99     0.22453  0.68937  2.20   12605    8690   38702    50179   3.98
  2001       100-104    0.32355  0.81928  1.99    3916    3208    9915    11477   2.93
  2001       105-109    0.44489  0.90799  1.74     708     643    1444     1562   2.21
  2001       110+       0.55072  1.00000  1.82      65      65     118      118   1.82
  2002           0      0.00276  0.00276  0.14  100000     276   99764  8136576  81.37
  2002         1-4      0.00020  0.00082  1.62   99724      81  398703  8036812  80.59
  2002         5-9      0.00010  0.00051  2.28   99643      50  498077  7638109  76.65
  2002        10-14     0.00014  0.00070  2.48   99592      70  497786  7140033  71.69
  2002        15-19     0.00021  0.00103  2.94   99523     102  497403  6642246  66.74
  2002        20-24     0.00045  0.00225  2.69   99420     224  496584  6144843  61.81
  2002        25-29     0.00050  0.00251  2.62   99197     249  495389  5648259  56.94
  2002        30-34     0.00054  0.00270  2.43   98947     267  494051  5152870  52.08
  2002        35-39     0.00075  0.00377  2.61   98680     372  492512  4658819  47.21
  2002        40-44     0.00117  0.00584  2.72   98308     574  490235  4166307  42.38
  2002        45-49     0.00194  0.00967  2.70   97734     945  486498  3676072  37.61
  2002        50-54     0.00292  0.01449  2.64   96790    1402  480643  3189573  32.95
  2002        55-59     0.00490  0.02423  2.82   95387    2312  471888  2708931  28.40
  2002        60-64     0.00802  0.03935  2.62   93076    3663  456680  2237043  24.03
  2002        65-69     0.01301  0.06315  2.70   89413    5646  434098  1780364  19.91
  2002        70-74     0.02242  0.10646  2.65   83767    8918  397840  1346266  16.07
  2002        75-79     0.03595  0.16567  2.63   74849   12400  344888   948426  12.67
  2002        80-84     0.06251  0.27121  2.56   62449   16937  270948   603538   9.66
  2002        85-89     0.09832  0.39536  2.52   45512   17994  183008   332590   7.31
  2002        90-94     0.15170  0.54030  2.34   27518   14868   98012   149582   5.44
  2002        95-99     0.21847  0.67871  2.21   12650    8586   39300    51570   4.08
  2002       100-104    0.31310  0.80818  2.01    4064    3285   10491    12270   3.02
  2002       105-109    0.42975  0.89957  1.77     780     701    1632     1779   2.28
  2002       110+       0.53187  1.00000  1.88      78      78     147      147   1.88
  2003           0      0.00278  0.00277  0.14  100000     277   99763  8104102  81.04
  2003         1-4      0.00023  0.00091  1.52   99723      91  398665  8004340  80.27
  2003         5-9      0.00008  0.00041  2.87   99632      41  498072  7605675  76.34
  2003        10-14     0.00010  0.00051  2.54   99591      51  497829  7107603  71.37
  2003        15-19     0.00020  0.00100  2.89   99540     100  497490  6609774  66.40
  2003        20-24     0.00039  0.00194  2.62   99440     193  496744  6112284  61.47
  2003        25-29     0.00053  0.00265  2.56   99248     263  495596  5615541  56.58
  2003        30-34     0.00055  0.00273  2.68   98985     270  494296  5119944  51.72
  2003        35-39     0.00077  0.00382  2.68   98714     377  492697  4625648  46.86
  2003        40-44     0.00117  0.00585  2.72   98337     575  490375  4132951  42.03
  2003        45-49     0.00206  0.01024  2.66   97762    1001  486470  3642576  37.26
  2003        50-54     0.00309  0.01536  2.73   96762    1486  480434  3156106  32.62
  2003        55-59     0.00499  0.02465  2.75   95275    2349  471082  2675673  28.08
  2003        60-64     0.00831  0.04073  2.63   92927    3785  455678  2204590  23.72
  2003        65-69     0.01254  0.06087  2.63   89142    5426  432822  1748912  19.62
  2003        70-74     0.02209  0.10500  2.66   83715    8790  397977  1316091  15.72
  2003        75-79     0.03843  0.17594  2.60   74925   13182  343050   918113  12.25
  2003        80-84     0.06478  0.27997  2.58   61743   17286  266853   575063   9.31
  2003        85-89     0.10559  0.41716  2.48   44457   18546  175642   308211   6.93
  2003        90-94     0.16177  0.56683  2.36   25911   14687   90793   132569   5.12
  2003        95-99     0.24290  0.71961  2.17   11224    8077   33252    41776   3.72
  2003       100-104    0.35333  0.84755  1.93    3147    2667    7549     8524   2.71
  2003       105-109    0.48563  0.92729  1.67     480     445     916      974   2.03
  2003       110+       0.59891  1.00000  1.67      35      35      58       58   1.67
  2004           0      0.00354  0.00353  0.14  100000     353   99698  8145751  81.46
  2004         1-4      0.00018  0.00071  1.22   99647      71  398393  8046053  80.75
  2004         5-9      0.00009  0.00045  2.37   99577      45  497764  7647661  76.80
  2004        10-14     0.00010  0.00048  2.34   99531      47  497530  7149897  71.84
  2004        15-19     0.00018  0.00092  2.57   99484      92  497197  6652366  66.87
  2004        20-24     0.00035  0.00176  2.48   99392     175  496519  6155170  61.93
  2004        25-29     0.00050  0.00250  2.59   99217     248  495488  5658651  57.03
  2004        30-34     0.00059  0.00295  2.44   98969     292  494097  5163163  52.17
  2004        35-39     0.00072  0.00361  2.83   98677     356  492611  4669066  47.32
  2004        40-44     0.00104  0.00517  2.76   98321     508  490464  4176455  42.48
  2004        45-49     0.00179  0.00890  2.73   97813     871  487086  3685991  37.68
  2004        50-54     0.00288  0.01432  2.68   96942    1388  481486  3198905  33.00
  2004        55-59     0.00463  0.02290  2.64   95554    2188  472596  2717419  28.44
  2004        60-64     0.00785  0.03854  2.62   93365    3598  458250  2244823  24.04
  2004        65-69     0.01242  0.06034  2.68   89768    5417  436273  1786573  19.90
  2004        70-74     0.02132  0.10163  2.70   84351    8572  402029  1350301  16.01
  2004        75-79     0.03555  0.16392  2.63   75778   12422  349445   948272  12.51
  2004        80-84     0.06165  0.26870  2.61   63357   17024  276149   598826   9.45
  2004        85-89     0.10300  0.41015  2.52   46333   19003  184493   322677   6.96
  2004        90-94     0.16249  0.56838  2.36   27329   15534   95599   138184   5.06
  2004        95-99     0.25162  0.73318  2.15   11796    8649   34371    42585   3.61
  2004       100-104    0.36810  0.86001  1.90    3147    2707    7353     8214   2.61
  2004       105-109    0.50583  0.93540  1.63     441     412     815      860   1.95
  2004       110+       0.62305  1.00000  1.61      28      28      46       46   1.61
  2005           0      0.00324  0.00324  0.14  100000     324   99723  8143526  81.44
  2005         1-4      0.00017  0.00069  1.63   99676      69  398543  8043804  80.70
  2005         5-9      0.00008  0.00041  2.46   99608      40  497935  7645261  76.75
  2005        10-14     0.00008  0.00042  2.65   99567      42  497737  7147326  71.78
  2005        15-19     0.00021  0.00105  2.75   99525     104  497392  6649589  66.81
  2005        20-24     0.00031  0.00154  2.71   99421     153  496755  6152197  61.88
  2005        25-29     0.00045  0.00223  2.62   99268     221  495814  5655442  56.97
  2005        30-34     0.00053  0.00267  2.54   99047     264  494585  5159628  52.09
  2005        35-39     0.00077  0.00382  2.70   98783     378  493047  4665043  47.23
  2005        40-44     0.00110  0.00550  2.73   98405     541  490797  4171995  42.40
  2005        45-49     0.00172  0.00858  2.64   97864     839  487341  3681199  37.62
  2005        50-54     0.00281  0.01394  2.64   97024    1353  481931  3193857  32.92
  2005        55-59     0.00444  0.02199  2.67   95672    2104  473452  2711926  28.35
  2005        60-64     0.00759  0.03730  2.73   93568    3490  459925  2238474  23.92
  2005        65-69     0.01240  0.06021  2.63   90078    5424  437523  1778550  19.74
  2005        70-74     0.02149  0.10234  2.68   84655    8664  403198  1341026  15.84
  2005        75-79     0.03639  0.16737  2.61   75991   12719  349554   937828  12.34
  2005        80-84     0.06430  0.27862  2.61   63272   17629  274181   588274   9.30
  2005        85-89     0.10354  0.41072  2.48   45643   18747  181055   314092   6.88
  2005        90-94     0.16991  0.58602  2.35   26896   15762   92767   133037   4.95
  2005        95-99     0.25109  0.73234  2.16   11135    8154   32475    40270   3.62
  2005       100-104    0.36719  0.85929  1.90    2980    2561    6974     7795   2.62
  2005       105-109    0.50467  0.93494  1.63     419     392     777      821   1.96
  2005       110+       0.62144  1.00000  1.61      27      27      44       44   1.61
  2006           0      0.00287  0.00286  0.14  100000     286   99755  8222528  82.23
  2006         1-4      0.00022  0.00086  1.57   99714      86  398647  8122773  81.46
  2006         5-9      0.00010  0.00051  2.47   99628      51  498012  7724125  77.53
  2006        10-14     0.00011  0.00056  2.31   99577      56  497736  7226114  72.57
  2006        15-19     0.00016  0.00078  2.65   99522      78  497425  6728377  67.61
  2006        20-24     0.00026  0.00132  2.48   99444     131  496888  6230953  62.66
  2006        25-29     0.00043  0.00214  2.59   99313     213  496051  5734064  57.74
  2006        30-34     0.00050  0.00252  2.49   99100     250  494871  5238014  52.86
  2006        35-39     0.00071  0.00356  2.56   98850     352  493393  4743142  47.98
  2006        40-44     0.00106  0.00530  2.62   98499     522  491252  4249749  43.15
  2006        45-49     0.00160  0.00796  2.73   97977     780  488115  3758496  38.36
  2006        50-54     0.00285  0.01417  2.68   97197    1377  482789  3270382  33.65
  2006        55-59     0.00428  0.02119  2.66   95820    2031  474337  2787593  29.09
  2006        60-64     0.00727  0.03579  2.78   93789    3356  461487  2313256  24.66
  2006        65-69     0.01127  0.05493  2.70   90432    4968  440753  1851768  20.48
  2006        70-74     0.01971  0.09421  2.67   85465    8052  408525  1411015  16.51
  2006        75-79     0.03354  0.15543  2.64   77413   12032  358726  1002490  12.95
  2006        80-84     0.05764  0.25320  2.60   65380   16554  287183   643763   9.85
  2006        85-89     0.09466  0.38275  2.50   48826   18688  197431   356581   7.30
  2006        90-94     0.15339  0.54593  2.36   30138   16453  107262   159150   5.28
  2006        95-99     0.23633  0.71033  2.19   13685    9721   41131    51888   3.79
  2006       100-104    0.35196  0.84729  1.94    3964    3359    9543    10757   2.71
  2006       105-109    0.49181  0.93039  1.66     605     563    1145     1214   2.01
  2006       110+       0.61196  1.00000  1.63      42      42      69       69   1.63
  2007           0      0.00294  0.00293  0.14  100000     293   99749  8220065  82.20
  2007         1-4      0.00016  0.00064  1.41   99707      64  398664  8120316  81.44
  2007         5-9      0.00010  0.00048  2.25   99644      48  498086  7721652  77.49
  2007        10-14     0.00009  0.00045  2.53   99596      45  497867  7223566  72.53
  2007        15-19     0.00015  0.00077  2.97   99551      76  497598  6725699  67.56
  2007        20-24     0.00030  0.00148  2.69   99474     148  497031  6228101  62.61
  2007        25-29     0.00036  0.00181  2.70   99327     180  496220  5731070  57.70
  2007        30-34     0.00054  0.00272  2.68   99147     270  495108  5234850  52.80
  2007        35-39     0.00069  0.00346  2.57   98877     342  493556  4739742  47.94
  2007        40-44     0.00095  0.00474  2.61   98536     467  491562  4246186  43.09
  2007        45-49     0.00167  0.00830  2.75   98068     814  488513  3754624  38.29
  2007        50-54     0.00281  0.01397  2.61   97255    1359  483032  3266111  33.58
  2007        55-59     0.00424  0.02100  2.64   95896    2014  474725  2783079  29.02
  2007        60-64     0.00736  0.03621  2.71   93882    3399  461645  2308354  24.59
  2007        65-69     0.01128  0.05492  2.65   90483    4970  440747  1846710  20.41
  2007        70-74     0.01951  0.09323  2.63   85514    7972  408693  1405963  16.44
  2007        75-79     0.03394  0.15723  2.66   77542   12192  359168   997270  12.86
  2007        80-84     0.05784  0.25423  2.62   65350   16614  287215   638102   9.76
  2007        85-89     0.09862  0.39491  2.48   48736   19246  195148   350887   7.20
  2007        90-94     0.15176  0.54173  2.36   29490   15975  105267   155739   5.28
  2007        95-99     0.24110  0.71759  2.18   13514    9698   40222    50472   3.73
  2007       100-104    0.35630  0.85068  1.93    3817    3247    9112    10249   2.69
  2007       105-109    0.49443  0.93125  1.65     570     531    1073     1137   2.00
  2007       110+       0.61300  1.00000  1.63      39      39      64       64   1.63
  2008           0      0.00323  0.00322  0.14  100000     322   99724  8202943  82.03
  2008         1-4      0.00023  0.00093  1.50   99678      92  398481  8103219  81.29
  2008         5-9      0.00013  0.00066  2.37   99586      66  497755  7704737  77.37
  2008        10-14     0.00009  0.00045  2.73   99520      45  497496  7206982  72.42
  2008        15-19     0.00017  0.00083  2.88   99475      83  497198  6709486  67.45
  2008        20-24     0.00029  0.00143  2.55   99392     142  496611  6212288  62.50
  2008        25-29     0.00040  0.00200  2.44   99250     198  495742  5715677  57.59
  2008        30-34     0.00052  0.00262  2.58   99052     259  494629  5219935  52.70
  2008        35-39     0.00070  0.00347  2.50   98792     343  493104  4725306  47.83
  2008        40-44     0.00098  0.00490  2.63   98449     483  491102  4232201  42.99
  2008        45-49     0.00167  0.00830  2.69   97966     813  487957  3741100  38.19
  2008        50-54     0.00281  0.01395  2.64   97154    1356  482570  3253143  33.48
  2008        55-59     0.00439  0.02173  2.63   95798    2082  474048  2770573  28.92
  2008        60-64     0.00682  0.03360  2.73   93716    3149  461436  2296525  24.51
  2008        65-69     0.01156  0.05626  2.65   90567    5095  440886  1835089  20.26
  2008        70-74     0.01894  0.09071  2.67   85472    7753  409327  1394202  16.31
  2008        75-79     0.03397  0.15707  2.61   77719   12208  359382   984875  12.67
  2008        80-84     0.05711  0.25171  2.65   65511   16490  288723   625493   9.55
  2008        85-89     0.10254  0.40868  2.52   49021   20034  195379   336770   6.87
  2008        90-94     0.16852  0.58133  2.33   28987   16851   99992   141391   4.88
  2008        95-99     0.26789  0.75774  2.13   12136    9196   34328    41399   3.41
  2008       100-104    0.40230  0.88595  1.84    2940    2605    6475     7071   2.41
  2008       105-109    0.55731  0.95248  1.54     335     319     573      596   1.78
  2008       110+       0.68475  1.00000  1.46      16      16      23       23   1.46
  2009           0      0.00291  0.00290  0.14  100000     290   99752  8258848  82.59
  2009         1-4      0.00021  0.00084  1.63   99710      84  398642  8159096  81.83
  2009         5-9      0.00007  0.00037  1.98   99626      37  498019  7760454  77.90
  2009        10-14     0.00008  0.00041  2.95   99589      41  497861  7262436  72.92
  2009        15-19     0.00018  0.00090  2.96   99548      90  497556  6764575  67.95
  2009        20-24     0.00033  0.00163  2.69   99458     162  496914  6267019  63.01
  2009        25-29     0.00038  0.00188  2.74   99296     186  496057  5770105  58.11
  2009        30-34     0.00053  0.00267  2.52   99109     264  494891  5274049  53.21
  2009        35-39     0.00069  0.00345  2.63   98845     341  493415  4779158  48.35
  2009        40-44     0.00093  0.00466  2.66   98504     459  491443  4285743  43.51
  2009        45-49     0.00168  0.00836  2.71   98044     819  488346  3794301  38.70
  2009        50-54     0.00280  0.01392  2.66   97225    1353  482963  3305955  34.00
  2009        55-59     0.00426  0.02111  2.66   95872    2023  474622  2822992  29.45
  2009        60-64     0.00641  0.03155  2.59   93848    2961  462104  2348370  25.02
  2009        65-69     0.01119  0.05453  2.63   90888    4956  442697  1886266  20.75
  2009        70-74     0.01885  0.09028  2.65   85932    7758  411450  1443569  16.80
  2009        75-79     0.03225  0.15005  2.69   78174   11730  363752  1032119  13.20
  2009        80-84     0.05238  0.23310  2.64   66444   15488  295700   668368  10.06
  2009        85-89     0.09211  0.37543  2.54   50956   19131  207703   372668   7.31
  2009        90-94     0.15490  0.55077  2.38   31825   17529  113163   164964   5.18
  2009        95-99     0.24856  0.73055  2.18   14297   10445   42019    51801   3.62
  2009       100-104    0.37861  0.86974  1.89    3852    3351    8850     9782   2.54
  2009       105-109    0.53266  0.94545  1.59     502     474     891      932   1.86
  2009       110+       0.66189  1.00000  1.51      27      27      41       41   1.51
  2010           0      0.00308  0.00307  0.14  100000     307   99737  8279621  82.80
  2010         1-4      0.00025  0.00100  1.98   99693      99  398572  8179884  82.05
  2010         5-9      0.00004  0.00022  1.98   99594      22  497903  7781312  78.13
  2010        10-14     0.00011  0.00054  3.13   99572      54  497759  7283409  73.15
  2010        15-19     0.00018  0.00090  2.52   99518      90  497369  6785649  68.18
  2010        20-24     0.00027  0.00132  2.80   99429     132  496854  6288281  63.24
  2010        25-29     0.00034  0.00168  2.70   99297     166  496102  5791427  58.32
  2010        30-34     0.00045  0.00225  2.83   99131     223  495169  5295325  53.42
  2010        35-39     0.00062  0.00308  2.66   98907     305  493823  4800156  48.53
  2010        40-44     0.00102  0.00511  2.64   98602     504  491823  4306334  43.67
  2010        45-49     0.00159  0.00791  2.70   98098     776  488710  3814510  38.88
  2010        50-54     0.00265  0.01317  2.69   97323    1282  483656  3325800  34.17
  2010        55-59     0.00422  0.02088  2.71   96041    2006  475614  2842144  29.59
  2010        60-64     0.00651  0.03207  2.67   94035    3015  463158  2366531  25.17
  2010        65-69     0.01118  0.05450  2.68   91020    4961  443610  1903373  20.91
  2010        70-74     0.01795  0.08611  2.65   86059    7411  412898  1459763  16.96
  2010        75-79     0.03034  0.14180  2.70   78649   11153  367634  1046865  13.31
  2010        80-84     0.05063  0.22634  2.66   67496   15277  301720   679231  10.06
  2010        85-89     0.09323  0.37994  2.57   52219   19840  212821   377511   7.23
  2010        90-94     0.15806  0.55989  2.40   32379   18128  114694   164691   5.09
  2010        95-99     0.25816  0.74507  2.16   14250   10617   41127    49996   3.51
  2010       100-104    0.39537  0.88198  1.86    3633    3204    8104     8869   2.44
  2010       105-109    0.55509  0.95219  1.55     429     408     735      765   1.79
  2010       110+       0.68671  1.00000  1.46      21      21      30       30   1.46
  2011           0      0.00242  0.00242  0.14  100000     242   99793  8324106  83.24
  2011         1-4      0.00023  0.00091  1.61   99758      90  398816  8224313  82.44
  2011         5-9      0.00007  0.00037  2.42   99668      37  498242  7825497  78.52
  2011        10-14     0.00010  0.00049  2.68   99630      49  498039  7327255  73.54
  2011        15-19     0.00016  0.00078  2.85   99581      78  497739  6829216  68.58
  2011        20-24     0.00028  0.00139  2.64   99503     138  497191  6331477  63.63
  2011        25-29     0.00031  0.00154  2.59   99365     153  496458  5834286  58.72
  2011        30-34     0.00041  0.00205  2.69   99212     203  495592  5337828  53.80
  2011        35-39     0.00071  0.00353  2.75   99009     350  494260  4842236  48.91
  2011        40-44     0.00093  0.00464  2.63   98660     458  492214  4347976  44.07
  2011        45-49     0.00157  0.00785  2.67   98202     770  489219  3855762  39.26
  2011        50-54     0.00270  0.01340  2.69   97432    1306  484138  3366543  34.55
  2011        55-59     0.00403  0.01996  2.67   96126    1919  476156  2882405  29.99
  2011        60-64     0.00648  0.03193  2.66   94207    3008  464002  2406249  25.54
  2011        65-69     0.01061  0.05181  2.76   91200    4725  445429  1942247  21.30
  2011        70-74     0.01662  0.08005  2.70   86475    6923  416479  1496818  17.31
  2011        75-79     0.02922  0.13684  2.68   79552   10886  372559  1080339  13.58
  2011        80-84     0.04917  0.22016  2.62   68666   15117  307418   707779  10.31
  2011        85-89     0.08732  0.35908  2.53   53549   19229  220214   400361   7.48
  2011        90-94     0.15249  0.54443  2.37   34321   18685  122534   180148   5.25
  2011        95-99     0.24293  0.72248  2.20   15635   11296   46500    57614   3.68
  2011       100-104    0.37469  0.86723  1.90    4339    3763   10043    11114   2.56
  2011       105-109    0.53192  0.94545  1.59     576     545    1024     1071   1.86
  2011       110+       0.66409  1.00000  1.51      31      31      47       47   1.51
  2012           0      0.00278  0.00278  0.14  100000     278   99762  8328432  83.28
  2012         1-4      0.00016  0.00062  1.78   99722      62  398752  8228670  82.52
  2012         5-9      0.00012  0.00061  2.22   99660      61  498133  7829918  78.57
  2012        10-14     0.00010  0.00051  2.42   99599      51  497867  7331785  73.61
  2012        15-19     0.00015  0.00075  2.68   99549      74  497572  6833918  68.65
  2012        20-24     0.00030  0.00148  2.66   99474     147  497027  6336347  63.70
  2012        25-29     0.00028  0.00139  2.69   99327     138  496316  5839319  58.79
  2012        30-34     0.00042  0.00210  2.54   99189     208  495432  5343004  53.87
  2012        35-39     0.00065  0.00323  2.75   98981     320  494184  4847571  48.97
  2012        40-44     0.00107  0.00533  2.67   98661     526  492079  4353387  44.12
  2012        45-49     0.00154  0.00769  2.72   98135     755  488952  3861307  39.35
  2012        50-54     0.00245  0.01218  2.74   97380    1186  484216  3372356  34.63
  2012        55-59     0.00407  0.02016  2.63   96194    1940  476364  2888140  30.02
  2012        60-64     0.00616  0.03038  2.63   94254    2863  464482  2411775  25.59
  2012        65-69     0.01023  0.05000  2.78   91391    4570  446827  1947293  21.31
  2012        70-74     0.01676  0.08064  2.66   86821    7002  417732  1500467  17.28
  2012        75-79     0.02968  0.13873  2.65   79820   11074  373069  1082735  13.56
  2012        80-84     0.04852  0.21721  2.59   68746   14932  307762   709666  10.32
  2012        85-89     0.08611  0.35629  2.58   53814   19173  222661   401904   7.47
  2012        90-94     0.15600  0.55640  2.42   34641   19274  123554   179243   5.17
  2012        95-99     0.24775  0.73014  2.19   15366   11220   45285    55690   3.62
  2012       100-104    0.38341  0.87387  1.89    4147    3624    9451    10404   2.51
  2012       105-109    0.54342  0.94899  1.57     523     496     913      953   1.82
  2012       110+       0.67641  1.00000  1.48      27      27      39       39   1.48
  2013           0      0.00214  0.00214  0.14  100000     214   99817  8384328  83.84
  2013         1-4      0.00019  0.00075  1.59   99786      75  398965  8284511  83.02
  2013         5-9      0.00012  0.00061  2.80   99712      61  498425  7885546  79.08
  2013        10-14     0.00010  0.00049  2.44   99651      49  498130  7387121  74.13
  2013        15-19     0.00015  0.00073  3.14   99602      72  497876  6888991  69.17
  2013        20-24     0.00023  0.00117  2.30   99530     116  497336  6391115  64.21
  2013        25-29     0.00031  0.00157  2.42   99414     156  496665  5893779  59.29
  2013        30-34     0.00044  0.00222  2.67   99258     220  495774  5397114  54.37
  2013        35-39     0.00063  0.00315  2.65   99037     312  494455  4901340  49.49
  2013        40-44     0.00092  0.00457  2.60   98726     451  492545  4406885  44.64
  2013        45-49     0.00151  0.00754  2.66   98275     741  489640  3914340  39.83
  2013        50-54     0.00238  0.01184  2.64   97534    1154  484946  3424699  35.11
  2013        55-59     0.00402  0.01990  2.71   96380    1918  477499  2939753  30.50
  2013        60-64     0.00613  0.03022  2.63   94461    2855  465549  2462254  26.07
  2013        65-69     0.00945  0.04625  2.70   91606    4237  448273  1996705  21.80
  2013        70-74     0.01646  0.07923  2.63   87369    6922  420468  1548433  17.72
  2013        75-79     0.02701  0.12700  2.65   80447   10217  378234  1127965  14.02
  2013        80-84     0.04564  0.20538  2.56   70230   14424  316005   749731  10.68
  2013        85-89     0.08192  0.34183  2.58   55806   19076  232855   433726   7.77
  2013        90-94     0.14234  0.52026  2.42   36730   19109  134256   200871   5.47
  2013        95-99     0.23507  0.71039  2.22   17621   12518   53251    66615   3.78
  2013       100-104    0.36542  0.86014  1.92    5103    4389   12012    13364   2.62
  2013       105-109    0.52172  0.94219  1.61     714     672    1289     1352   1.89
  2013       110+       0.65376  1.00000  1.53      41      41      63       63   1.53
  2014           0      0.00210  0.00210  0.14  100000     210   99821  8394194  83.94
  2014         1-4      0.00020  0.00081  1.62   99790      80  398969  8294373  83.12
  2014         5-9      0.00007  0.00037  2.02   99710      37  498439  7895404  79.18
  2014        10-14     0.00010  0.00049  2.57   99673      49  498246  7396965  74.21
  2014        15-19     0.00016  0.00078  2.87   99624      78  497956  6898719  69.25
  2014        20-24     0.00020  0.00102  2.81   99547     102  497509  6400763  64.30
  2014        25-29     0.00026  0.00129  2.58   99445     128  496914  5903253  59.36
  2014        30-34     0.00040  0.00198  2.46   99317     197  496082  5406339  54.44
  2014        35-39     0.00059  0.00293  2.73   99120     290  494940  4910257  49.54
  2014        40-44     0.00093  0.00465  2.72   98829     460  493099  4415317  44.68
  2014        45-49     0.00150  0.00747  2.66   98369     735  490130  3922218  39.87
  2014        50-54     0.00234  0.01163  2.71   97635    1136  485576  3432088  35.15
  2014        55-59     0.00397  0.01969  2.68   96499    1900  478081  2946512  30.53
  2014        60-64     0.00612  0.03017  2.68   94599    2854  466370  2468431  26.09
  2014        65-69     0.00910  0.04457  2.66   91745    4089  449147  2002061  21.82
  2014        70-74     0.01631  0.07846  2.60   87656    6877  421749  1552914  17.72
  2014        75-79     0.02700  0.12709  2.70   80779   10267  380235  1131166  14.00
  2014        80-84     0.04741  0.21283  2.60   70513   15007  316563   750931  10.65
  2014        85-89     0.07944  0.33370  2.60   55505   18522  233149   434368   7.83
  2014        90-94     0.14348  0.52433  2.43   36983   19391  135148   201219   5.44
  2014        95-99     0.23676  0.71330  2.21   17592   12548   53000    66071   3.76
  2014       100-104    0.36961  0.86370  1.92    5044    4356   11786    13071   2.59
  2014       105-109    0.52894  0.94468  1.60     687     649    1228     1285   1.87
  2014       110+       0.66300  1.00000  1.51      38      38      57       57   1.51
  2015           0      0.00156  0.00156  0.15  100000     156   99867  8415396  84.15
  2015         1-4      0.00013  0.00051  1.79   99844      51  399262  8315530  83.29
  2015         5-9      0.00007  0.00036  2.64   99793      36  498879  7916267  79.33
  2015        10-14     0.00008  0.00039  2.59   99757      39  498689  7417388  74.35
  2015        15-19     0.00012  0.00062  2.99   99718      61  498464  6918699  69.38
  2015        20-24     0.00026  0.00129  2.49   99656     129  497957  6420235  64.42
  2015        25-29     0.00024  0.00120  2.67   99527     120  497359  5922278  59.50
  2015        30-34     0.00037  0.00187  2.50   99408     185  496575  5424919  54.57
  2015        35-39     0.00056  0.00278  2.85   99222     275  495520  4928344  49.67
  2015        40-44     0.00108  0.00539  2.67   98947     533  493495  4432824  44.80
  2015        45-49     0.00150  0.00747  2.73   98414     735  490400  3939329  40.03
  2015        50-54     0.00245  0.01217  2.67   97679    1189  485626  3448929  35.31
  2015        55-59     0.00391  0.01939  2.71   96491    1871  478170  2963303  30.71
  2015        60-64     0.00600  0.02957  2.62   94619    2798  466440  2485133  26.26
  2015        65-69     0.00944  0.04617  2.62   91821    4240  449004  2018693  21.99
  2015        70-74     0.01566  0.07559  2.69   87581    6620  422639  1569689  17.92
  2015        75-79     0.02652  0.12496  2.69   80961   10117  381402  1147050  14.17
  2015        80-84     0.04634  0.20877  2.63   70844   14790  319140   765648  10.81
  2015        85-89     0.07655  0.32364  2.61   56054   18141  236974   446507   7.97
  2015        90-94     0.14073  0.51701  2.43   37913   19601  139282   209533   5.53
  2015        95-99     0.23041  0.70306  2.23   18312   12874   55876    70252   3.84
  2015       100-104    0.36129  0.85717  1.93    5437    4661   12900    14376   2.64
  2015       105-109    0.52012  0.94189  1.61     777     732    1406     1475   1.90
  2015       110+       0.65495  1.00000  1.53      45      45      69       69   1.53
  2016           0      0.00206  0.00206  0.14  100000     206   99824  8430594  84.31
  2016         1-4      0.00017  0.00069  1.99   99794      69  399039  8330770  83.48
  2016         5-9      0.00007  0.00034  2.25   99726      34  498535  7931730  79.54
  2016        10-14     0.00008  0.00040  2.43   99692      40  498356  7433195  74.56
  2016        15-19     0.00019  0.00093  2.73   99652      93  498047  6934839  69.59
  2016        20-24     0.00024  0.00122  2.59   99559     122  497500  6436792  64.65
  2016        25-29     0.00031  0.00157  2.36   99437     156  496774  5939291  59.73
  2016        30-34     0.00040  0.00201  2.79   99281     200  495964  5442517  54.82
  2016        35-39     0.00056  0.00281  2.49   99082     278  494709  4946553  49.92
  2016        40-44     0.00095  0.00475  2.74   98803     469  492955  4451844  45.06
  2016        45-49     0.00145  0.00723  2.72   98334     711  490052  3958890  40.26
  2016        50-54     0.00236  0.01172  2.69   97623    1145  485477  3468838  35.53
  2016        55-59     0.00393  0.01946  2.71   96479    1878  478090  2983360  30.92
  2016        60-64     0.00619  0.03054  2.71   94601    2889  466381  2505270  26.48
  2016        65-69     0.00945  0.04623  2.69   91712    4240  448770  2038889  22.23
  2016        70-74     0.01568  0.07572  2.76   87472    6624  422554  1590119  18.18
  2016        75-79     0.02574  0.12150  2.70   80849    9823  381619  1167565  14.44
  2016        80-84     0.04525  0.20431  2.62   71026   14511  320661   785947  11.07
  2016        85-89     0.07242  0.30760  2.55   56515   17384  240039   465285   8.23
  2016        90-94     0.13198  0.49570  2.49   39131   19397  146972   225247   5.76
  2016        95-99     0.22086  0.68690  2.25   19734   13555   61375    78275   3.97
  2016       100-104    0.34755  0.84553  1.96    6179    5224   15032    16900   2.74
  2016       105-109    0.50389  0.93626  1.64     954     894    1773     1869   1.96
  2016       110+       0.63846  1.00000  1.57      61      61      95       95   1.57
  2017           0      0.00188  0.00188  0.15  100000     188   99840  8471685  84.72
  2017         1-4      0.00012  0.00047  1.97   99812      47  399155  8371845  83.88
  2017         5-9      0.00008  0.00039  2.33   99766      39  498724  7972690  79.91
  2017        10-14     0.00009  0.00047  2.88   99727      47  498533  7473966  74.94
  2017        15-19     0.00020  0.00098  2.58   99679      98  498159  6975433  69.98
  2017        20-24     0.00027  0.00134  2.54   99581     133  497580  6477273  65.05
  2017        25-29     0.00032  0.00160  2.55   99448     160  496851  5979694  60.13
  2017        30-34     0.00035  0.00174  2.70   99289     173  496046  5482843  55.22
  2017        35-39     0.00060  0.00301  2.64   99116     298  494875  4986796  50.31
  2017        40-44     0.00093  0.00464  2.76   98817     458  493058  4491921  45.46
  2017        45-49     0.00154  0.00769  2.79   98359     756  490120  3998863  40.66
  2017        50-54     0.00244  0.01213  2.68   97603    1184  485268  3508743  35.95
  2017        55-59     0.00367  0.01822  2.73   96419    1757  478114  3023475  31.36
  2017        60-64     0.00583  0.02875  2.65   94663    2721  466910  2545361  26.89
  2017        65-69     0.00906  0.04435  2.64   91941    4077  450074  2078451  22.61
  2017        70-74     0.01496  0.07237  2.76   87864    6359  425054  1628377  18.53
  2017        75-79     0.02499  0.11809  2.67   81506    9625  385126  1203323  14.76
  2017        80-84     0.04348  0.19717  2.64   71881   14173  325978   818197  11.38
  2017        85-89     0.07045  0.30016  2.54   57708   17322  245878   492220   8.53
  2017        90-94     0.12183  0.46607  2.48   40386   18823  154499   246342   6.10
  2017        95-99     0.20219  0.65248  2.28   21564   14070   69588    91843   4.26
  2017       100-104    0.31642  0.81513  2.03    7494    6108   19305    22255   2.97
  2017       105-109    0.46136  0.91830  1.72    1385    1272    2758     2950   2.13
  2017       110+       0.58935  1.00000  1.70     113     113     192      192   1.70
  2018           0      0.00165  0.00164  0.15  100000     164   99860  8504947  85.05
  2018         1-4      0.00012  0.00048  1.93   99836      48  399244  8405087  84.19
  2018         5-9      0.00008  0.00038  2.10   99788      38  498829  8005843  80.23
  2018        10-14     0.00010  0.00048  2.82   99750      48  498644  7507014  75.26
  2018        15-19     0.00017  0.00086  3.16   99702      86  498350  7008370  70.29
  2018        20-24     0.00026  0.00130  2.47   99616     129  497752  6510020  65.35
  2018        25-29     0.00030  0.00149  2.42   99487     149  497049  6012268  60.43
  2018        30-34     0.00037  0.00186  2.71   99338     184  496266  5515219  55.52
  2018        35-39     0.00049  0.00243  2.77   99154     241  495230  5018952  50.62
  2018        40-44     0.00099  0.00494  2.66   98913     489  493420  4523722  45.73
  2018        45-49     0.00139  0.00691  2.62   98424     680  490497  4030302  40.95
  2018        50-54     0.00236  0.01174  2.68   97744    1148  486050  3539805  36.22
  2018        55-59     0.00358  0.01774  2.65   96596    1714  478949  3053755  31.61
  2018        60-64     0.00566  0.02792  2.63   94882    2649  468134  2574806  27.14
  2018        65-69     0.00870  0.04263  2.65   92233    3932  451909  2106673  22.84
  2018        70-74     0.01449  0.07017  2.74   88302    6196  427478  1654764  18.74
  2018        75-79     0.02456  0.11597  2.60   82106    9522  387708  1227286  14.95
  2018        80-84     0.04303  0.19527  2.64   72584   14173  329422   839578  11.57
  2018        85-89     0.06856  0.29268  2.50   58411   17096  249346   510156   8.73
  2018        90-94     0.11657  0.45114  2.50   41315   18639  159900   260810   6.31
  2018        95-99     0.19149  0.63123  2.30   22676   14314   74752   100910   4.45
  2018       100-104    0.29804  0.79461  2.06    8362    6645   22294    26158   3.13
  2018       105-109    0.43522  0.90487  1.77    1718    1554    3571     3864   2.25
  2018       110+       0.55776  1.00000  1.79     163     163     293      293   1.79
  2019           0      0.00161  0.00161  0.15  100000     161   99863  8511618  85.12
  2019         1-4      0.00013  0.00052  1.49   99839      52  399226  8411755  84.25
  2019         5-9      0.00005  0.00023  3.40   99787      23  498900  8012529  80.30
  2019        10-14     0.00010  0.00050  2.70   99765      50  498709  7513628  75.31
  2019        15-19     0.00022  0.00108  2.64   99715     108  498321  7014920  70.35
  2019        20-24     0.00021  0.00103  2.61   99607     103  497790  6516599  65.42
  2019        25-29     0.00030  0.00150  2.72   99504     150  497179  6018809  60.49
  2019        30-34     0.00041  0.00205  2.58   99354     204  496280  5521629  55.58
  2019        35-39     0.00053  0.00264  2.73   99151     262  495160  5025350  50.68
  2019        40-44     0.00094  0.00470  2.64   98889     465  493347  4530190  45.81
  2019        45-49     0.00147  0.00733  2.75   98424     721  490497  4036842  41.01
  2019        50-54     0.00243  0.01208  2.77   97703    1180  485879  3546345  36.30
  2019        55-59     0.00355  0.01758  2.62   96523    1697  478573  3060466  31.71
  2019        60-64     0.00574  0.02834  2.68   94826    2688  467890  2581894  27.23
  2019        65-69     0.00878  0.04300  2.62   92138    3962  451268  2114004  22.94
  2019        70-74     0.01423  0.06886  2.64   88177    6072  426548  1662736  18.86
  2019        75-79     0.02477  0.11693  2.61   82105    9601  387594  1236188  15.06
  2019        80-84     0.04161  0.18940  2.63   72504   13732  330034   848594  11.70
  2019        85-89     0.06897  0.29426  2.51   58772   17295  250747   518559   8.82
  2019        90-94     0.11243  0.44100  2.56   41478   18292  162686   267812   6.46
  2019        95-99     0.18705  0.62214  2.31   23186   14425   77119   105126   4.53
  2019       100-104    0.29065  0.78578  2.08    8761    6884   23686    28007   3.20
  2019       105-109    0.42466  0.89886  1.79    1877    1687    3972     4321   2.30
  2019       110+       0.54484  1.00000  1.84     190     190     348      348   1.84
  2020           0      0.00178  0.00178  0.15  100000     178   99848  8516713  85.17
  2020         1-4      0.00015  0.00061  1.98   99822      61  399165  8416865  84.32
  2020         5-9      0.00006  0.00029  2.65   99761      29  498737  8017700  80.37
  2020        10-14     0.00011  0.00053  2.53   99732      52  498531  7518963  75.39
  2020        15-19     0.00017  0.00085  2.64   99680      85  498199  7020433  70.43
  2020        20-24     0.00025  0.00124  2.30   99595     124  497641  6522234  65.49
  2020        25-29     0.00031  0.00155  2.68   99471     154  496999  6024593  60.57
  2020        30-34     0.00032  0.00161  2.67   99317     160  496214  5527594  55.66
  2020        35-39     0.00053  0.00265  2.63   99157     263  495162  5031380  50.74
  2020        40-44     0.00083  0.00415  2.74   98894     410  493543  4536218  45.87
  2020        45-49     0.00139  0.00694  2.69   98484     684  490840  4042674  41.05
  2020        50-54     0.00237  0.01178  2.64   97800    1152  486281  3551834  36.32
  2020        55-59     0.00375  0.01859  2.61   96648    1796  478947  3065553  31.72
  2020        60-64     0.00540  0.02665  2.67   94852    2527  468364  2586606  27.27
  2020        65-69     0.00880  0.04312  2.73   92324    3981  452582  2118242  22.94
  2020        70-74     0.01391  0.06734  2.66   88343    5949  427789  1665660  18.85
  2020        75-79     0.02578  0.12158  2.67   82394   10018  388617  1237871  15.02
  2020        80-84     0.04211  0.19137  2.62   72376   13851  328911   849254  11.73
  2020        85-89     0.07124  0.30271  2.52   58525   17717  248704   520343   8.89
  2020        90-94     0.10755  0.42412  2.51   40809   17308  160935   271639   6.66
  2020        95-99     0.17943  0.60543  2.31   23501   14228   79298   110704   4.71
  2020       100-104    0.27246  0.76184  2.11    9273    7064   25929    31406   3.39
  2020       105-109    0.39259  0.87772  1.85    2208    1938    4937     5477   2.48
  2020       110+       0.50044  1.00000  2.00     270     270     540      540   2.00
