Israel, Total Population, Life tables (period 5x1), Total	Last modified: 31 Oct 2018;  Methods Protocol: v6 (2017)

  Year          Age         mx       qx    ax      lx      dx      Lx       Tx     ex
  1983           0      0.01406  0.01389  0.12  100000    1389   98779  7482057  74.82
  1983         1-4      0.00063  0.00252  1.55   98611     249  393836  7383278  74.87
  1983         5-9      0.00024  0.00122  2.33   98362     120  491490  6989442  71.06
  1983        10-14     0.00026  0.00130  2.92   98242     127  490945  6497951  66.14
  1983        15-19     0.00053  0.00265  2.90   98115     260  490029  6007006  61.22
  1983        20-24     0.00070  0.00351  2.28   97855     343  488344  5516977  56.38
  1983        25-29     0.00068  0.00340  2.41   97512     331  486700  5028633  51.57
  1983        30-34     0.00083  0.00413  2.54   97181     402  484915  4541933  46.74
  1983        35-39     0.00111  0.00555  2.61   96779     537  482613  4057018  41.92
  1983        40-44     0.00171  0.00854  2.77   96242     821  479379  3574405  37.14
  1983        45-49     0.00287  0.01426  2.71   95420    1360  473991  3095026  32.44
  1983        50-54     0.00524  0.02590  2.73   94060    2437  464772  2621035  27.87
  1983        55-59     0.00876  0.04290  2.64   91623    3931  448845  2156262  23.53
  1983        60-64     0.01406  0.06806  2.68   87692    5968  424601  1707417  19.47
  1983        65-69     0.02355  0.11148  2.61   81724    9110  386892  1282816  15.70
  1983        70-74     0.03906  0.17886  2.65   72614   12988  332517   895924  12.34
  1983        75-79     0.06700  0.28779  2.55   59626   17160  256120   563408   9.45
  1983        80-84     0.09829  0.39392  2.48   42466   16728  170195   307288   7.24
  1983        85-89     0.15367  0.54536  2.34   25738   14036   91340   137093   5.33
  1983        90-94     0.23057  0.69762  2.17   11701    8163   35404    45752   3.91
  1983        95-99     0.32499  0.81997  1.98    3538    2901    8927    10348   2.92
  1983       100-104    0.43890  0.90387  1.75     637     576    1312     1421   2.23
  1983       105-109    0.55874  0.95052  1.53      61      58     104      109   1.78
  1983       110+       0.65376  1.00000  1.53       3       3       5        5   1.53
  1984           0      0.01281  0.01267  0.12  100000    1267   98889  7511502  75.12
  1984         1-4      0.00074  0.00294  1.61   98733     290  394241  7412613  75.08
  1984         5-9      0.00028  0.00138  2.32   98443     136  491850  7018372  71.29
  1984        10-14     0.00025  0.00127  2.68   98307     125  491246  6526522  66.39
  1984        15-19     0.00054  0.00269  3.05   98182     264  490396  6035276  61.47
  1984        20-24     0.00071  0.00354  2.60   97918     347  488756  5544880  56.63
  1984        25-29     0.00062  0.00311  2.67   97571     303  487148  5056124  51.82
  1984        30-34     0.00076  0.00378  2.67   97268     368  485482  4568976  46.97
  1984        35-39     0.00102  0.00507  2.59   96900     491  483315  4083494  42.14
  1984        40-44     0.00163  0.00812  2.71   96408     783  480252  3600179  37.34
  1984        45-49     0.00314  0.01560  2.86   95626    1491  474938  3119927  32.63
  1984        50-54     0.00518  0.02562  2.77   94134    2412  465299  2644989  28.10
  1984        55-59     0.00864  0.04235  2.64   91723    3884  449454  2179691  23.76
  1984        60-64     0.01393  0.06743  2.64   87838    5923  425203  1730237  19.70
  1984        65-69     0.02235  0.10610  2.61   81916    8691  388816  1305034  15.93
  1984        70-74     0.03813  0.17492  2.64   73224   12809  335925   916218  12.51
  1984        75-79     0.06519  0.28128  2.56   60416   16993  260656   580293   9.61
  1984        80-84     0.09707  0.39360  2.60   43422   17091  176060   319636   7.36
  1984        85-89     0.14869  0.53740  2.42   26331   14150   95164   143576   5.45
  1984        90-94     0.22572  0.69120  2.20   12181    8419   37300    48412   3.97
  1984        95-99     0.32113  0.81632  1.99    3761    3070    9561    11112   2.95
  1984       100-104    0.43598  0.90240  1.75     691     623    1430     1550   2.24
  1984       105-109    0.55656  0.94992  1.53      67      64     115      120   1.78
  1984       110+       0.65160  1.00000  1.53       3       3       5        5   1.53
  1985           0      0.01204  0.01192  0.12  100000    1192   98957  7544843  75.45
  1985         1-4      0.00055  0.00221  1.45   98808     219  394675  7445886  75.36
  1985         5-9      0.00026  0.00130  2.30   98589     128  492601  7051212  71.52
  1985        10-14     0.00022  0.00110  2.49   98461     109  492034  6558611  66.61
  1985        15-19     0.00054  0.00271  3.20   98353     267  491282  6066577  61.68
  1985        20-24     0.00067  0.00335  2.36   98086     328  489562  5575295  56.84
  1985        25-29     0.00064  0.00320  2.61   97757     313  488037  5085733  52.02
  1985        30-34     0.00073  0.00366  2.70   97444     357  486404  4597696  47.18
  1985        35-39     0.00099  0.00493  2.74   97088     479  484358  4111292  42.35
  1985        40-44     0.00171  0.00850  2.65   96609     821  481111  3626933  37.54
  1985        45-49     0.00275  0.01367  2.74   95787    1310  475982  3145823  32.84
  1985        50-54     0.00479  0.02367  2.74   94478    2237  467334  2669841  28.26
  1985        55-59     0.00875  0.04288  2.68   92241    3956  452047  2202507  23.88
  1985        60-64     0.01354  0.06555  2.60   88285    5787  427556  1750461  19.83
  1985        65-69     0.02261  0.10720  2.59   82498    8844  391216  1322904  16.04
  1985        70-74     0.03617  0.16645  2.61   73654   12260  338933   931688  12.65
  1985        75-79     0.06485  0.27993  2.56   61395   17186  265024   592755   9.65
  1985        80-84     0.09070  0.36881  2.47   44209   16305  179758   327732   7.41
  1985        85-89     0.15122  0.53668  2.30   27904   14975   99030   147974   5.30
  1985        90-94     0.23861  0.70985  2.15   12928    9177   38461    48944   3.79
  1985        95-99     0.34118  0.83672  1.96    3751    3139    9199    10482   2.79
  1985       100-104    0.46879  0.91957  1.70     612     563    1201     1283   2.09
  1985       105-109    0.59958  0.96112  1.47      49      47      79       82   1.66
  1985       110+       0.70012  1.00000  1.43       2       2       3        3   1.43
  1986           0      0.01173  0.01161  0.13  100000    1161   98985  7527205  75.27
  1986         1-4      0.00052  0.00210  1.63   98839     207  394865  7428220  75.15
  1986         5-9      0.00022  0.00111  2.35   98632     110  492869  7033355  71.31
  1986        10-14     0.00018  0.00088  2.87   98522      87  492426  6540485  66.39
  1986        15-19     0.00045  0.00225  2.70   98435     221  491666  6048059  61.44
  1986        20-24     0.00063  0.00315  2.39   98214     309  490262  5556394  56.57
  1986        25-29     0.00061  0.00305  2.51   97905     298  488779  5066132  51.75
  1986        30-34     0.00067  0.00332  2.57   97606     324  487244  4577352  46.90
  1986        35-39     0.00106  0.00527  2.68   97282     512  485221  4090108  42.04
  1986        40-44     0.00173  0.00859  2.79   96770     832  482013  3604887  37.25
  1986        45-49     0.00297  0.01474  2.68   95938    1414  476404  3122874  32.55
  1986        50-54     0.00509  0.02515  2.73   94524    2377  467222  2646470  28.00
  1986        55-59     0.00862  0.04228  2.70   92147    3896  451765  2179248  23.65
  1986        60-64     0.01424  0.06897  2.75   88250    6086  427544  1727484  19.57
  1986        65-69     0.02367  0.11215  2.66   82164    9215  389294  1299939  15.82
  1986        70-74     0.03767  0.17320  2.68   72949   12634  335434   910646  12.48
  1986        75-79     0.06639  0.28655  2.61   60315   17283  260308   575212   9.54
  1986        80-84     0.09587  0.38630  2.49   43032   16623  173390   314904   7.32
  1986        85-89     0.15312  0.54504  2.36   26409   14394   94005   141514   5.36
  1986        90-94     0.22569  0.69367  2.22   12015    8334   36929    47509   3.95
  1986        95-99     0.33102  0.82642  1.97    3681    3042    9189    10580   2.87
  1986       100-104    0.45019  0.91005  1.73     639     581    1291     1391   2.18
  1986       105-109    0.57320  0.95445  1.51      57      55      96      100   1.73
  1986       110+       0.66848  1.00000  1.50       3       3       4        4   1.50
  1987           0      0.01113  0.01102  0.13  100000    1102   99037  7565821  75.66
  1987         1-4      0.00053  0.00210  1.51   98898     208  395074  7466784  75.50
  1987         5-9      0.00026  0.00130  2.34   98690     128  493109  7071710  71.66
  1987        10-14     0.00023  0.00116  2.45   98562     115  492518  6578601  66.75
  1987        15-19     0.00052  0.00260  2.91   98447     256  491703  6086083  61.82
  1987        20-24     0.00059  0.00294  2.29   98191     288  490176  5594381  56.97
  1987        25-29     0.00061  0.00306  2.45   97903     300  488751  5104205  52.14
  1987        30-34     0.00076  0.00381  2.48   97603     372  487080  4615454  47.29
  1987        35-39     0.00093  0.00462  2.55   97232     449  485058  4128374  42.46
  1987        40-44     0.00150  0.00746  2.61   96783     722  482187  3643315  37.64
  1987        45-49     0.00264  0.01312  2.78   96061    1260  477502  3161128  32.91
  1987        50-54     0.00521  0.02577  2.74   94801    2443  468478  2683626  28.31
  1987        55-59     0.00838  0.04113  2.75   92358    3799  453237  2215148  23.98
  1987        60-64     0.01400  0.06781  2.68   88559    6005  428889  1761911  19.90
  1987        65-69     0.02293  0.10901  2.74   82554    8999  392399  1333022  16.15
  1987        70-74     0.03576  0.16486  2.64   73555   12126  339139   940622  12.79
  1987        75-79     0.06412  0.27854  2.65   61429   17110  266871   601484   9.79
  1987        80-84     0.09101  0.37125  2.52   44318   16453  180796   334613   7.55
  1987        85-89     0.14695  0.53362  2.43   27865   14869  101183   153817   5.52
  1987        90-94     0.21830  0.68178  2.25   12996    8860   40587    52634   4.05
  1987        95-99     0.32571  0.82168  1.99    4136    3398   10433    12047   2.91
  1987       100-104    0.44763  0.90912  1.73     737     670    1498     1614   2.19
  1987       105-109    0.57458  0.95504  1.51      67      64     111      116   1.73
  1987       110+       0.67339  1.00000  1.49       3       3       4        4   1.49
  1988           0      0.01017  0.01009  0.13  100000    1009   99121  7601677  76.02
  1988         1-4      0.00050  0.00199  1.51   98991     197  395475  7502556  75.79
  1988         5-9      0.00025  0.00125  2.40   98794     123  493652  7107081  71.94
  1988        10-14     0.00020  0.00099  2.36   98671      98  493098  6613429  67.02
  1988        15-19     0.00051  0.00253  2.90   98574     250  492343  6120331  62.09
  1988        20-24     0.00060  0.00298  2.38   98324     293  490850  5627988  57.24
  1988        25-29     0.00062  0.00311  2.49   98031     305  489387  5137138  52.40
  1988        30-34     0.00089  0.00446  2.54   97726     436  487558  4647751  47.56
  1988        35-39     0.00108  0.00539  2.66   97290     524  485220  4160194  42.76
  1988        40-44     0.00165  0.00824  2.71   96766     797  482006  3674974  37.98
  1988        45-49     0.00288  0.01429  2.62   95968    1371  476579  3192968  33.27
  1988        50-54     0.00442  0.02189  2.69   94597    2070  468210  2716389  28.72
  1988        55-59     0.00823  0.04040  2.72   92527    3738  454099  2248179  24.30
  1988        60-64     0.01296  0.06289  2.67   88788    5584  430924  1794080  20.21
  1988        65-69     0.02185  0.10394  2.66   83204    8648  395742  1363157  16.38
  1988        70-74     0.03650  0.16782  2.60   74556   12512  342761   967414  12.98
  1988        75-79     0.06000  0.26221  2.60   62044   16269  271150   624653  10.07
  1988        80-84     0.08964  0.36636  2.51   45776   16771  187083   353503   7.72
  1988        85-89     0.13980  0.51194  2.39   29005   14849  106215   166421   5.74
  1988        90-94     0.20485  0.65679  2.27   14156    9298   45389    60206   4.25
  1988        95-99     0.30929  0.80428  2.02    4859    3908   12634    14816   3.05
  1988       100-104    0.42525  0.89682  1.78     951     853    2005     2182   2.29
  1988       105-109    0.55045  0.94860  1.55      98      93     169      177   1.80
  1988       110+       0.65163  1.00000  1.53       5       5       8        8   1.53
  1989           0      0.01013  0.01004  0.13  100000    1004   99125  7660545  76.61
  1989         1-4      0.00049  0.00197  1.54   98996     195  395504  7561420  76.38
  1989         5-9      0.00022  0.00110  2.43   98801     109  493726  7165916  72.53
  1989        10-14     0.00018  0.00089  2.21   98692      88  493217  6672190  67.61
  1989        15-19     0.00049  0.00244  2.93   98605     240  492527  6178972  62.66
  1989        20-24     0.00058  0.00291  2.40   98364     286  491080  5686445  57.81
  1989        25-29     0.00067  0.00336  2.55   98079     330  489586  5195365  52.97
  1989        30-34     0.00077  0.00386  2.87   97749     378  487939  4705780  48.14
  1989        35-39     0.00087  0.00432  2.72   97371     420  485897  4217841  43.32
  1989        40-44     0.00161  0.00804  2.64   96951     779  482913  3731944  38.49
  1989        45-49     0.00246  0.01223  2.66   96171    1176  478100  3249030  33.78
  1989        50-54     0.00431  0.02134  2.65   94995    2027  470208  2770930  29.17
  1989        55-59     0.00799  0.03922  2.75   92968    3646  456618  2300723  24.75
  1989        60-64     0.01245  0.06045  2.60   89321    5399  433647  1844104  20.65
  1989        65-69     0.02027  0.09673  2.65   83922    8118  400497  1410457  16.81
  1989        70-74     0.03495  0.16128  2.61   75804   12226  349787  1009960  13.32
  1989        75-79     0.05689  0.25081  2.64   63578   15946  280295   660173  10.38
  1989        80-84     0.08448  0.34979  2.54   47632   16661  197212   379878   7.98
  1989        85-89     0.13375  0.50041  2.49   30971   15498  115878   182667   5.90
  1989        90-94     0.20082  0.65053  2.29   15473   10065   50120    66789   4.32
  1989        95-99     0.30487  0.80013  2.03    5407    4326   14191    16668   3.08
  1989       100-104    0.42550  0.89753  1.78    1081     970    2280     2477   2.29
  1989       105-109    0.55649  0.95066  1.54     111     105     189      197   1.78
  1989       110+       0.66218  1.00000  1.51       5       5       8        8   1.51
  1990           0      0.01003  0.00994  0.13  100000     994   99134  7708332  77.08
  1990         1-4      0.00049  0.00197  1.58   99006     195  395549  7609199  76.86
  1990         5-9      0.00021  0.00104  2.33   98810     103  493777  7213649  73.01
  1990        10-14     0.00015  0.00074  2.50   98708      73  493354  6719872  68.08
  1990        15-19     0.00046  0.00228  2.88   98634     225  492695  6226518  63.13
  1990        20-24     0.00057  0.00285  2.43   98409     281  491326  5733823  58.27
  1990        25-29     0.00059  0.00296  2.51   98129     291  489918  5242498  53.42
  1990        30-34     0.00073  0.00363  2.49   97838     355  488300  4752580  48.58
  1990        35-39     0.00094  0.00470  2.56   97483     458  486297  4264279  43.74
  1990        40-44     0.00155  0.00773  2.70   97025     750  483399  3777982  38.94
  1990        45-49     0.00244  0.01211  2.61   96276    1166  478597  3294583  34.22
  1990        50-54     0.00399  0.01977  2.64   95110    1880  471114  2815986  29.61
  1990        55-59     0.00726  0.03571  2.74   93230    3329  458627  2344872  25.15
  1990        60-64     0.01230  0.05979  2.66   89901    5375  436924  1886245  20.98
  1990        65-69     0.02025  0.09662  2.64   84526    8167  403314  1449321  17.15
  1990        70-74     0.03342  0.15463  2.59   76359   11808  353282  1046008  13.70
  1990        75-79     0.05253  0.23316  2.59   64551   15051  286525   692725  10.73
  1990        80-84     0.07932  0.33066  2.49   49501   16368  206355   406200   8.21
  1990        85-89     0.12540  0.47308  2.41   33133   15675  124991   199845   6.03
  1990        90-94     0.20421  0.64887  2.19   17458   11328   55473    74854   4.29
  1990        95-99     0.29594  0.79010  2.05    6130    4843   16366    19381   3.16
  1990       100-104    0.41541  0.89167  1.80    1287    1147    2762     3015   2.34
  1990       105-109    0.54698  0.94805  1.55     139     132     242      253   1.81
  1990       110+       0.65444  1.00000  1.53       7       7      11       11   1.53
  1991           0      0.00926  0.00919  0.13  100000     919   99201  7693831  76.94
  1991         1-4      0.00047  0.00187  1.55   99081     186  395871  7594630  76.65
  1991         5-9      0.00021  0.00107  2.51   98896     105  494215  7198759  72.79
  1991        10-14     0.00020  0.00102  2.57   98790     100  493707  6704544  67.87
  1991        15-19     0.00040  0.00201  2.88   98690     198  493029  6210836  62.93
  1991        20-24     0.00059  0.00295  2.27   98492     290  491667  5717808  58.05
  1991        25-29     0.00056  0.00282  2.42   98201     277  490293  5226141  53.22
  1991        30-34     0.00067  0.00334  2.64   97925     327  488852  4735847  48.36
  1991        35-39     0.00096  0.00479  2.67   97598     467  486898  4246995  43.52
  1991        40-44     0.00151  0.00753  2.62   97130     731  483909  3760097  38.71
  1991        45-49     0.00241  0.01197  2.71   96399    1154  479354  3276188  33.99
  1991        50-54     0.00421  0.02087  2.73   95245    1988  471714  2796834  29.36
  1991        55-59     0.00730  0.03593  2.74   93257    3351  458701  2325120  24.93
  1991        60-64     0.01244  0.06049  2.71   89906    5438  437096  1866419  20.76
  1991        65-69     0.02038  0.09736  2.71   84468    8224  403469  1429323  16.92
  1991        70-74     0.03318  0.15373  2.62   76244   11721  353284  1025854  13.45
  1991        75-79     0.05673  0.24936  2.58   64523   16090  283641   672569  10.42
  1991        80-84     0.08149  0.33876  2.51   48434   16408  201354   388928   8.03
  1991        85-89     0.13282  0.49619  2.45   32026   15891  119647   187574   5.86
  1991        90-94     0.20733  0.66263  2.28   16135   10692   51567    67927   4.21
  1991        95-99     0.31351  0.81001  2.02    5444    4409   14064    16360   3.01
  1991       100-104    0.44027  0.90611  1.75    1034     937    2129     2296   2.22
  1991       105-109    0.57661  0.95621  1.51      97      93     161      167   1.72
  1991       110+       0.68562  1.00000  1.46       4       4       6        6   1.46
  1992           0      0.00960  0.00952  0.13  100000     952   99172  7680064  76.80
  1992         1-4      0.00042  0.00167  1.78   99048     166  395826  7580893  76.54
  1992         5-9      0.00019  0.00094  2.13   98883      93  494147  7185067  72.66
  1992        10-14     0.00018  0.00089  2.52   98790      88  493732  6690920  67.73
  1992        15-19     0.00044  0.00218  3.10   98702     215  493103  6197188  62.79
  1992        20-24     0.00063  0.00316  2.47   98487     312  491650  5704085  57.92
  1992        25-29     0.00056  0.00279  2.53   98176     274  490203  5212436  53.09
  1992        30-34     0.00073  0.00363  2.58   97902     355  488650  4722233  48.23
  1992        35-39     0.00090  0.00448  2.70   97547     437  486728  4233583  43.40
  1992        40-44     0.00143  0.00714  2.67   97110     693  483933  3746854  38.58
  1992        45-49     0.00260  0.01291  2.66   96417    1245  479172  3262921  33.84
  1992        50-54     0.00416  0.02062  2.72   95172    1962  471382  2783749  29.25
  1992        55-59     0.00742  0.03647  2.64   93209    3400  458039  2312366  24.81
  1992        60-64     0.01282  0.06223  2.65   89810    5589  435934  1854327  20.65
  1992        65-69     0.02023  0.09661  2.67   84221    8136  402179  1418393  16.84
  1992        70-74     0.03389  0.15688  2.64   76084   11936  352232  1016214  13.36
  1992        75-79     0.05435  0.24058  2.62   64148   15433  283961   663982  10.35
  1992        80-84     0.08642  0.35700  2.57   48715   17391  201234   380022   7.80
  1992        85-89     0.13817  0.50808  2.40   31324   15915  115181   178788   5.71
  1992        90-94     0.21294  0.67951  2.34   15409   10471   49172    63606   4.13
  1992        95-99     0.32394  0.82049  1.99    4939    4052   12508    14434   2.92
  1992       100-104    0.45073  0.91128  1.73     887     808    1792     1926   2.17
  1992       105-109    0.58526  0.95818  1.49      79      75     129      134   1.70
  1992       110+       0.69202  1.00000  1.45       3       3       5        5   1.45
  1993           0      0.00785  0.00780  0.13  100000     780   99324  7739231  77.39
  1993         1-4      0.00050  0.00199  1.63   99220     197  396414  7639907  77.00
  1993         5-9      0.00020  0.00101  2.35   99023     100  494850  7243494  73.15
  1993        10-14     0.00017  0.00083  2.75   98923      83  494429  6748644  68.22
  1993        15-19     0.00041  0.00204  2.83   98840     202  493764  6254215  63.28
  1993        20-24     0.00059  0.00297  2.32   98638     293  492408  5760451  58.40
  1993        25-29     0.00058  0.00288  2.39   98345     283  490989  5268043  53.57
  1993        30-34     0.00073  0.00363  2.52   98063     356  489430  4777053  48.71
  1993        35-39     0.00095  0.00473  2.50   97706     462  487376  4287624  43.88
  1993        40-44     0.00145  0.00724  2.57   97244     704  484505  3800248  39.08
  1993        45-49     0.00238  0.01183  2.68   96539    1142  480053  3315743  34.35
  1993        50-54     0.00380  0.01883  2.68   95398    1796  472819  2835690  29.72
  1993        55-59     0.00699  0.03442  2.68   93602    3221  460527  2362871  25.24
  1993        60-64     0.01215  0.05909  2.69   90380    5340  439559  1902344  21.05
  1993        65-69     0.01904  0.09116  2.67   85040    7752  407175  1462785  17.20
  1993        70-74     0.03154  0.14682  2.65   77288   11347  359825  1055610  13.66
  1993        75-79     0.05261  0.23374  2.61   65940   15413  292937   695784  10.55
  1993        80-84     0.08294  0.34441  2.54   50528   17402  209820   402848   7.97
  1993        85-89     0.13472  0.49812  2.39   33125   16500  122480   193028   5.83
  1993        90-94     0.20541  0.65858  2.28   16625   10949   53301    70548   4.24
  1993        95-99     0.30995  0.80573  2.02    5676    4573   14755    17247   3.04
  1993       100-104    0.43212  0.90133  1.77    1103     994    2300     2491   2.26
  1993       105-109    0.56430  0.95286  1.52     109     104     184      191   1.76
  1993       110+       0.67105  1.00000  1.49       5       5       8        8   1.49
  1994           0      0.00763  0.00758  0.13  100000     758   99343  7763549  77.64
  1994         1-4      0.00034  0.00136  1.44   99242     135  396621  7664206  77.23
  1994         5-9      0.00018  0.00088  2.12   99106      87  495281  7267585  73.33
  1994        10-14     0.00012  0.00062  2.50   99019      62  494941  6772303  68.39
  1994        15-19     0.00040  0.00202  3.04   98957     200  494396  6277362  63.44
  1994        20-24     0.00066  0.00327  2.52   98758     323  492986  5782966  58.56
  1994        25-29     0.00063  0.00315  2.41   98434     310  491368  5289980  53.74
  1994        30-34     0.00068  0.00337  2.53   98124     331  489803  4798613  48.90
  1994        35-39     0.00088  0.00440  2.52   97793     431  487896  4308810  44.06
  1994        40-44     0.00151  0.00751  2.77   97363     731  485183  3820914  39.24
  1994        45-49     0.00242  0.01204  2.75   96631    1164  480534  3335730  34.52
  1994        50-54     0.00386  0.01911  2.68   95468    1825  473106  2855197  29.91
  1994        55-59     0.00688  0.03385  2.71   93643    3170  460961  2382091  25.44
  1994        60-64     0.01151  0.05605  2.64   90473    5071  440421  1921130  21.23
  1994        65-69     0.01843  0.08823  2.60   85402    7535  408936  1480709  17.34
  1994        70-74     0.03129  0.14561  2.63   77867   11339  362411  1071773  13.76
  1994        75-79     0.05125  0.22785  2.57   66529   15159  295775   709362  10.66
  1994        80-84     0.08347  0.34617  2.54   51370   17783  213035   413587   8.05
  1994        85-89     0.13015  0.48693  2.41   33587   16355  125655   200552   5.97
  1994        90-94     0.20117  0.65218  2.30   17233   11239   55866    74897   4.35
  1994        95-99     0.29499  0.78840  2.05    5994    4725   16019    19031   3.18
  1994       100-104    0.40954  0.88756  1.81    1268    1126    2749     3012   2.38
  1994       105-109    0.53615  0.94452  1.57     143     135     251      264   1.85
  1994       110+       0.64047  1.00000  1.56       8       8      12       12   1.56
  1995           0      0.00685  0.00681  0.14  100000     681   99411  7761877  77.62
  1995         1-4      0.00040  0.00162  1.65   99319     161  396898  7662466  77.15
  1995         5-9      0.00015  0.00076  2.60   99158      75  495613  7265568  73.27
  1995        10-14     0.00017  0.00086  2.99   99084      85  495248  6769955  68.33
  1995        15-19     0.00046  0.00231  3.17   98999     229  494576  6274708  63.38
  1995        20-24     0.00064  0.00321  2.35   98770     317  493006  5780132  58.52
  1995        25-29     0.00056  0.00280  2.50   98452     276  491572  5287126  53.70
  1995        30-34     0.00075  0.00372  2.66   98177     366  490029  4795554  48.85
  1995        35-39     0.00099  0.00494  2.68   97811     483  487935  4305525  44.02
  1995        40-44     0.00142  0.00707  2.64   97328     688  485012  3817590  39.22
  1995        45-49     0.00231  0.01148  2.69   96640    1109  480636  3332578  34.48
  1995        50-54     0.00368  0.01823  2.65   95531    1741  473562  2851942  29.85
  1995        55-59     0.00670  0.03299  2.62   93789    3094  461580  2378380  25.36
  1995        60-64     0.01143  0.05570  2.70   90695    5052  441840  1916800  21.13
  1995        65-69     0.01874  0.08978  2.66   85643    7689  410221  1474961  17.22
  1995        70-74     0.03042  0.14182  2.61   77954   11056  363392  1064740  13.66
  1995        75-79     0.05280  0.23380  2.55   66898   15641  296213   701347  10.48
  1995        80-84     0.08363  0.34613  2.51   51257   17742  212150   405134   7.90
  1995        85-89     0.13923  0.51093  2.40   33516   17124  122995   192984   5.76
  1995        90-94     0.20156  0.64790  2.24   16392   10620   52690    69990   4.27
  1995        95-99     0.31478  0.81094  2.01    5771    4680   14868    17300   3.00
  1995       100-104    0.43856  0.90491  1.75    1091     987    2251     2432   2.23
  1995       105-109    0.57190  0.95489  1.51     104      99     173      180   1.74
  1995       110+       0.67917  1.00000  1.47       5       5       7        7   1.47
  1996           0      0.00640  0.00636  0.14  100000     636   99450  7823455  78.23
  1996         1-4      0.00038  0.00154  1.54   99364     153  397079  7724005  77.73
  1996         5-9      0.00014  0.00069  2.46   99211      69  495881  7326926  73.85
  1996        10-14     0.00017  0.00083  2.85   99142      83  495534  6831045  68.90
  1996        15-19     0.00038  0.00192  2.92   99060     190  494902  6335511  63.96
  1996        20-24     0.00062  0.00311  2.31   98869     308  493519  5840609  59.07
  1996        25-29     0.00057  0.00285  2.46   98562     281  492096  5347090  54.25
  1996        30-34     0.00073  0.00365  2.58   98281     359  490536  4854994  49.40
  1996        35-39     0.00097  0.00485  2.58   97922     474  488462  4364458  44.57
  1996        40-44     0.00138  0.00687  2.70   97448     670  485695  3875996  39.78
  1996        45-49     0.00226  0.01124  2.84   96778    1088  481542  3390301  35.03
  1996        50-54     0.00361  0.01792  2.78   95690    1715  474640  2908759  30.40
  1996        55-59     0.00642  0.03163  2.64   93975    2972  462852  2434119  25.90
  1996        60-64     0.01088  0.05305  2.69   91003    4827  443871  1971267  21.66
  1996        65-69     0.01738  0.08354  2.69   86175    7199  414221  1527396  17.72
  1996        70-74     0.02792  0.13107  2.67   78977   10351  370730  1113175  14.10
  1996        75-79     0.05014  0.22385  2.61   68625   15362  306370   742445  10.82
  1996        80-84     0.08022  0.33567  2.57   53264   17879  222884   436075   8.19
  1996        85-89     0.13172  0.49210  2.43   35385   17413  132192   213191   6.02
  1996        90-94     0.18867  0.62168  2.26   17972   11173   59220    80999   4.51
  1996        95-99     0.29189  0.78492  2.06    6799    5337   18284    21779   3.20
  1996       100-104    0.40673  0.88583  1.81    1462    1295    3185     3495   2.39
  1996       105-109    0.53313  0.94351  1.58     167     158     295      310   1.86
  1996       110+       0.63654  1.00000  1.57       9       9      15       15   1.57
  1997           0      0.00651  0.00647  0.14  100000     647   99441  7816160  78.16
  1997         1-4      0.00039  0.00156  1.74   99353     155  397062  7716719  77.67
  1997         5-9      0.00018  0.00092  1.97   99198      91  495714  7319657  73.79
  1997        10-14     0.00018  0.00089  3.02   99107      89  495358  6823944  68.85
  1997        15-19     0.00041  0.00206  2.99   99018     204  494681  6328585  63.91
  1997        20-24     0.00080  0.00400  2.20   98814     396  492962  5833904  59.04
  1997        25-29     0.00061  0.00306  2.50   98418     301  491338  5340942  54.27
  1997        30-34     0.00075  0.00374  2.74   98117     367  489755  4849604  49.43
  1997        35-39     0.00097  0.00485  2.64   97750     474  487633  4359849  44.60
  1997        40-44     0.00142  0.00708  2.52   97276     689  484674  3872216  39.81
  1997        45-49     0.00217  0.01078  2.60   96587    1041  480443  3387542  35.07
  1997        50-54     0.00365  0.01810  2.66   95546    1729  473684  2907099  30.43
  1997        55-59     0.00596  0.02938  2.71   93817    2756  462762  2433415  25.94
  1997        60-64     0.01063  0.05189  2.70   91061    4725  444433  1970652  21.64
  1997        65-69     0.01825  0.08755  2.68   86336    7559  414163  1526219  17.68
  1997        70-74     0.02816  0.13206  2.65   78777   10403  369413  1112057  14.12
  1997        75-79     0.04897  0.21971  2.66   68374   15022  306746   742644  10.86
  1997        80-84     0.07919  0.33157  2.55   53352   17690  223380   435897   8.17
  1997        85-89     0.13255  0.49451  2.43   35662   17635  133048   212518   5.96
  1997        90-94     0.19269  0.63016  2.26   18026   11360   58953    79470   4.41
  1997        95-99     0.30522  0.80090  2.03    6667    5339   17494    20516   3.08
  1997       100-104    0.42852  0.89943  1.77    1327    1194    2786     3022   2.28
  1997       105-109    0.56097  0.95190  1.53     133     127     227      236   1.77
  1997       110+       0.66639  1.00000  1.50       6       6      10       10   1.50
  1998           0      0.00605  0.00602  0.14  100000     602   99480  7835793  78.36
  1998         1-4      0.00037  0.00147  1.65   99398     146  397249  7736313  77.83
  1998         5-9      0.00016  0.00077  2.35   99252      77  496057  7339064  73.94
  1998        10-14     0.00013  0.00067  2.46   99175      67  495707  6843006  69.00
  1998        15-19     0.00040  0.00201  3.04   99109     199  495154  6347299  64.04
  1998        20-24     0.00055  0.00273  2.60   98910     270  493900  5852145  59.17
  1998        25-29     0.00056  0.00281  2.48   98639     277  492499  5358245  54.32
  1998        30-34     0.00069  0.00343  2.46   98362     337  490958  4865746  49.47
  1998        35-39     0.00100  0.00497  2.70   98025     487  489009  4374789  44.63
  1998        40-44     0.00143  0.00711  2.68   97538     693  486080  3885780  39.84
  1998        45-49     0.00222  0.01107  2.72   96845    1072  481786  3399700  35.10
  1998        50-54     0.00385  0.01909  2.72   95773    1828  474701  2917914  30.47
  1998        55-59     0.00611  0.03013  2.69   93945    2830  463180  2443213  26.01
  1998        60-64     0.01061  0.05179  2.72   91115    4719  444803  1980033  21.73
  1998        65-69     0.01754  0.08424  2.67   86396    7278  415028  1535230  17.77
  1998        70-74     0.02775  0.13016  2.63   79118   10298  371152  1120202  14.16
  1998        75-79     0.04704  0.21183  2.65   68820   14578  309883   749050  10.88
  1998        80-84     0.07892  0.33128  2.58   54242   17969  227691   439167   8.10
  1998        85-89     0.13371  0.49694  2.42   36273   18025  134805   211476   5.83
  1998        90-94     0.20596  0.65469  2.22   18247   11946   58003    76671   4.20
  1998        95-99     0.31861  0.81565  2.01    6301    5139   16131    18668   2.96
  1998       100-104    0.44806  0.91012  1.74    1162    1057    2360     2537   2.18
  1998       105-109    0.58325  0.95759  1.49     104     100     171      178   1.70
  1998       110+       0.68778  1.00000  1.45       4       4       6        6   1.45
  1999           0      0.00592  0.00589  0.14  100000     589   99491  7865245  78.65
  1999         1-4      0.00035  0.00140  1.51   99411     139  397295  7765753  78.12
  1999         5-9      0.00014  0.00068  2.35   99271      68  496176  7368458  74.23
  1999        10-14     0.00018  0.00091  2.48   99203      90  495789  6872282  69.27
  1999        15-19     0.00031  0.00154  2.85   99113     152  495238  6376492  64.34
  1999        20-24     0.00050  0.00250  2.39   98961     247  494159  5881254  59.43
  1999        25-29     0.00054  0.00271  2.37   98714     267  492867  5387095  54.57
  1999        30-34     0.00073  0.00363  2.72   98447     357  491419  4894228  49.71
  1999        35-39     0.00091  0.00455  2.58   98089     446  489366  4402809  44.89
  1999        40-44     0.00143  0.00713  2.74   97643     696  486644  3913443  40.08
  1999        45-49     0.00224  0.01113  2.67   96947    1079  482219  3426799  35.35
  1999        50-54     0.00382  0.01895  2.74   95868    1816  475224  2944579  30.72
  1999        55-59     0.00567  0.02800  2.73   94051    2633  464275  2469355  26.26
  1999        60-64     0.00970  0.04746  2.74   91418    4338  447305  2005080  21.93
  1999        65-69     0.01706  0.08202  2.65   87080    7142  418591  1557775  17.89
  1999        70-74     0.02776  0.13022  2.62   79937   10410  374933  1139184  14.25
  1999        75-79     0.04508  0.20356  2.62   69528   14153  313995   764252  10.99
  1999        80-84     0.07801  0.32828  2.59   55374   18178  233024   450257   8.13
  1999        85-89     0.13320  0.49749  2.46   37196   18505  138926   217233   5.84
  1999        90-94     0.20751  0.65771  2.22   18691   12294   59243    78307   4.19
  1999        95-99     0.31634  0.81341  2.01    6398    5204   16451    19064   2.98
  1999       100-104    0.44681  0.90974  1.74    1194    1086    2431     2614   2.19
  1999       105-109    0.58544  0.95839  1.49     108     103     176      183   1.70
  1999       110+       0.69454  1.00000  1.44       4       4       6        6   1.44
  2000           0      0.00553  0.00550  0.14  100000     550   99525  7884921  78.85
  2000         1-4      0.00031  0.00126  1.51   99450     125  397487  7785395  78.28
  2000         5-9      0.00014  0.00072  2.41   99324      71  496438  7387909  74.38
  2000        10-14     0.00014  0.00070  2.46   99253      70  496090  6891471  69.43
  2000        15-19     0.00044  0.00222  3.03   99184     220  495485  6395380  64.48
  2000        20-24     0.00055  0.00277  2.30   98963     274  494078  5899895  59.62
  2000        25-29     0.00058  0.00291  2.67   98690     287  492778  5405817  54.78
  2000        30-34     0.00071  0.00354  2.74   98402     348  491225  4913040  49.93
  2000        35-39     0.00106  0.00531  2.72   98054     520  489087  4421815  45.10
  2000        40-44     0.00143  0.00711  2.68   97534     693  486061  3932728  40.32
  2000        45-49     0.00226  0.01124  2.68   96841    1089  481678  3446667  35.59
  2000        50-54     0.00353  0.01748  2.66   95752    1674  474846  2964989  30.97
  2000        55-59     0.00575  0.02838  2.70   94078    2670  464256  2490143  26.47
  2000        60-64     0.00941  0.04602  2.67   91409    4207  447249  2025887  22.16
  2000        65-69     0.01630  0.07861  2.74   87202    6855  420505  1578638  18.10
  2000        70-74     0.02686  0.12626  2.63   80347   10144  377671  1158133  14.41
  2000        75-79     0.04478  0.20234  2.62   70203   14204  317228   780462  11.12
  2000        80-84     0.07503  0.31691  2.55   55998   17746  236531   463235   8.27
  2000        85-89     0.13098  0.49170  2.47   38252   18808  143599   226704   5.93
  2000        90-94     0.20223  0.64626  2.21   19443   12565   62133    83105   4.27
  2000        95-99     0.30803  0.80454  2.03    6878    5534   17964    20972   3.05
  2000       100-104    0.43651  0.90431  1.76    1344    1216    2785     3007   2.24
  2000       105-109    0.57435  0.95568  1.51     129     123     214      222   1.73
  2000       110+       0.68362  1.00000  1.46       6       6       8        8   1.46
  2001           0      0.00515  0.00512  0.14  100000     512   99559  7927429  79.27
  2001         1-4      0.00032  0.00126  1.51   99488     125  397637  7827871  78.68
  2001         5-9      0.00014  0.00069  2.16   99362      68  496617  7430234  74.78
  2001        10-14     0.00018  0.00089  2.55   99294      89  496251  6933617  69.83
  2001        15-19     0.00050  0.00248  3.05   99205     246  495546  6437365  64.89
  2001        20-24     0.00067  0.00334  2.41   98959     330  493940  5941820  60.04
  2001        25-29     0.00060  0.00300  2.53   98629     296  492413  5447880  55.24
  2001        30-34     0.00068  0.00339  2.82   98333     334  490936  4955467  50.39
  2001        35-39     0.00101  0.00505  2.64   97999     495  488827  4464531  45.56
  2001        40-44     0.00141  0.00702  2.68   97505     684  485933  3975704  40.77
  2001        45-49     0.00209  0.01038  2.63   96820    1005  481715  3489770  36.04
  2001        50-54     0.00333  0.01653  2.74   95815    1583  475497  3008055  31.39
  2001        55-59     0.00547  0.02702  2.68   94232    2546  465250  2532558  26.88
  2001        60-64     0.00885  0.04333  2.66   91685    3973  449116  2067308  22.55
  2001        65-69     0.01576  0.07606  2.71   87712    6671  423276  1618192  18.45
  2001        70-74     0.02553  0.12045  2.66   81041    9761  382335  1194916  14.74
  2001        75-79     0.04210  0.19152  2.65   71279   13651  324263   812582  11.40
  2001        80-84     0.07268  0.30882  2.57   57628   17797  244874   488319   8.47
  2001        85-89     0.12480  0.47613  2.51   39831   18965  151967   243445   6.11
  2001        90-94     0.19752  0.64097  2.26   20866   13375   67712    91478   4.38
  2001        95-99     0.29414  0.78877  2.06    7492    5909   20090    23766   3.17
  2001       100-104    0.41899  0.89438  1.80    1582    1415    3378     3676   2.32
  2001       105-109    0.55600  0.95090  1.54     167     159     286      298   1.78
  2001       110+       0.66677  1.00000  1.50       8       8      12       12   1.50
  2002           0      0.00545  0.00543  0.14  100000     543   99532  7927699  79.28
  2002         1-4      0.00031  0.00123  1.49   99457     122  397522  7828167  78.71
  2002         5-9      0.00015  0.00076  2.28   99335      75  496470  7430644  74.80
  2002        10-14     0.00015  0.00075  2.61   99260      74  496122  6934174  69.86
  2002        15-19     0.00048  0.00239  3.00   99186     237  495455  6438053  64.91
  2002        20-24     0.00079  0.00394  2.34   98949     390  493708  5942597  60.06
  2002        25-29     0.00063  0.00315  2.60   98559     310  492051  5448889  55.29
  2002        30-34     0.00067  0.00335  2.61   98249     330  490456  4956838  50.45
  2002        35-39     0.00092  0.00458  2.61   97919     449  488521  4466382  45.61
  2002        40-44     0.00150  0.00749  2.74   97470     730  485703  3977860  40.81
  2002        45-49     0.00209  0.01038  2.61   96740    1004  481300  3492157  36.10
  2002        50-54     0.00333  0.01655  2.67   95736    1584  474995  3010857  31.45
  2002        55-59     0.00536  0.02647  2.68   94152    2492  464968  2535863  26.93
  2002        60-64     0.00879  0.04306  2.65   91660    3947  449028  2070894  22.59
  2002        65-69     0.01472  0.07117  2.67   87713    6243  424034  1621866  18.49
  2002        70-74     0.02595  0.12231  2.66   81470    9965  384000  1197832  14.70
  2002        75-79     0.04212  0.19162  2.65   71505   13702  325277   813831  11.38
  2002        80-84     0.07014  0.30012  2.60   57803   17348  247333   488555   8.45
  2002        85-89     0.12572  0.47743  2.48   40456   19315  153636   241222   5.96
  2002        90-94     0.21186  0.66780  2.23   21141   14118   66637    87586   4.14
  2002        95-99     0.31522  0.81322  2.02    7023    5711   18118    20949   2.98
  2002       100-104    0.45340  0.91375  1.73    1312    1199    2644     2831   2.16
  2002       105-109    0.60011  0.96209  1.47     113     109     181      187   1.66
  2002       110+       0.71456  1.00000  1.40       4       4       6        6   1.40
  2003           0      0.00506  0.00504  0.14  100000     504   99566  7964097  79.64
  2003         1-4      0.00032  0.00128  1.57   99496     127  397675  7864531  79.04
  2003         5-9      0.00014  0.00069  2.41   99369      68  496666  7466856  75.14
  2003        10-14     0.00015  0.00075  2.34   99300      75  496302  6970190  70.19
  2003        15-19     0.00038  0.00190  3.12   99226     188  495774  6473888  65.24
  2003        20-24     0.00062  0.00310  2.37   99037     307  494377  5978114  60.36
  2003        25-29     0.00050  0.00252  2.60   98730     249  493050  5483737  55.54
  2003        30-34     0.00062  0.00307  2.51   98481     302  491650  4990686  50.68
  2003        35-39     0.00091  0.00453  2.69   98178     445  489864  4499036  45.83
  2003        40-44     0.00134  0.00667  2.63   97734     652  487122  4009173  41.02
  2003        45-49     0.00200  0.00997  2.63   97082     968  483113  3522051  36.28
  2003        50-54     0.00315  0.01565  2.65   96114    1504  477038  3038938  31.62
  2003        55-59     0.00545  0.02691  2.76   94610    2546  467355  2561900  27.08
  2003        60-64     0.00853  0.04185  2.71   92064    3853  451484  2094545  22.75
  2003        65-69     0.01452  0.07020  2.65   88211    6193  426531  1643061  18.63
  2003        70-74     0.02472  0.11687  2.67   82018    9585  387757  1216530  14.83
  2003        75-79     0.04205  0.19097  2.60   72433   13832  328928   828773  11.44
  2003        80-84     0.07074  0.30200  2.58   58600   17697  250157   499845   8.53
  2003        85-89     0.12070  0.46559  2.55   40903   19044  157784   249688   6.10
  2003        90-94     0.20870  0.66351  2.26   21859   14504   69496    91903   4.20
  2003        95-99     0.30771  0.80503  2.04    7355    5921   19243    22407   3.05
  2003       100-104    0.44279  0.90827  1.75    1434    1303    2942     3164   2.21
  2003       105-109    0.58754  0.95920  1.49     132     126     215      222   1.69
  2003       110+       0.70136  1.00000  1.43       5       5       8        8   1.43
  2004           0      0.00467  0.00465  0.14  100000     465   99600  8010909  80.11
  2004         1-4      0.00027  0.00110  1.47   99535     109  397866  7911309  79.48
  2004         5-9      0.00015  0.00077  2.43   99426      77  496934  7513443  75.57
  2004        10-14     0.00014  0.00072  2.46   99350      72  496565  7016510  70.62
  2004        15-19     0.00037  0.00183  3.08   99278     182  496041  6519944  65.67
  2004        20-24     0.00057  0.00283  2.50   99096     281  494780  6023903  60.79
  2004        25-29     0.00054  0.00271  2.60   98815     267  493435  5529124  55.95
  2004        30-34     0.00061  0.00302  2.58   98548     298  492018  5035688  51.10
  2004        35-39     0.00085  0.00422  2.74   98250     414  490315  4543670  46.25
  2004        40-44     0.00126  0.00627  2.65   97836     614  487734  4053355  41.43
  2004        45-49     0.00198  0.00984  2.61   97222     957  483827  3565621  36.68
  2004        50-54     0.00311  0.01546  2.76   96265    1488  477997  3081795  32.01
  2004        55-59     0.00513  0.02536  2.72   94777    2404  468416  2603798  27.47
  2004        60-64     0.00815  0.03999  2.71   92373    3694  453400  2135381  23.12
  2004        65-69     0.01376  0.06666  2.70   88680    5912  429772  1681982  18.97
  2004        70-74     0.02369  0.11222  2.66   82768    9288  392096  1252209  15.13
  2004        75-79     0.03986  0.18210  2.63   73480   13380  335679   860114  11.71
  2004        80-84     0.06781  0.29162  2.60   60099   17526  258461   524434   8.73
  2004        85-89     0.11397  0.44363  2.50   42573   18886  165718   265974   6.25
  2004        90-94     0.20800  0.66468  2.29   23687   15744   75691   100256   4.23
  2004        95-99     0.30208  0.79906  2.05    7943    6347   21010    24565   3.09
  2004       100-104    0.43804  0.90602  1.76    1596    1446    3301     3556   2.23
  2004       105-109    0.58550  0.95892  1.49     150     144     246      254   1.70
  2004       110+       0.70264  1.00000  1.42       6       6       9        9   1.42
  2005           0      0.00436  0.00435  0.14  100000     435   99626  8019915  80.20
  2005         1-4      0.00028  0.00114  1.69   99565     113  397999  7920289  79.55
  2005         5-9      0.00009  0.00046  2.27   99452      46  497134  7522290  75.64
  2005        10-14     0.00014  0.00069  2.75   99406      69  496874  7025156  70.67
  2005        15-19     0.00031  0.00152  2.90   99337     151  496367  6528281  65.72
  2005        20-24     0.00055  0.00274  2.39   99186     272  495220  6031914  60.81
  2005        25-29     0.00048  0.00242  2.61   98914     239  493999  5536694  55.97
  2005        30-34     0.00059  0.00293  2.60   98675     289  492679  5042695  51.10
  2005        35-39     0.00080  0.00399  2.72   98385     393  491031  4550016  46.25
  2005        40-44     0.00130  0.00647  2.66   97992     634  488477  4058985  41.42
  2005        45-49     0.00212  0.01055  2.72   97359    1027  484454  3570507  36.67
  2005        50-54     0.00328  0.01629  2.74   96331    1569  478113  3086054  32.04
  2005        55-59     0.00489  0.02417  2.64   94763    2290  468412  2607940  27.52
  2005        60-64     0.00852  0.04175  2.67   92472    3861  453349  2139528  23.14
  2005        65-69     0.01333  0.06465  2.69   88611    5728  429820  1686179  19.03
  2005        70-74     0.02287  0.10860  2.68   82883    9001  393493  1256359  15.16
  2005        75-79     0.03957  0.18110  2.66   73882   13380  338127   862867  11.68
  2005        80-84     0.06740  0.28990  2.59   60502   17540  260226   524740   8.67
  2005        85-89     0.11435  0.44256  2.45   42962   19014  166269   264514   6.16
  2005        90-94     0.21473  0.67591  2.26   23949   16187   75384    98245   4.10
  2005        95-99     0.31926  0.81827  2.02    7762    6351   19893    22862   2.95
  2005       100-104    0.46557  0.92019  1.71    1410    1298    2788     2968   2.10
  2005       105-109    0.62054  0.96660  1.44     113     109     175      180   1.60
  2005       110+       0.74016  1.00000  1.35       4       4       5        5   1.35
  2006           0      0.00407  0.00406  0.14  100000     406   99651  8056508  80.57
  2006         1-4      0.00032  0.00128  1.57   99594     128  398065  7956857  79.89
  2006         5-9      0.00015  0.00074  2.33   99466      74  497136  7558792  75.99
  2006        10-14     0.00013  0.00066  2.73   99393      66  496815  7061656  71.05
  2006        15-19     0.00032  0.00161  3.07   99327     160  496327  6564841  66.09
  2006        20-24     0.00050  0.00248  2.53   99167     246  495227  6068514  61.19
  2006        25-29     0.00047  0.00233  2.72   98921     230  494082  5573287  56.34
  2006        30-34     0.00057  0.00286  2.68   98691     282  492802  5079205  51.47
  2006        35-39     0.00075  0.00374  2.68   98409     368  491192  4586403  46.61
  2006        40-44     0.00134  0.00670  2.70   98041     657  488693  4095211  41.77
  2006        45-49     0.00197  0.00982  2.69   97384     956  484709  3606518  37.03
  2006        50-54     0.00310  0.01540  2.66   96428    1485  478661  3121809  32.37
  2006        55-59     0.00483  0.02389  2.65   94943    2268  469390  2643148  27.84
  2006        60-64     0.00769  0.03777  2.70   92675    3501  455333  2173758  23.46
  2006        65-69     0.01298  0.06299  2.68   89174    5617  432836  1718425  19.27
  2006        70-74     0.02237  0.10640  2.70   83558    8890  397367  1285590  15.39
  2006        75-79     0.03822  0.17541  2.66   74667   13097  342643   888222  11.90
  2006        80-84     0.06449  0.27912  2.59   61570   17186  266488   545580   8.86
  2006        85-89     0.11249  0.43790  2.47   44384   19436  172773   279091   6.29
  2006        90-94     0.20333  0.66316  2.38   24949   16545   81371   106318   4.26
  2006        95-99     0.31612  0.81541  2.03    8404    6852   21676    24946   2.97
  2006       100-104    0.46458  0.91997  1.72    1551    1427    3072     3270   2.11
  2006       105-109    0.62200  0.96698  1.44     124     120     193      199   1.60
  2006       110+       0.74317  1.00000  1.35       4       4       6        6   1.35
  2007           0      0.00396  0.00395  0.14  100000     395   99661  8067451  80.67
  2007         1-4      0.00026  0.00103  1.55   99605     102  398172  7967790  79.99
  2007         5-9      0.00013  0.00064  2.26   99503      63  497342  7569618  76.07
  2007        10-14     0.00014  0.00068  2.57   99440      68  497035  7072276  71.12
  2007        15-19     0.00033  0.00167  2.65   99372     166  496470  6575241  66.17
  2007        20-24     0.00044  0.00221  2.48   99206     219  495476  6078772  61.27
  2007        25-29     0.00041  0.00207  2.41   98987     205  494402  5583295  56.40
  2007        30-34     0.00052  0.00261  2.61   98782     258  493291  5088893  51.52
  2007        35-39     0.00079  0.00392  2.65   98524     386  491711  4595603  46.64
  2007        40-44     0.00114  0.00570  2.70   98138     559  489399  4103892  41.82
  2007        45-49     0.00190  0.00945  2.62   97578     922  485692  3614493  37.04
  2007        50-54     0.00301  0.01496  2.66   96656    1446  479894  3128800  32.37
  2007        55-59     0.00499  0.02464  2.63   95210    2346  470480  2648906  27.82
  2007        60-64     0.00760  0.03736  2.71   92864    3469  456358  2178426  23.46
  2007        65-69     0.01269  0.06161  2.66   89394    5507  434110  1722068  19.26
  2007        70-74     0.02205  0.10491  2.69   83887    8801  399064  1287958  15.35
  2007        75-79     0.03835  0.17595  2.66   75086   13212  344543   888894  11.84
  2007        80-84     0.06597  0.28460  2.59   61875   17610  266928   544352   8.80
  2007        85-89     0.11476  0.44568  2.49   44265   19728  171903   277424   6.27
  2007        90-94     0.19829  0.64913  2.34   24537   15928   80326   105521   4.30
  2007        95-99     0.32145  0.82089  2.02    8609    7067   21985    25195   2.93
  2007       100-104    0.47109  0.92286  1.70    1542    1423    3021     3209   2.08
  2007       105-109    0.62812  0.96806  1.43     119     115     183      188   1.58
  2007       110+       0.74785  1.00000  1.34       4       4       5        5   1.34
  2008           0      0.00392  0.00391  0.14  100000     391   99664  8102302  81.02
  2008         1-4      0.00025  0.00102  1.60   99609     101  398194  8002637  80.34
  2008         5-9      0.00014  0.00068  2.27   99508      68  497355  7604444  76.42
  2008        10-14     0.00012  0.00061  2.81   99440      60  497069  7107089  71.47
  2008        15-19     0.00031  0.00155  2.83   99380     154  496565  6610021  66.51
  2008        20-24     0.00048  0.00240  2.49   99226     238  495531  6113455  61.61
  2008        25-29     0.00041  0.00207  2.41   98988     205  494407  5617924  56.75
  2008        30-34     0.00053  0.00267  2.67   98783     264  493298  5123517  51.87
  2008        35-39     0.00071  0.00356  2.51   98519     351  491722  4630218  47.00
  2008        40-44     0.00113  0.00563  2.63   98168     553  489534  4138496  42.16
  2008        45-49     0.00196  0.00973  2.68   97615     950  485870  3648962  37.38
  2008        50-54     0.00303  0.01505  2.65   96665    1455  479913  3163092  32.72
  2008        55-59     0.00469  0.02321  2.68   95211    2210  470929  2683179  28.18
  2008        60-64     0.00749  0.03679  2.67   93001    3421  457034  2212251  23.79
  2008        65-69     0.01208  0.05873  2.68   89579    5261  435678  1755217  19.59
  2008        70-74     0.02075  0.09902  2.70   84319    8349  402408  1319539  15.65
  2008        75-79     0.03685  0.16937  2.61   75969   12867  349159   917130  12.07
  2008        80-84     0.06303  0.27349  2.58   63102   17258  273790   567972   9.00
  2008        85-89     0.11202  0.43735  2.49   45844   20050  178992   294181   6.42
  2008        90-94     0.18741  0.62785  2.37   25794   16195   86416   115189   4.47
  2008        95-99     0.31251  0.81173  2.04    9599    7792   24934    28774   3.00
  2008       100-104    0.46080  0.91822  1.72    1807    1660    3601     3839   2.12
  2008       105-109    0.61769  0.96610  1.44     148     143     231      238   1.61
  2008       110+       0.73792  1.00000  1.36       5       5       7        7   1.36
  2009           0      0.00394  0.00393  0.14  100000     393   99663  8152961  81.53
  2009         1-4      0.00021  0.00083  1.56   99607      83  398228  8053298  80.85
  2009         5-9      0.00012  0.00061  2.54   99525      61  497473  7655070  76.92
  2009        10-14     0.00012  0.00062  2.59   99464      61  497170  7157597  71.96
  2009        15-19     0.00025  0.00124  2.95   99402     123  496758  6660427  67.00
  2009        20-24     0.00046  0.00232  2.48   99279     230  495814  6163669  62.08
  2009        25-29     0.00041  0.00204  2.37   99049     202  494711  5667855  57.22
  2009        30-34     0.00051  0.00256  2.64   98847     253  493638  5173144  52.34
  2009        35-39     0.00071  0.00356  2.58   98594     351  492122  4679506  47.46
  2009        40-44     0.00109  0.00544  2.65   98243     535  489962  4187384  42.62
  2009        45-49     0.00179  0.00893  2.70   97709     873  486532  3697422  37.84
  2009        50-54     0.00282  0.01403  2.70   96836    1358  481061  3210890  33.16
  2009        55-59     0.00468  0.02314  2.65   95478    2209  472200  2729829  28.59
  2009        60-64     0.00703  0.03459  2.64   93268    3226  458718  2257629  24.21
  2009        65-69     0.01157  0.05635  2.68   90043    5074  438454  1798911  19.98
  2009        70-74     0.01963  0.09392  2.71   84969    7980  406591  1360458  16.01
  2009        75-79     0.03495  0.16147  2.65   76989   12431  355684   953866  12.39
  2009        80-84     0.05939  0.25970  2.58   64558   16766  282283   598182   9.27
  2009        85-89     0.10657  0.42136  2.52   47792   20138  188969   315899   6.61
  2009        90-94     0.17925  0.61294  2.42   27654   16950   94561   126931   4.59
  2009        95-99     0.30892  0.80846  2.05   10704    8654   28013    32370   3.02
  2009       100-104    0.46049  0.91836  1.73    2050    1883    4089     4357   2.13
  2009       105-109    0.61979  0.96654  1.44     167     162     261      269   1.60
  2009       110+       0.74010  1.00000  1.35       6       6       8        8   1.35
  2010           0      0.00373  0.00372  0.14  100000     372   99681  8167489  81.67
  2010         1-4      0.00020  0.00078  1.56   99628      78  398323  8067808  80.98
  2010         5-9      0.00010  0.00051  2.21   99550      51  497610  7669485  77.04
  2010        10-14     0.00013  0.00065  2.91   99499      65  497361  7171875  72.08
  2010        15-19     0.00025  0.00126  2.72   99434     125  496886  6674514  67.12
  2010        20-24     0.00041  0.00204  2.29   99309     203  495995  6177629  62.21
  2010        25-29     0.00048  0.00239  2.51   99106     237  494941  5681633  57.33
  2010        30-34     0.00055  0.00277  2.63   98869     274  493694  5186692  52.46
  2010        35-39     0.00069  0.00346  2.63   98595     341  492168  4692998  47.60
  2010        40-44     0.00111  0.00552  2.61   98254     542  489978  4200830  42.75
  2010        45-49     0.00165  0.00823  2.62   97712     804  486642  3710852  37.98
  2010        50-54     0.00287  0.01424  2.66   96907    1380  481304  3224210  33.27
  2010        55-59     0.00431  0.02136  2.66   95527    2040  472871  2742906  28.71
  2010        60-64     0.00701  0.03447  2.64   93487    3222  459841  2270035  24.28
  2010        65-69     0.01191  0.05795  2.66   90265    5231  439100  1810194  20.05
  2010        70-74     0.01908  0.09141  2.71   85034    7773  407330  1371094  16.12
  2010        75-79     0.03382  0.15678  2.68   77261   12113  358184   963764  12.47
  2010        80-84     0.06124  0.26649  2.57   65147   17361  283488   605580   9.30
  2010        85-89     0.10377  0.41274  2.52   47786   19723  190063   322092   6.74
  2010        90-94     0.17094  0.58670  2.33   28063   16465   96318   132029   4.70
  2010        95-99     0.30275  0.80125  2.06   11598    9293   30697    35712   3.08
  2010       100-104    0.44921  0.91254  1.75    2305    2104    4683     5015   2.18
  2010       105-109    0.60363  0.96307  1.46     202     194     322      332   1.65
  2010       110+       0.72089  1.00000  1.39       7       7      10       10   1.39
  2011           0      0.00354  0.00353  0.14  100000     353   99697  8172260  81.72
  2011         1-4      0.00022  0.00087  1.71   99647      86  398389  8072563  81.01
  2011         5-9      0.00011  0.00056  2.63   99560      56  497669  7674174  77.08
  2011        10-14     0.00011  0.00055  2.78   99504      55  497400  7176505  72.12
  2011        15-19     0.00026  0.00128  2.78   99449     127  496964  6679105  67.16
  2011        20-24     0.00035  0.00175  2.45   99322     174  496168  6182140  62.24
  2011        25-29     0.00038  0.00189  2.58   99149     188  495289  5685972  57.35
  2011        30-34     0.00045  0.00224  2.62   98961     222  494277  5190683  52.45
  2011        35-39     0.00064  0.00321  2.70   98739     317  492966  4696406  47.56
  2011        40-44     0.00102  0.00509  2.64   98422     501  490930  4203440  42.71
  2011        45-49     0.00169  0.00841  2.69   97921     824  487707  3712510  37.91
  2011        50-54     0.00291  0.01444  2.74   97097    1402  482316  3224803  33.21
  2011        55-59     0.00456  0.02258  2.69   95695    2161  473492  2742487  28.66
  2011        60-64     0.00732  0.03597  2.69   93535    3364  459904  2268995  24.26
  2011        65-69     0.01146  0.05584  2.73   90170    5035  439414  1809091  20.06
  2011        70-74     0.01879  0.09007  2.69   85135    7668  407990  1369677  16.09
  2011        75-79     0.03373  0.15629  2.65   77467   12108  358941   961687  12.41
  2011        80-84     0.06059  0.26410  2.57   65360   17262  284880   602746   9.22
  2011        85-89     0.10683  0.42167  2.50   48098   20282  189851   317866   6.61
  2011        90-94     0.17674  0.59512  2.26   27816   16554   93662   128015   4.60
  2011        95-99     0.30618  0.80502  2.05   11262    9066   29611    34354   3.05
  2011       100-104    0.45285  0.91422  1.74    2196    2008    4433     4742   2.16
  2011       105-109    0.60581  0.96341  1.46     188     181     300      309   1.64
  2011       110+       0.72082  1.00000  1.39       7       7      10       10   1.39
  2012           0      0.00362  0.00361  0.14  100000     361   99690  8177393  81.77
  2012         1-4      0.00020  0.00079  1.60   99639      78  398368  8077703  81.07
  2012         5-9      0.00011  0.00053  2.26   99561      53  497659  7679335  77.13
  2012        10-14     0.00010  0.00048  2.71   99508      47  497432  7181675  72.17
  2012        15-19     0.00024  0.00119  2.93   99461     118  497059  6684244  67.20
  2012        20-24     0.00035  0.00173  2.54   99343     172  496291  6187184  62.28
  2012        25-29     0.00037  0.00186  2.44   99171     185  495383  5690893  57.38
  2012        30-34     0.00044  0.00222  2.63   98987     220  494413  5195509  52.49
  2012        35-39     0.00064  0.00321  2.73   98767     317  493115  4701097  47.60
  2012        40-44     0.00097  0.00486  2.64   98450     478  491124  4207981  42.74
  2012        45-49     0.00168  0.00837  2.66   97972     820  487938  3716857  37.94
  2012        50-54     0.00279  0.01388  2.72   97152    1349  482686  3228919  33.24
  2012        55-59     0.00439  0.02171  2.68   95803    2080  474186  2746233  28.67
  2012        60-64     0.00685  0.03368  2.61   93723    3157  461080  2272047  24.24
  2012        65-69     0.01124  0.05473  2.61   90566    4957  440965  1810967  20.00
  2012        70-74     0.01963  0.09389  2.67   85610    8037  409359  1370003  16.00
  2012        75-79     0.03344  0.15523  2.69   77572   12042  360068   960644  12.38
  2012        80-84     0.06226  0.27123  2.63   65530   17774  285460   600576   9.16
  2012        85-89     0.10742  0.42439  2.53   47756   20267  188667   315116   6.60
  2012        90-94     0.17779  0.60350  2.34   27489   16590   93311   126449   4.60
  2012        95-99     0.30748  0.80634  2.05   10899    8789   28582    33138   3.04
  2012       100-104    0.45327  0.91425  1.74    2111    1930    4257     4555   2.16
  2012       105-109    0.60373  0.96279  1.46     181     174     289      298   1.65
  2012       110+       0.71568  1.00000  1.40       7       7       9        9   1.40
  2013           0      0.00315  0.00314  0.14  100000     314   99731  8212105  82.12
  2013         1-4      0.00021  0.00082  1.63   99686      82  398551  8112374  81.38
  2013         5-9      0.00009  0.00045  2.09   99604      45  497892  7713822  77.44
  2013        10-14     0.00011  0.00053  2.82   99559      53  497682  7215931  72.48
  2013        15-19     0.00022  0.00108  2.75   99507     108  497289  6718249  67.52
  2013        20-24     0.00032  0.00157  2.66   99399     157  496627  6220960  62.59
  2013        25-29     0.00038  0.00191  2.53   99242     190  495741  5724332  57.68
  2013        30-34     0.00047  0.00235  2.57   99052     233  494697  5228591  52.79
  2013        35-39     0.00063  0.00312  2.60   98820     308  493358  4733894  47.90
  2013        40-44     0.00092  0.00458  2.71   98511     451  491525  4240536  43.05
  2013        45-49     0.00163  0.00813  2.81   98060     798  488552  3749011  38.23
  2013        50-54     0.00288  0.01429  2.72   97263    1390  483148  3260459  33.52
  2013        55-59     0.00450  0.02224  2.68   95873    2133  474412  2777311  28.97
  2013        60-64     0.00692  0.03404  2.63   93740    3191  461149  2302898  24.57
  2013        65-69     0.01097  0.05345  2.64   90550    4840  441348  1841749  20.34
  2013        70-74     0.01817  0.08718  2.67   85710    7472  411157  1400401  16.34
  2013        75-79     0.03157  0.14710  2.68   78238   11508  364515   989244  12.64
  2013        80-84     0.05979  0.26167  2.62   66729   17461  292050   624729   9.36
  2013        85-89     0.10268  0.40765  2.47   49268   20084  195597   332679   6.75
  2013        90-94     0.17591  0.59987  2.35   29184   17507   99520   137082   4.70
  2013        95-99     0.28797  0.78341  2.09   11677    9148   31768    37563   3.22
  2013       100-104    0.42500  0.89892  1.79    2529    2274    5350     5795   2.29
  2013       105-109    0.57022  0.95482  1.52     256     244     428      445   1.74
  2013       110+       0.68100  1.00000  1.47      12      12      17       17   1.47
  2014           0      0.00316  0.00315  0.14  100000     315   99730  8225769  82.26
  2014         1-4      0.00021  0.00084  1.59   99685      84  398539  8126039  81.52
  2014         5-9      0.00010  0.00049  2.57   99601      48  497889  7727501  77.58
  2014        10-14     0.00011  0.00053  2.94   99553      53  497656  7229612  72.62
  2014        15-19     0.00027  0.00137  2.85   99500     136  497210  6731956  67.66
  2014        20-24     0.00041  0.00204  2.31   99364     202  496278  6234746  62.75
  2014        25-29     0.00036  0.00180  2.66   99162     179  495392  5738468  57.87
  2014        30-34     0.00046  0.00231  2.55   98983     229  494355  5243076  52.97
  2014        35-39     0.00066  0.00328  2.59   98754     324  492990  4748722  48.09
  2014        40-44     0.00097  0.00482  2.71   98430     475  491064  4255732  43.24
  2014        45-49     0.00155  0.00775  2.63   97956     759  487981  3764668  38.43
  2014        50-54     0.00270  0.01340  2.69   97197    1302  482975  3276687  33.71
  2014        55-59     0.00426  0.02108  2.62   95895    2022  474665  2793712  29.13
  2014        60-64     0.00675  0.03321  2.64   93873    3117  461993  2319047  24.70
  2014        65-69     0.01026  0.05011  2.67   90756    4548  443196  1857054  20.46
  2014        70-74     0.01809  0.08680  2.66   86208    7483  413553  1413858  16.40
  2014        75-79     0.03106  0.14484  2.68   78725   11403  367162  1000305  12.71
  2014        80-84     0.05846  0.25665  2.62   67322   17278  295557   633144   9.40
  2014        85-89     0.10142  0.40505  2.52   50044   20271  199874   337587   6.75
  2014        90-94     0.17987  0.61058  2.37   29774   18179  101067   137713   4.63
  2014        95-99     0.29364  0.79073  2.08   11594    9168   31222    36645   3.16
  2014       100-104    0.43641  0.90564  1.77    2426    2197    5035     5423   2.24
  2014       105-109    0.58619  0.95890  1.49     229     220     375      388   1.69
  2014       110+       0.69886  1.00000  1.43       9       9      13       13   1.43
  2015           0      0.00315  0.00315  0.14  100000     315   99730  8215620  82.16
  2015         1-4      0.00017  0.00069  1.54   99685      69  398571  8115889  81.42
  2015         5-9      0.00010  0.00049  2.43   99616      49  497956  7717318  77.47
  2015        10-14     0.00013  0.00063  2.70   99567      63  497692  7219362  72.51
  2015        15-19     0.00024  0.00120  2.88   99504     120  497268  6721670  67.55
  2015        20-24     0.00035  0.00177  2.59   99385     176  496500  6224402  62.63
  2015        25-29     0.00036  0.00179  2.47   99209     178  495595  5727903  57.74
  2015        30-34     0.00044  0.00221  2.65   99031     219  494641  5232308  52.84
  2015        35-39     0.00054  0.00267  2.54   98812     264  493410  4737667  47.95
  2015        40-44     0.00098  0.00489  2.73   98548     482  491646  4244257  43.07
  2015        45-49     0.00152  0.00757  2.63   98066     743  488574  3752611  38.27
  2015        50-54     0.00294  0.01461  2.66   97324    1422  483297  3264037  33.54
  2015        55-59     0.00418  0.02068  2.63   95902    1983  474808  2780740  29.00
  2015        60-64     0.00657  0.03237  2.65   93919    3040  462441  2305931  24.55
  2015        65-69     0.01100  0.05363  2.68   90878    4874  443105  1843490  20.29
  2015        70-74     0.01837  0.08811  2.68   86004    7578  412464  1400385  16.28
  2015        75-79     0.03171  0.14754  2.64   78427   11571  364861   987921  12.60
  2015        80-84     0.05843  0.25704  2.66   66855   17185  294082   623060   9.32
  2015        85-89     0.10719  0.42265  2.50   49671   20994  195849   328978   6.62
  2015        90-94     0.17606  0.59946  2.34   28677   17191   97640   133129   4.64
  2015        95-99     0.30137  0.79991  2.07   11486    9188   30487    35489   3.09
  2015       100-104    0.44903  0.91258  1.75    2298    2097    4671     5001   2.18
  2015       105-109    0.60463  0.96331  1.46     201     194     320      330   1.64
  2015       110+       0.72220  1.00000  1.38       7       7      10       10   1.38
  2016           0      0.00316  0.00315  0.14  100000     315   99730  8250154  82.50
  2016         1-4      0.00017  0.00068  1.33   99685      68  398560  8150424  81.76
  2016         5-9      0.00011  0.00053  2.42   99617      52  497951  7751865  77.82
  2016        10-14     0.00011  0.00054  2.87   99565      54  497710  7253913  72.86
  2016        15-19     0.00026  0.00129  2.76   99511     128  497267  6756203  67.89
  2016        20-24     0.00032  0.00158  2.42   99383     157  496507  6258936  62.98
  2016        25-29     0.00038  0.00188  2.62   99225     186  495683  5762429  58.07
  2016        30-34     0.00046  0.00229  2.72   99039     227  494677  5266745  53.18
  2016        35-39     0.00065  0.00324  2.75   98812     321  493338  4772068  48.29
  2016        40-44     0.00098  0.00487  2.79   98491     479  491399  4278730  43.44
  2016        45-49     0.00152  0.00757  2.72   98012     742  488370  3787332  38.64
  2016        50-54     0.00261  0.01296  2.79   97270    1261  483569  3298962  33.92
  2016        55-59     0.00416  0.02060  2.61   96010    1978  475316  2815393  29.32
  2016        60-64     0.00658  0.03242  2.66   94031    3048  463035  2340077  24.89
  2016        65-69     0.01030  0.05029  2.66   90983    4576  444208  1877042  20.63
  2016        70-74     0.01762  0.08467  2.70   86408    7316  415200  1432835  16.58
  2016        75-79     0.02996  0.14000  2.66   79092   11073  369592  1017634  12.87
  2016        80-84     0.05602  0.24713  2.62   68019   16809  300083   648043   9.53
  2016        85-89     0.10248  0.40846  2.52   51210   20917  204099   347960   6.79
  2016        90-94     0.16997  0.58627  2.35   30293   17760  104489   143860   4.75
  2016        95-99     0.29538  0.79323  2.08   12533    9942   33657    39372   3.14
  2016       100-104    0.44257  0.90933  1.76    2591    2356    5324     5715   2.21
  2016       105-109    0.59773  0.96179  1.47     235     226     378      391   1.66
  2016       110+       0.71469  1.00000  1.40       9       9      13       13   1.40
