Germany, Life tables (period 1x5), Total	Last modified: 03 Jun 2022;  Methods Protocol: v6 (2017)

  Year          Age         mx       qx    ax      lx      dx      Lx       Tx     ex
1990-1994        0      0.00623  0.00620  0.14  100000     620   99465  7586681  75.87
1990-1994        1      0.00058  0.00058  0.50   99380      57   99352  7487216  75.34
1990-1994        2      0.00036  0.00036  0.50   99323      36   99305  7387864  74.38
1990-1994        3      0.00030  0.00030  0.50   99287      30   99272  7288559  73.41
1990-1994        4      0.00024  0.00024  0.50   99257      24   99245  7189287  72.43
1990-1994        5      0.00021  0.00021  0.50   99233      21   99222  7090042  71.45
1990-1994        6      0.00019  0.00019  0.50   99212      19   99202  6990820  70.46
1990-1994        7      0.00018  0.00018  0.50   99193      18   99184  6891617  69.48
1990-1994        8      0.00018  0.00018  0.50   99175      17   99166  6792434  68.49
1990-1994        9      0.00016  0.00016  0.50   99158      16   99150  6693267  67.50
1990-1994       10      0.00016  0.00016  0.50   99142      16   99134  6594118  66.51
1990-1994       11      0.00017  0.00017  0.50   99126      17   99118  6494983  65.52
1990-1994       12      0.00017  0.00017  0.50   99109      17   99101  6395866  64.53
1990-1994       13      0.00019  0.00019  0.50   99093      19   99084  6296764  63.54
1990-1994       14      0.00022  0.00022  0.50   99074      22   99063  6197681  62.56
1990-1994       15      0.00030  0.00030  0.50   99053      30   99038  6098617  61.57
1990-1994       16      0.00042  0.00042  0.50   99023      42   99002  5999580  60.59
1990-1994       17      0.00051  0.00051  0.50   98981      50   98956  5900577  59.61
1990-1994       18      0.00075  0.00075  0.50   98931      74   98894  5801621  58.64
1990-1994       19      0.00080  0.00080  0.50   98857      79   98817  5702728  57.69
1990-1994       20      0.00076  0.00076  0.50   98777      75   98740  5603911  56.73
1990-1994       21      0.00075  0.00075  0.50   98703      74   98665  5505171  55.78
1990-1994       22      0.00074  0.00074  0.50   98628      73   98592  5406506  54.82
1990-1994       23      0.00072  0.00072  0.50   98556      71   98520  5307914  53.86
1990-1994       24      0.00071  0.00071  0.50   98484      70   98449  5209394  52.90
1990-1994       25      0.00074  0.00074  0.50   98414      73   98377  5110945  51.93
1990-1994       26      0.00074  0.00074  0.50   98341      73   98304  5012568  50.97
1990-1994       27      0.00075  0.00075  0.50   98268      73   98232  4914263  50.01
1990-1994       28      0.00079  0.00079  0.50   98195      77   98156  4816032  49.05
1990-1994       29      0.00085  0.00085  0.50   98118      84   98076  4717875  48.08
1990-1994       30      0.00092  0.00092  0.50   98034      90   97989  4619799  47.12
1990-1994       31      0.00094  0.00094  0.50   97944      92   97898  4521810  46.17
1990-1994       32      0.00102  0.00102  0.50   97852     100   97802  4423913  45.21
1990-1994       33      0.00113  0.00113  0.50   97752     111   97696  4326111  44.26
1990-1994       34      0.00122  0.00121  0.50   97641     119   97582  4228415  43.31
1990-1994       35      0.00129  0.00129  0.50   97522     126   97459  4130833  42.36
1990-1994       36      0.00141  0.00141  0.50   97397     137   97328  4033374  41.41
1990-1994       37      0.00153  0.00153  0.50   97260     149   97185  3936046  40.47
1990-1994       38      0.00162  0.00162  0.50   97111     158   97032  3838861  39.53
1990-1994       39      0.00176  0.00176  0.50   96953     171   96868  3741829  38.59
1990-1994       40      0.00194  0.00194  0.50   96782     187   96688  3644961  37.66
1990-1994       41      0.00207  0.00207  0.50   96595     200   96495  3548273  36.73
1990-1994       42      0.00222  0.00222  0.50   96395     214   96288  3451778  35.81
1990-1994       43      0.00242  0.00242  0.50   96181     232   96065  3355490  34.89
1990-1994       44      0.00262  0.00261  0.50   95949     251   95823  3259425  33.97
1990-1994       45      0.00290  0.00289  0.50   95698     277   95559  3163602  33.06
1990-1994       46      0.00318  0.00317  0.50   95421     303   95270  3068042  32.15
1990-1994       47      0.00346  0.00346  0.50   95118     329   94954  2972773  31.25
1990-1994       48      0.00384  0.00384  0.50   94790     364   94608  2877819  30.36
1990-1994       49      0.00414  0.00413  0.50   94426     390   94231  2783211  29.48
1990-1994       50      0.00459  0.00458  0.50   94036     431   93820  2688980  28.60
1990-1994       51      0.00491  0.00490  0.50   93605     458   93376  2595160  27.72
1990-1994       52      0.00536  0.00534  0.50   93147     498   92898  2501784  26.86
1990-1994       53      0.00580  0.00579  0.50   92649     536   92381  2408887  26.00
1990-1994       54      0.00644  0.00642  0.50   92113     592   91817  2316506  25.15
1990-1994       55      0.00704  0.00702  0.50   91521     642   91200  2224689  24.31
1990-1994       56      0.00770  0.00767  0.50   90879     697   90530  2133489  23.48
1990-1994       57      0.00856  0.00852  0.50   90181     768   89797  2042959  22.65
1990-1994       58      0.00945  0.00941  0.50   89413     841   88992  1953162  21.84
1990-1994       59      0.01046  0.01041  0.50   88572     922   88111  1864169  21.05
1990-1994       60      0.01156  0.01149  0.50   87650    1007   87146  1776059  20.26
1990-1994       61      0.01261  0.01253  0.50   86643    1086   86100  1688912  19.49
1990-1994       62      0.01382  0.01373  0.50   85557    1175   84969  1602813  18.73
1990-1994       63      0.01497  0.01486  0.50   84382    1254   83755  1517843  17.99
1990-1994       64      0.01619  0.01606  0.50   83128    1335   82461  1434088  17.25
1990-1994       65      0.01729  0.01714  0.50   81793    1402   81092  1351627  16.52
1990-1994       66      0.01866  0.01849  0.50   80391    1486   79648  1270535  15.80
1990-1994       67      0.02010  0.01990  0.50   78905    1570   78119  1190888  15.09
1990-1994       68      0.02196  0.02172  0.50   77334    1679   76495  1112768  14.39
1990-1994       69      0.02413  0.02384  0.50   75655    1803   74753  1036274  13.70
1990-1994       70      0.02712  0.02676  0.50   73851    1976   72863   961521  13.02
1990-1994       71      0.02947  0.02904  0.50   71875    2087   70831   888657  12.36
1990-1994       72      0.03249  0.03197  0.50   69788    2231   68672   817826  11.72
1990-1994       73      0.03587  0.03524  0.50   67557    2381   66366   749154  11.09
1990-1994       74      0.03952  0.03876  0.50   65176    2526   63913   682788  10.48
1990-1994       75      0.04340  0.04248  0.50   62650    2662   61319   618874   9.88
1990-1994       76      0.04947  0.04827  0.50   59989    2896   58541   557555   9.29
1990-1994       77      0.05480  0.05333  0.50   57093    3045   55570   499014   8.74
1990-1994       78      0.06120  0.05938  0.50   54048    3209   52443   443444   8.20
1990-1994       79      0.06821  0.06596  0.50   50838    3353   49162   391001   7.69
1990-1994       80      0.07591  0.07314  0.50   47485    3473   45749   341839   7.20
1990-1994       81      0.08520  0.08172  0.50   44012    3597   42214   296091   6.73
1990-1994       82      0.09522  0.09089  0.50   40416    3674   38579   253877   6.28
1990-1994       83      0.10653  0.10115  0.50   36742    3716   34884   215298   5.86
1990-1994       84      0.11854  0.11191  0.50   33026    3696   31178   180414   5.46
1990-1994       85      0.13283  0.12456  0.50   29330    3653   27503   149236   5.09
1990-1994       86      0.14813  0.13791  0.50   25677    3541   23906   121733   4.74
1990-1994       87      0.16341  0.15107  0.50   22136    3344   20464    97826   4.42
1990-1994       88      0.18147  0.16638  0.50   18791    3126   17228    77363   4.12
1990-1994       89      0.19805  0.18021  0.50   15665    2823   14254    60135   3.84
1990-1994       90      0.22143  0.19936  0.50   12842    2560   11562    45881   3.57
1990-1994       91      0.24177  0.21570  0.50   10282    2218    9173    34319   3.34
1990-1994       92      0.26263  0.23215  0.50    8064    1872    7128    25146   3.12
1990-1994       93      0.28662  0.25069  0.50    6192    1552    5416    18018   2.91
1990-1994       94      0.31164  0.26963  0.50    4640    1251    4014    12602   2.72
1990-1994       95      0.34263  0.29252  0.50    3389     991    2893     8588   2.53
1990-1994       96      0.37143  0.31325  0.50    2397     751    2022     5695   2.38
1990-1994       97      0.40127  0.33421  0.50    1646     550    1371     3673   2.23
1990-1994       98      0.43196  0.35523  0.50    1096     389     901     2301   2.10
1990-1994       99      0.46327  0.37614  0.50     707     266     574     1400   1.98
1990-1994      100      0.49498  0.39678  0.50     441     175     353      826   1.87
1990-1994      101      0.52681  0.41697  0.50     266     111     211      473   1.78
1990-1994      102      0.55851  0.43659  0.50     155      68     121      262   1.69
1990-1994      103      0.58982  0.45549  0.50      87      40      67      141   1.61
1990-1994      104      0.62049  0.47357  0.50      48      23      36       73   1.54
1990-1994      105      0.65029  0.49073  0.50      25      12      19       37   1.48
1990-1994      106      0.67902  0.50692  0.50      13       6      10       18   1.43
1990-1994      107      0.70651  0.52208  0.50       6       3       5        9   1.38
1990-1994      108      0.73262  0.53620  0.50       3       2       2        4   1.34
1990-1994      109      0.75724  0.54927  0.50       1       1       1        2   1.30
1990-1994      110+     0.78031  1.00000  1.28       1       1       1        1   1.28
1995-1999        0      0.00487  0.00485  0.14  100000     485   99583  7718383  77.18
1995-1999        1      0.00045  0.00045  0.50   99515      44   99493  7618800  76.56
1995-1999        2      0.00028  0.00028  0.50   99471      28   99457  7519307  75.59
1995-1999        3      0.00021  0.00021  0.50   99443      21   99433  7419850  74.61
1995-1999        4      0.00018  0.00018  0.50   99422      18   99413  7320418  73.63
1995-1999        5      0.00014  0.00014  0.50   99404      14   99397  7221004  72.64
1995-1999        6      0.00015  0.00015  0.50   99390      15   99383  7121607  71.65
1995-1999        7      0.00014  0.00014  0.50   99376      13   99369  7022224  70.66
1995-1999        8      0.00012  0.00012  0.50   99362      12   99356  6922855  69.67
1995-1999        9      0.00012  0.00012  0.50   99350      12   99344  6823499  68.68
1995-1999       10      0.00012  0.00012  0.50   99338      12   99332  6724155  67.69
1995-1999       11      0.00012  0.00012  0.50   99326      12   99320  6624823  66.70
1995-1999       12      0.00014  0.00014  0.50   99314      14   99307  6525503  65.71
1995-1999       13      0.00016  0.00016  0.50   99301      16   99293  6426195  64.71
1995-1999       14      0.00020  0.00020  0.50   99285      20   99275  6326902  63.72
1995-1999       15      0.00026  0.00026  0.50   99265      26   99253  6227627  62.74
1995-1999       16      0.00037  0.00037  0.50   99240      37   99221  6128375  61.75
1995-1999       17      0.00047  0.00047  0.50   99203      47   99179  6029154  60.78
1995-1999       18      0.00075  0.00075  0.50   99156      75   99119  5929974  59.80
1995-1999       19      0.00073  0.00073  0.50   99081      73   99045  5830856  58.85
1995-1999       20      0.00070  0.00070  0.50   99009      69   98974  5731811  57.89
1995-1999       21      0.00069  0.00069  0.50   98940      68   98906  5632837  56.93
1995-1999       22      0.00064  0.00064  0.50   98872      64   98840  5533931  55.97
1995-1999       23      0.00064  0.00064  0.50   98808      63   98777  5435091  55.01
1995-1999       24      0.00064  0.00064  0.50   98745      63   98714  5336314  54.04
1995-1999       25      0.00062  0.00062  0.50   98682      61   98652  5237600  53.08
1995-1999       26      0.00061  0.00061  0.50   98621      60   98591  5138948  52.11
1995-1999       27      0.00065  0.00065  0.50   98561      64   98529  5040357  51.14
1995-1999       28      0.00068  0.00068  0.50   98497      67   98464  4941828  50.17
1995-1999       29      0.00069  0.00069  0.50   98430      68   98396  4843364  49.21
1995-1999       30      0.00071  0.00071  0.50   98362      70   98327  4744968  48.24
1995-1999       31      0.00077  0.00076  0.50   98292      75   98254  4646641  47.27
1995-1999       32      0.00081  0.00081  0.50   98217      79   98177  4548387  46.31
1995-1999       33      0.00088  0.00087  0.50   98137      86   98094  4450210  45.35
1995-1999       34      0.00096  0.00096  0.50   98051      94   98004  4352116  44.39
1995-1999       35      0.00104  0.00104  0.50   97958     102   97907  4254112  43.43
1995-1999       36      0.00116  0.00116  0.50   97856     113   97799  4156205  42.47
1995-1999       37      0.00128  0.00128  0.50   97742     125   97680  4058406  41.52
1995-1999       38      0.00138  0.00138  0.50   97618     134   97550  3960726  40.57
1995-1999       39      0.00153  0.00153  0.50   97483     149   97408  3863175  39.63
1995-1999       40      0.00168  0.00168  0.50   97334     163   97252  3765767  38.69
1995-1999       41      0.00188  0.00188  0.50   97171     183   97079  3668515  37.75
1995-1999       42      0.00209  0.00209  0.50   96988     202   96887  3571435  36.82
1995-1999       43      0.00228  0.00228  0.50   96786     220   96675  3474548  35.90
1995-1999       44      0.00247  0.00247  0.50   96565     238   96446  3377873  34.98
1995-1999       45      0.00271  0.00270  0.50   96327     261   96197  3281427  34.07
1995-1999       46      0.00290  0.00290  0.50   96066     278   95927  3185230  33.16
1995-1999       47      0.00315  0.00315  0.50   95788     302   95637  3089303  32.25
1995-1999       48      0.00343  0.00342  0.50   95487     327   95323  2993665  31.35
1995-1999       49      0.00371  0.00370  0.50   95160     352   94984  2898342  30.46
1995-1999       50      0.00412  0.00411  0.50   94807     390   94613  2803359  29.57
1995-1999       51      0.00451  0.00450  0.50   94418     425   94205  2708746  28.69
1995-1999       52      0.00493  0.00492  0.50   93993     462   93761  2614541  27.82
1995-1999       53      0.00535  0.00533  0.50   93530     499   93281  2520780  26.95
1995-1999       54      0.00574  0.00573  0.50   93032     533   92765  2427498  26.09
1995-1999       55      0.00622  0.00620  0.50   92499     574   92212  2334733  25.24
1995-1999       56      0.00675  0.00673  0.50   91925     618   91616  2242521  24.40
1995-1999       57      0.00739  0.00736  0.50   91307     672   90971  2150905  23.56
1995-1999       58      0.00790  0.00787  0.50   90635     713   90278  2059934  22.73
1995-1999       59      0.00885  0.00882  0.50   89921     793   89525  1969656  21.90
1995-1999       60      0.00977  0.00972  0.50   89129     867   88695  1880131  21.09
1995-1999       61      0.01080  0.01074  0.50   88262     948   87788  1791436  20.30
1995-1999       62      0.01183  0.01176  0.50   87314    1027   86801  1703648  19.51
1995-1999       63      0.01312  0.01304  0.50   86287    1125   85725  1616847  18.74
1995-1999       64      0.01447  0.01436  0.50   85162    1223   84551  1531122  17.98
1995-1999       65      0.01603  0.01590  0.50   83939    1335   83272  1446572  17.23
1995-1999       66      0.01748  0.01733  0.50   82605    1431   81889  1363300  16.50
1995-1999       67      0.01931  0.01912  0.50   81173    1552   80397  1281411  15.79
1995-1999       68      0.02102  0.02080  0.50   79621    1656   78793  1201014  15.08
1995-1999       69      0.02272  0.02247  0.50   77964    1752   77089  1122221  14.39
1995-1999       70      0.02445  0.02416  0.50   76213    1841   75292  1045133  13.71
1995-1999       71      0.02666  0.02631  0.50   74372    1957   73393   969841  13.04
1995-1999       72      0.02912  0.02871  0.50   72415    2079   71375   896447  12.38
1995-1999       73      0.03198  0.03148  0.50   70336    2214   69229   825072  11.73
1995-1999       74      0.03554  0.03492  0.50   68122    2379   66933   755843  11.10
1995-1999       75      0.04025  0.03946  0.50   65743    2594   64446   688910  10.48
1995-1999       76      0.04352  0.04259  0.50   63149    2690   61804   624464   9.89
1995-1999       77      0.04833  0.04719  0.50   60459    2853   59033   562660   9.31
1995-1999       78      0.05369  0.05229  0.50   57606    3012   56100   503627   8.74
1995-1999       79      0.05958  0.05786  0.50   54594    3159   53015   447527   8.20
1995-1999       80      0.06666  0.06451  0.50   51436    3318   49777   394512   7.67
1995-1999       81      0.07693  0.07408  0.50   48118    3565   46335   344735   7.16
1995-1999       82      0.08531  0.08182  0.50   44553    3645   42730   298400   6.70
1995-1999       83      0.09488  0.09058  0.50   40908    3705   39055   255670   6.25
1995-1999       84      0.10624  0.10088  0.50   37202    3753   35326   216615   5.82
1995-1999       85      0.11818  0.11158  0.50   33449    3732   31583   181289   5.42
1995-1999       86      0.13137  0.12327  0.50   29717    3663   27885   149705   5.04
1995-1999       87      0.14786  0.13768  0.50   26054    3587   24260   121820   4.68
1995-1999       88      0.16441  0.15192  0.50   22467    3413   20760    97560   4.34
1995-1999       89      0.18375  0.16828  0.50   19054    3206   17450    76800   4.03
1995-1999       90      0.20419  0.18528  0.50   15847    2936   14379    59349   3.75
1995-1999       91      0.22536  0.20254  0.50   12911    2615   11604    44970   3.48
1995-1999       92      0.24869  0.22118  0.50   10296    2277    9157    33367   3.24
1995-1999       93      0.27233  0.23969  0.50    8019    1922    7058    24210   3.02
1995-1999       94      0.29960  0.26057  0.50    6097    1589    5302    17152   2.81
1995-1999       95      0.32566  0.28006  0.50    4508    1263    3877    11849   2.63
1995-1999       96      0.35475  0.30131  0.50    3246     978    2757     7973   2.46
1995-1999       97      0.38505  0.32288  0.50    2268     732    1902     5216   2.30
1995-1999       98      0.41635  0.34461  0.50    1535     529    1271     3314   2.16
1995-1999       99      0.44842  0.36630  0.50    1006     369     822     2044   2.03
1995-1999      100      0.48101  0.38775  0.50     638     247     514     1222   1.92
1995-1999      101      0.51384  0.40881  0.50     390     160     311      707   1.81
1995-1999      102      0.54662  0.42929  0.50     231      99     181      397   1.72
1995-1999      103      0.57906  0.44905  0.50     132      59     102      216   1.64
1995-1999      104      0.61090  0.46796  0.50      73      34      56      113   1.56
1995-1999      105      0.64187  0.48592  0.50      39      19      29       58   1.50
1995-1999      106      0.67176  0.50286  0.50      20      10      15       29   1.44
1995-1999      107      0.70035  0.51871  0.50      10       5       7       14   1.39
1995-1999      108      0.72750  0.53346  0.50       5       3       3        6   1.34
1995-1999      109      0.75309  0.54709  0.50       2       1       2        3   1.31
1995-1999      110+     0.77704  1.00000  1.29       1       1       1        1   1.29
2000-2004        0      0.00422  0.00421  0.14  100000     421   99638  7851807  78.52
2000-2004        1      0.00039  0.00039  0.50   99579      39   99560  7752169  77.85
2000-2004        2      0.00022  0.00022  0.50   99540      22   99529  7652609  76.88
2000-2004        3      0.00019  0.00019  0.50   99518      18   99509  7553080  75.90
2000-2004        4      0.00014  0.00014  0.50   99500      14   99493  7453571  74.91
2000-2004        5      0.00013  0.00013  0.50   99486      13   99480  7354077  73.92
2000-2004        6      0.00011  0.00011  0.50   99474      11   99468  7254597  72.93
2000-2004        7      0.00010  0.00010  0.50   99462      10   99457  7155129  71.94
2000-2004        8      0.00011  0.00011  0.50   99452      11   99447  7055672  70.95
2000-2004        9      0.00010  0.00010  0.50   99441      10   99437  6956225  69.95
2000-2004       10      0.00009  0.00009  0.50   99432       9   99427  6856788  68.96
2000-2004       11      0.00012  0.00012  0.50   99423      12   99416  6757361  67.97
2000-2004       12      0.00012  0.00012  0.50   99410      12   99405  6657945  66.97
2000-2004       13      0.00013  0.00013  0.50   99399      13   99392  6558540  65.98
2000-2004       14      0.00016  0.00016  0.50   99386      16   99378  6459148  64.99
2000-2004       15      0.00021  0.00021  0.50   99370      21   99359  6359770  64.00
2000-2004       16      0.00031  0.00031  0.50   99349      31   99333  6260411  63.01
2000-2004       17      0.00038  0.00038  0.50   99318      38   99299  6161077  62.03
2000-2004       18      0.00058  0.00058  0.50   99280      58   99251  6061779  61.06
2000-2004       19      0.00060  0.00060  0.50   99222      59   99192  5962528  60.09
2000-2004       20      0.00060  0.00060  0.50   99163      60   99133  5863336  59.13
2000-2004       21      0.00056  0.00056  0.50   99103      56   99075  5764204  58.16
2000-2004       22      0.00055  0.00055  0.50   99047      54   99020  5665129  57.20
2000-2004       23      0.00054  0.00054  0.50   98993      54   98966  5566109  56.23
2000-2004       24      0.00054  0.00054  0.50   98939      53   98913  5467143  55.26
2000-2004       25      0.00052  0.00052  0.50   98886      51   98861  5368230  54.29
2000-2004       26      0.00052  0.00052  0.50   98835      52   98809  5269369  53.31
2000-2004       27      0.00054  0.00054  0.50   98783      54   98756  5170560  52.34
2000-2004       28      0.00055  0.00055  0.50   98730      54   98702  5071804  51.37
2000-2004       29      0.00055  0.00055  0.50   98675      54   98648  4973102  50.40
2000-2004       30      0.00057  0.00057  0.50   98621      56   98593  4874453  49.43
2000-2004       31      0.00061  0.00061  0.50   98565      60   98535  4775860  48.45
2000-2004       32      0.00064  0.00064  0.50   98505      63   98473  4677325  47.48
2000-2004       33      0.00068  0.00068  0.50   98441      67   98408  4578853  46.51
2000-2004       34      0.00076  0.00076  0.50   98374      75   98337  4480445  45.55
2000-2004       35      0.00084  0.00084  0.50   98299      82   98258  4382108  44.58
2000-2004       36      0.00091  0.00091  0.50   98217      89   98172  4283850  43.62
2000-2004       37      0.00099  0.00099  0.50   98128      97   98079  4185678  42.66
2000-2004       38      0.00112  0.00112  0.50   98031     110   97976  4087598  41.70
2000-2004       39      0.00124  0.00124  0.50   97921     121   97861  3989622  40.74
2000-2004       40      0.00138  0.00138  0.50   97800     135   97732  3891762  39.79
2000-2004       41      0.00154  0.00154  0.50   97665     150   97590  3794029  38.85
2000-2004       42      0.00176  0.00176  0.50   97514     171   97429  3696440  37.91
2000-2004       43      0.00197  0.00197  0.50   97343     191   97247  3599011  36.97
2000-2004       44      0.00214  0.00214  0.50   97152     208   97048  3501764  36.04
2000-2004       45      0.00241  0.00241  0.50   96944     234   96827  3404716  35.12
2000-2004       46      0.00269  0.00269  0.50   96710     260   96580  3307889  34.20
2000-2004       47      0.00294  0.00293  0.50   96450     283   96309  3211309  33.30
2000-2004       48      0.00320  0.00320  0.50   96167     308   96013  3115000  32.39
2000-2004       49      0.00352  0.00351  0.50   95860     337   95691  3018987  31.49
2000-2004       50      0.00380  0.00379  0.50   95523     362   95342  2923296  30.60
2000-2004       51      0.00408  0.00407  0.50   95161     387   94968  2827954  29.72
2000-2004       52      0.00449  0.00448  0.50   94774     425   94562  2732986  28.84
2000-2004       53      0.00482  0.00481  0.50   94349     454   94122  2638425  27.96
2000-2004       54      0.00526  0.00525  0.50   93895     493   93649  2544303  27.10
2000-2004       55      0.00570  0.00569  0.50   93402     531   93137  2450654  26.24
2000-2004       56      0.00615  0.00613  0.50   92871     569   92587  2357517  25.38
2000-2004       57      0.00677  0.00675  0.50   92302     623   91990  2264931  24.54
2000-2004       58      0.00741  0.00738  0.50   91679     677   91340  2172940  23.70
2000-2004       59      0.00791  0.00788  0.50   91002     717   90643  2081600  22.87
2000-2004       60      0.00858  0.00854  0.50   90285     771   89899  1990957  22.05
2000-2004       61      0.00925  0.00920  0.50   89514     824   89102  1901058  21.24
2000-2004       62      0.01010  0.01005  0.50   88690     891   88244  1811956  20.43
2000-2004       63      0.01093  0.01087  0.50   87799     955   87321  1723712  19.63
2000-2004       64      0.01191  0.01184  0.50   86844    1028   86330  1636390  18.84
2000-2004       65      0.01330  0.01321  0.50   85816    1134   85249  1550061  18.06
2000-2004       66      0.01464  0.01453  0.50   84682    1231   84067  1464812  17.30
2000-2004       67      0.01617  0.01604  0.50   83452    1338   82782  1380745  16.55
2000-2004       68      0.01795  0.01779  0.50   82113    1461   81383  1297962  15.81
2000-2004       69      0.01973  0.01954  0.50   80653    1576   79865  1216579  15.08
2000-2004       70      0.02200  0.02176  0.50   79077    1720   78216  1136714  14.37
2000-2004       71      0.02434  0.02405  0.50   77356    1861   76426  1058498  13.68
2000-2004       72      0.02677  0.02641  0.50   75496    1994   74499   982072  13.01
2000-2004       73      0.02926  0.02884  0.50   73502    2120   72442   907574  12.35
2000-2004       74      0.03205  0.03154  0.50   71382    2252   70256   835132  11.70
2000-2004       75      0.03521  0.03460  0.50   69130    2392   67934   764876  11.06
2000-2004       76      0.03848  0.03776  0.50   66738    2520   65478   696942  10.44
2000-2004       77      0.04248  0.04160  0.50   64219    2671   62883   631463   9.83
2000-2004       78      0.04743  0.04633  0.50   61547    2851   60122   568580   9.24
2000-2004       79      0.05308  0.05171  0.50   58696    3035   57178   508459   8.66
2000-2004       80      0.06113  0.05931  0.50   55661    3301   54010   451280   8.11
2000-2004       81      0.06781  0.06559  0.50   52359    3434   50642   397270   7.59
2000-2004       82      0.07560  0.07285  0.50   48925    3564   47143   346628   7.08
2000-2004       83      0.08535  0.08185  0.50   45361    3713   43505   299485   6.60
2000-2004       84      0.09454  0.09028  0.50   41648    3760   39768   255980   6.15
2000-2004       85      0.10536  0.10009  0.50   37888    3792   35992   216212   5.71
2000-2004       86      0.12157  0.11460  0.50   34096    3907   32142   180219   5.29
2000-2004       87      0.13687  0.12810  0.50   30189    3867   28255   148077   4.91
2000-2004       88      0.15240  0.14161  0.50   26322    3727   24458   119822   4.55
2000-2004       89      0.17098  0.15752  0.50   22594    3559   20815    95364   4.22
2000-2004       90      0.18886  0.17256  0.50   19035    3285   17393    74549   3.92
2000-2004       91      0.21282  0.19236  0.50   15751    3030   14236    57156   3.63
2000-2004       92      0.23500  0.21029  0.50   12721    2675   11383    42921   3.37
2000-2004       93      0.25739  0.22804  0.50   10046    2291    8900    31537   3.14
2000-2004       94      0.28149  0.24676  0.50    7755    1914    6798    22637   2.92
2000-2004       95      0.31142  0.26947  0.50    5841    1574    5054    15839   2.71
2000-2004       96      0.34079  0.29118  0.50    4267    1243    3646    10785   2.53
2000-2004       97      0.37153  0.31333  0.50    3025     948    2551     7139   2.36
2000-2004       98      0.40343  0.33571  0.50    2077     697    1728     4588   2.21
2000-2004       99      0.43626  0.35814  0.50    1380     494    1133     2859   2.07
2000-2004      100      0.46974  0.38040  0.50     886     337     717     1727   1.95
2000-2004      101      0.50358  0.40229  0.50     549     221     438     1009   1.84
2000-2004      102      0.53746  0.42362  0.50     328     139     259      571   1.74
2000-2004      103      0.57106  0.44422  0.50     189      84     147      313   1.65
2000-2004      104      0.60409  0.46396  0.50     105      49      81      166   1.58
2000-2004      105      0.63625  0.48270  0.50      56      27      43       85   1.51
2000-2004      106      0.66729  0.50035  0.50      29      15      22       42   1.45
2000-2004      107      0.69699  0.51687  0.50      15       8      11       20   1.39
2000-2004      108      0.72517  0.53220  0.50       7       4       5        9   1.35
2000-2004      109      0.75169  0.54635  0.50       3       2       2        4   1.31
2000-2004      110+     0.77647  1.00000  1.29       1       1       2        2   1.29
2005-2009        0      0.00372  0.00370  0.14  100000     370   99682  7966275  79.66
2005-2009        1      0.00032  0.00032  0.50   99630      32   99614  7866593  78.96
2005-2009        2      0.00019  0.00019  0.50   99598      18   99588  7766980  77.98
2005-2009        3      0.00015  0.00015  0.50   99579      15   99572  7667391  77.00
2005-2009        4      0.00013  0.00013  0.50   99564      13   99558  7567820  76.01
2005-2009        5      0.00011  0.00011  0.50   99551      11   99546  7468262  75.02
2005-2009        6      0.00010  0.00010  0.50   99541      10   99536  7368716  74.03
2005-2009        7      0.00009  0.00009  0.50   99531       9   99526  7269180  73.03
2005-2009        8      0.00009  0.00009  0.50   99522       9   99518  7169653  72.04
2005-2009        9      0.00008  0.00008  0.50   99513       8   99509  7070136  71.05
2005-2009       10      0.00008  0.00008  0.50   99505       8   99501  6970627  70.05
2005-2009       11      0.00009  0.00009  0.50   99497       9   99492  6871126  69.06
2005-2009       12      0.00010  0.00010  0.50   99488      10   99483  6771633  68.06
2005-2009       13      0.00011  0.00011  0.50   99478      11   99472  6672150  67.07
2005-2009       14      0.00015  0.00015  0.50   99467      14   99460  6572678  66.08
2005-2009       15      0.00018  0.00018  0.50   99452      17   99444  6473218  65.09
2005-2009       16      0.00023  0.00023  0.50   99435      23   99423  6373774  64.10
2005-2009       17      0.00028  0.00028  0.50   99412      28   99398  6274351  63.11
2005-2009       18      0.00042  0.00042  0.50   99384      42   99363  6174953  62.13
2005-2009       19      0.00041  0.00041  0.50   99342      41   99322  6075590  61.16
2005-2009       20      0.00043  0.00043  0.50   99301      43   99280  5976269  60.18
2005-2009       21      0.00041  0.00041  0.50   99258      41   99238  5876989  59.21
2005-2009       22      0.00043  0.00042  0.50   99217      42   99196  5777751  58.23
2005-2009       23      0.00042  0.00042  0.50   99175      42   99154  5678555  57.26
2005-2009       24      0.00042  0.00042  0.50   99133      42   99113  5579401  56.28
2005-2009       25      0.00043  0.00043  0.50   99092      43   99070  5480289  55.31
2005-2009       26      0.00046  0.00046  0.50   99049      45   99027  5381218  54.33
2005-2009       27      0.00046  0.00046  0.50   99004      45   98981  5282192  53.35
2005-2009       28      0.00045  0.00045  0.50   98959      45   98936  5183210  52.38
2005-2009       29      0.00048  0.00048  0.50   98914      47   98890  5084274  51.40
2005-2009       30      0.00050  0.00050  0.50   98867      49   98842  4985384  50.43
2005-2009       31      0.00055  0.00055  0.50   98818      54   98791  4886541  49.45
2005-2009       32      0.00056  0.00056  0.50   98764      55   98736  4787751  48.48
2005-2009       33      0.00059  0.00058  0.50   98708      58   98679  4689015  47.50
2005-2009       34      0.00064  0.00064  0.50   98650      63   98619  4590336  46.53
2005-2009       35      0.00069  0.00069  0.50   98588      68   98554  4491717  45.56
2005-2009       36      0.00074  0.00074  0.50   98520      73   98483  4393163  44.59
2005-2009       37      0.00081  0.00081  0.50   98447      79   98407  4294680  43.62
2005-2009       38      0.00089  0.00089  0.50   98367      87   98324  4196273  42.66
2005-2009       39      0.00101  0.00101  0.50   98280      99   98230  4097949  41.70
2005-2009       40      0.00113  0.00113  0.50   98181     111   98125  3999719  40.74
2005-2009       41      0.00124  0.00124  0.50   98070     121   98009  3901593  39.78
2005-2009       42      0.00139  0.00139  0.50   97949     136   97881  3803584  38.83
2005-2009       43      0.00159  0.00159  0.50   97813     156   97735  3705703  37.89
2005-2009       44      0.00176  0.00176  0.50   97657     172   97571  3607968  36.95
2005-2009       45      0.00201  0.00201  0.50   97485     196   97387  3510397  36.01
2005-2009       46      0.00226  0.00226  0.50   97289     220   97179  3413010  35.08
2005-2009       47      0.00254  0.00254  0.50   97069     247   96946  3315831  34.16
2005-2009       48      0.00281  0.00281  0.50   96823     272   96687  3218885  33.25
2005-2009       49      0.00314  0.00313  0.50   96551     302   96399  3122199  32.34
2005-2009       50      0.00344  0.00343  0.50   96248     330   96083  3025799  31.44
2005-2009       51      0.00380  0.00380  0.50   95918     364   95736  2929716  30.54
2005-2009       52      0.00417  0.00417  0.50   95554     398   95355  2833980  29.66
2005-2009       53      0.00451  0.00450  0.50   95156     428   94942  2738625  28.78
2005-2009       54      0.00494  0.00493  0.50   94728     467   94494  2643683  27.91
2005-2009       55      0.00537  0.00535  0.50   94260     505   94008  2549189  27.04
2005-2009       56      0.00578  0.00576  0.50   93756     540   93486  2455181  26.19
2005-2009       57      0.00619  0.00617  0.50   93216     575   92928  2361696  25.34
2005-2009       58      0.00683  0.00681  0.50   92641     631   92325  2268767  24.49
2005-2009       59      0.00731  0.00729  0.50   92010     671   91675  2176442  23.65
2005-2009       60      0.00807  0.00804  0.50   91339     735   90972  2084767  22.82
2005-2009       61      0.00876  0.00872  0.50   90605     790   90210  1993795  22.01
2005-2009       62      0.00945  0.00941  0.50   89815     845   89392  1903586  21.19
2005-2009       63      0.01017  0.01012  0.50   88970     901   88519  1814193  20.39
2005-2009       64      0.01083  0.01077  0.50   88069     949   87595  1725674  19.59
2005-2009       65      0.01182  0.01175  0.50   87120    1024   86608  1638080  18.80
2005-2009       66      0.01274  0.01266  0.50   86097    1090   85552  1551471  18.02
2005-2009       67      0.01380  0.01370  0.50   85007    1165   84424  1465920  17.24
2005-2009       68      0.01504  0.01493  0.50   83842    1252   83216  1381495  16.48
2005-2009       69      0.01663  0.01649  0.50   82590    1362   81909  1298279  15.72
2005-2009       70      0.01835  0.01818  0.50   81228    1477   80490  1216370  14.97
2005-2009       71      0.02031  0.02011  0.50   79751    1604   78949  1135880  14.24
2005-2009       72      0.02269  0.02243  0.50   78147    1753   77271  1056931  13.52
2005-2009       73      0.02517  0.02486  0.50   76394    1899   75445   979660  12.82
2005-2009       74      0.02828  0.02789  0.50   74495    2077   73457   904215  12.14
2005-2009       75      0.03160  0.03111  0.50   72418    2253   71292   830758  11.47
2005-2009       76      0.03545  0.03484  0.50   70165    2444   68943   759467  10.82
2005-2009       77      0.03956  0.03879  0.50   67721    2627   66407   690524  10.20
2005-2009       78      0.04422  0.04326  0.50   65094    2816   63686   624117   9.59
2005-2009       79      0.04883  0.04766  0.50   62278    2968   60794   560431   9.00
2005-2009       80      0.05540  0.05390  0.50   59310    3197   57711   499637   8.42
2005-2009       81      0.06178  0.05993  0.50   56113    3363   54431   441926   7.88
2005-2009       82      0.06940  0.06707  0.50   52750    3538   50981   387494   7.35
2005-2009       83      0.07836  0.07540  0.50   49212    3711   47357   336514   6.84
2005-2009       84      0.08819  0.08447  0.50   45501    3843   43579   289157   6.35
2005-2009       85      0.10207  0.09711  0.50   41658    4046   39635   245577   5.90
2005-2009       86      0.11319  0.10713  0.50   37612    4029   35598   205942   5.48
2005-2009       87      0.12806  0.12036  0.50   33583    4042   31562   170345   5.07
2005-2009       88      0.14419  0.13449  0.50   29541    3973   27555   138783   4.70
2005-2009       89      0.16060  0.14867  0.50   25568    3801   23668   111228   4.35
2005-2009       90      0.17704  0.16264  0.50   21767    3540   19997    87561   4.02
2005-2009       91      0.20419  0.18528  0.50   18227    3377   16538    67564   3.71
2005-2009       92      0.22699  0.20385  0.50   14850    3027   13336    51025   3.44
2005-2009       93      0.24988  0.22212  0.50   11823    2626   10510    37689   3.19
2005-2009       94      0.27792  0.24401  0.50    9197    2244    8075    27180   2.96
2005-2009       95      0.30400  0.26389  0.50    6952    1835    6035    19105   2.75
2005-2009       96      0.33428  0.28641  0.50    5118    1466    4385    13070   2.55
2005-2009       97      0.36607  0.30944  0.50    3652    1130    3087     8685   2.38
2005-2009       98      0.39917  0.33275  0.50    2522     839    2102     5598   2.22
2005-2009       99      0.43329  0.35613  0.50    1683     599    1383     3496   2.08
2005-2009      100      0.46813  0.37934  0.50    1083     411     878     2113   1.95
2005-2009      101      0.50334  0.40214  0.50     672     270     537     1235   1.84
2005-2009      102      0.53859  0.42432  0.50     402     171     317      697   1.73
2005-2009      103      0.57350  0.44570  0.50     231     103     180      381   1.64
2005-2009      104      0.60774  0.46610  0.50     128      60      98      201   1.57
2005-2009      105      0.64099  0.48541  0.50      68      33      52      102   1.49
2005-2009      106      0.67296  0.50353  0.50      35      18      26       51   1.43
2005-2009      107      0.70344  0.52040  0.50      17       9      13       24   1.38
2005-2009      108      0.73222  0.53599  0.50       8       4       6       11   1.33
2005-2009      109      0.75918  0.55029  0.50       4       2       3        5   1.30
2005-2009      110+     0.78424  1.00000  1.28       2       2       2        2   1.28
2010-2014        0      0.00339  0.00338  0.14  100000     338   99710  8046231  80.46
2010-2014        1      0.00027  0.00027  0.50   99662      27   99648  7946521  79.73
2010-2014        2      0.00015  0.00015  0.50   99635      15   99628  7846872  78.76
2010-2014        3      0.00012  0.00012  0.50   99620      12   99614  7747245  77.77
2010-2014        4      0.00011  0.00011  0.50   99608      11   99603  7647631  76.78
2010-2014        5      0.00010  0.00010  0.50   99597      10   99592  7548028  75.79
2010-2014        6      0.00008  0.00008  0.50   99587       8   99583  7448436  74.79
2010-2014        7      0.00008  0.00008  0.50   99579       8   99575  7348853  73.80
2010-2014        8      0.00008  0.00008  0.50   99571       8   99567  7249278  72.81
2010-2014        9      0.00008  0.00008  0.50   99563       8   99559  7149711  71.81
2010-2014       10      0.00007  0.00007  0.50   99555       7   99552  7050152  70.82
2010-2014       11      0.00007  0.00007  0.50   99548       7   99545  6950600  69.82
2010-2014       12      0.00009  0.00009  0.50   99541       9   99537  6851056  68.83
2010-2014       13      0.00010  0.00010  0.50   99532      10   99527  6751519  67.83
2010-2014       14      0.00011  0.00011  0.50   99522      11   99517  6651992  66.84
2010-2014       15      0.00014  0.00014  0.50   99511      14   99504  6552475  65.85
2010-2014       16      0.00020  0.00020  0.50   99497      20   99487  6452971  64.86
2010-2014       17      0.00024  0.00024  0.50   99478      24   99466  6353483  63.87
2010-2014       18      0.00033  0.00033  0.50   99454      33   99437  6254018  62.88
2010-2014       19      0.00034  0.00034  0.50   99421      34   99404  6154580  61.90
2010-2014       20      0.00034  0.00034  0.50   99387      34   99370  6055177  60.93
2010-2014       21      0.00035  0.00035  0.50   99353      35   99335  5955807  59.95
2010-2014       22      0.00034  0.00034  0.50   99318      34   99301  5856472  58.97
2010-2014       23      0.00038  0.00038  0.50   99284      38   99265  5757171  57.99
2010-2014       24      0.00036  0.00036  0.50   99246      36   99228  5657906  57.01
2010-2014       25      0.00038  0.00038  0.50   99210      37   99191  5558678  56.03
2010-2014       26      0.00038  0.00038  0.50   99172      38   99154  5459487  55.05
2010-2014       27      0.00041  0.00041  0.50   99135      40   99114  5360334  54.07
2010-2014       28      0.00042  0.00042  0.50   99094      41   99074  5261220  53.09
2010-2014       29      0.00045  0.00045  0.50   99053      44   99031  5162146  52.11
2010-2014       30      0.00045  0.00045  0.50   99009      45   98986  5063115  51.14
2010-2014       31      0.00049  0.00049  0.50   98964      48   98940  4964129  50.16
2010-2014       32      0.00053  0.00053  0.50   98916      52   98890  4865189  49.19
2010-2014       33      0.00057  0.00057  0.50   98864      56   98835  4766299  48.21
2010-2014       34      0.00060  0.00060  0.50   98807      59   98778  4667464  47.24
2010-2014       35      0.00063  0.00063  0.50   98748      62   98717  4568686  46.27
2010-2014       36      0.00068  0.00068  0.50   98686      67   98653  4469968  45.29
2010-2014       37      0.00071  0.00071  0.50   98619      70   98584  4371315  44.33
2010-2014       38      0.00083  0.00083  0.50   98549      82   98508  4272731  43.36
2010-2014       39      0.00090  0.00090  0.50   98467      89   98423  4174223  42.39
2010-2014       40      0.00097  0.00097  0.50   98379      96   98331  4075800  41.43
2010-2014       41      0.00108  0.00108  0.50   98283     106   98230  3977469  40.47
2010-2014       42      0.00121  0.00121  0.50   98177     119   98117  3879239  39.51
2010-2014       43      0.00135  0.00135  0.50   98058     133   97991  3781122  38.56
2010-2014       44      0.00150  0.00150  0.50   97925     147   97852  3683131  37.61
2010-2014       45      0.00167  0.00167  0.50   97778     163   97696  3585279  36.67
2010-2014       46      0.00187  0.00187  0.50   97615     182   97524  3487583  35.73
2010-2014       47      0.00213  0.00213  0.50   97432     208   97329  3390059  34.79
2010-2014       48      0.00235  0.00235  0.50   97225     228   97111  3292730  33.87
2010-2014       49      0.00268  0.00268  0.50   96997     260   96867  3195620  32.95
2010-2014       50      0.00297  0.00296  0.50   96737     287   96593  3098753  32.03
2010-2014       51      0.00339  0.00339  0.50   96450     327   96287  3002160  31.13
2010-2014       52      0.00376  0.00375  0.50   96123     360   95943  2905873  30.23
2010-2014       53      0.00416  0.00415  0.50   95763     398   95564  2809930  29.34
2010-2014       54      0.00459  0.00458  0.50   95365     437   95147  2714366  28.46
2010-2014       55      0.00500  0.00499  0.50   94929     474   94692  2619219  27.59
2010-2014       56      0.00546  0.00544  0.50   94455     514   94198  2524527  26.73
2010-2014       57      0.00597  0.00595  0.50   93941     559   93661  2430329  25.87
2010-2014       58      0.00653  0.00651  0.50   93382     608   93078  2336667  25.02
2010-2014       59      0.00712  0.00709  0.50   92774     658   92445  2243590  24.18
2010-2014       60      0.00779  0.00776  0.50   92116     715   91758  2151145  23.35
2010-2014       61      0.00841  0.00838  0.50   91401     766   91018  2059387  22.53
2010-2014       62      0.00903  0.00899  0.50   90635     814   90228  1968369  21.72
2010-2014       63      0.00977  0.00972  0.50   89821     873   89384  1878141  20.91
2010-2014       64      0.01066  0.01061  0.50   88948     944   88476  1788756  20.11
2010-2014       65      0.01150  0.01143  0.50   88004    1006   87501  1700281  19.32
2010-2014       66      0.01257  0.01250  0.50   86998    1087   86454  1612780  18.54
2010-2014       67      0.01338  0.01329  0.50   85911    1142   85340  1526325  17.77
2010-2014       68      0.01458  0.01448  0.50   84769    1227   84155  1440985  17.00
2010-2014       69      0.01561  0.01549  0.50   83542    1294   82895  1356830  16.24
2010-2014       70      0.01702  0.01687  0.50   82248    1388   81554  1273935  15.49
2010-2014       71      0.01843  0.01826  0.50   80860    1477   80121  1192381  14.75
2010-2014       72      0.02014  0.01993  0.50   79383    1582   78592  1112260  14.01
2010-2014       73      0.02211  0.02186  0.50   77801    1701   76950  1033668  13.29
2010-2014       74      0.02454  0.02424  0.50   76100    1845   75177   956718  12.57
2010-2014       75      0.02765  0.02727  0.50   74255    2025   73242   881541  11.87
2010-2014       76      0.03102  0.03055  0.50   72230    2206   71126   808299  11.19
2010-2014       77      0.03494  0.03434  0.50   70023    2405   68821   737173  10.53
2010-2014       78      0.03962  0.03885  0.50   67619    2627   66305   668352   9.88
2010-2014       79      0.04505  0.04406  0.50   64992    2863   63560   602046   9.26
2010-2014       80      0.05063  0.04938  0.50   62128    3068   60594   538486   8.67
2010-2014       81      0.05798  0.05634  0.50   59060    3328   57397   477892   8.09
2010-2014       82      0.06592  0.06382  0.50   55733    3557   53955   420495   7.54
2010-2014       83      0.07441  0.07174  0.50   52176    3743   50305   366541   7.03
2010-2014       84      0.08395  0.08057  0.50   48433    3902   46482   316236   6.53
2010-2014       85      0.09456  0.09029  0.50   44531    4021   42520   269755   6.06
2010-2014       86      0.10729  0.10183  0.50   40510    4125   38447   227234   5.61
2010-2014       87      0.12097  0.11407  0.50   36385    4151   34310   188787   5.19
2010-2014       88      0.13705  0.12826  0.50   32234    4134   30167   154477   4.79
2010-2014       89      0.15496  0.14382  0.50   28100    4041   26079   124310   4.42
2010-2014       90      0.17658  0.16225  0.50   24059    3904   22107    98231   4.08
2010-2014       91      0.19693  0.17928  0.50   20155    3613   18348    76124   3.78
2010-2014       92      0.22036  0.19849  0.50   16542    3283   14900    57775   3.49
2010-2014       93      0.24435  0.21775  0.50   13258    2887   11815    42875   3.23
2010-2014       94      0.26660  0.23524  0.50   10371    2440    9151    31061   2.99
2010-2014       95      0.29996  0.26084  0.50    7932    2069    6897    21909   2.76
2010-2014       96      0.33118  0.28413  0.50    5863    1666    5030    15012   2.56
2010-2014       97      0.36409  0.30802  0.50    4197    1293    3551     9982   2.38
2010-2014       98      0.39846  0.33226  0.50    2904     965    2422     6432   2.21
2010-2014       99      0.43397  0.35660  0.50    1939     692    1593     4010   2.07
2010-2014      100      0.47029  0.38076  0.50    1248     475    1010     2416   1.94
2010-2014      101      0.50703  0.40449  0.50     773     313     616     1406   1.82
2010-2014      102      0.54378  0.42754  0.50     460     197     362      790   1.72
2010-2014      103      0.58014  0.44970  0.50     263     118     204      428   1.63
2010-2014      104      0.61572  0.47079  0.50     145      68     111      224   1.54
2010-2014      105      0.65016  0.49066  0.50      77      38      58      113   1.47
2010-2014      106      0.68316  0.50922  0.50      39      20      29       55   1.41
2010-2014      107      0.71445  0.52640  0.50      19      10      14       26   1.36
2010-2014      108      0.74384  0.54219  0.50       9       5       7       12   1.31
2010-2014      109      0.77121  0.55659  0.50       4       2       3        5   1.28
2010-2014      110+     0.79648  1.00000  1.26       2       2       2        2   1.26
2015-2019        0      0.00329  0.00328  0.14  100000     328   99719  8088970  80.89
2015-2019        1      0.00026  0.00026  0.50   99672      26   99659  7989251  80.16
2015-2019        2      0.00014  0.00014  0.50   99647      14   99639  7889592  79.18
2015-2019        3      0.00011  0.00011  0.50   99632      11   99627  7789952  78.19
2015-2019        4      0.00010  0.00010  0.50   99621      10   99616  7690325  77.20
2015-2019        5      0.00009  0.00009  0.50   99611       9   99606  7590709  76.20
2015-2019        6      0.00009  0.00009  0.50   99602       9   99597  7491103  75.21
2015-2019        7      0.00007  0.00007  0.50   99593       7   99589  7391506  74.22
2015-2019        8      0.00007  0.00007  0.50   99586       7   99582  7291917  73.22
2015-2019        9      0.00007  0.00007  0.50   99579       7   99575  7192334  72.23
2015-2019       10      0.00007  0.00007  0.50   99572       7   99569  7092759  71.23
2015-2019       11      0.00008  0.00008  0.50   99565       8   99561  6993190  70.24
2015-2019       12      0.00008  0.00008  0.50   99557       8   99554  6893629  69.24
2015-2019       13      0.00009  0.00009  0.50   99550       9   99545  6794075  68.25
2015-2019       14      0.00011  0.00011  0.50   99541      11   99535  6694530  67.25
2015-2019       15      0.00014  0.00014  0.50   99529      14   99522  6594995  66.26
2015-2019       16      0.00019  0.00019  0.50   99515      19   99505  6495473  65.27
2015-2019       17      0.00021  0.00021  0.50   99496      21   99485  6395967  64.28
2015-2019       18      0.00029  0.00029  0.50   99475      29   99460  6296482  63.30
2015-2019       19      0.00029  0.00029  0.50   99446      29   99431  6197022  62.32
2015-2019       20      0.00031  0.00031  0.50   99416      31   99401  6097591  61.33
2015-2019       21      0.00030  0.00030  0.50   99385      30   99370  5998190  60.35
2015-2019       22      0.00031  0.00031  0.50   99355      31   99340  5898820  59.37
2015-2019       23      0.00030  0.00030  0.50   99324      30   99309  5799481  58.39
2015-2019       24      0.00033  0.00033  0.50   99294      33   99278  5700172  57.41
2015-2019       25      0.00032  0.00032  0.50   99261      32   99245  5600894  56.43
2015-2019       26      0.00033  0.00033  0.50   99229      33   99213  5501649  55.44
2015-2019       27      0.00035  0.00035  0.50   99197      35   99179  5402436  54.46
2015-2019       28      0.00037  0.00037  0.50   99162      37   99143  5303257  53.48
2015-2019       29      0.00040  0.00040  0.50   99125      40   99105  5204113  52.50
2015-2019       30      0.00044  0.00044  0.50   99085      43   99063  5105009  51.52
2015-2019       31      0.00049  0.00049  0.50   99042      48   99018  5005945  50.54
2015-2019       32      0.00051  0.00051  0.50   98994      50   98968  4906928  49.57
2015-2019       33      0.00054  0.00054  0.50   98943      54   98916  4807959  48.59
2015-2019       34      0.00058  0.00058  0.50   98890      57   98861  4709043  47.62
2015-2019       35      0.00062  0.00062  0.50   98832      62   98801  4610182  46.65
2015-2019       36      0.00068  0.00068  0.50   98770      67   98737  4511381  45.68
2015-2019       37      0.00074  0.00074  0.50   98704      73   98667  4412643  44.71
2015-2019       38      0.00080  0.00080  0.50   98631      79   98591  4313976  43.74
2015-2019       39      0.00087  0.00087  0.50   98552      85   98509  4215385  42.77
2015-2019       40      0.00096  0.00096  0.50   98466      94   98419  4116876  41.81
2015-2019       41      0.00106  0.00106  0.50   98372     104   98320  4018457  40.85
2015-2019       42      0.00112  0.00112  0.50   98268     110   98213  3920137  39.89
2015-2019       43      0.00124  0.00124  0.50   98158     122   98097  3821924  38.94
2015-2019       44      0.00138  0.00137  0.50   98036     135   97968  3723827  37.98
2015-2019       45      0.00155  0.00155  0.50   97901     151   97825  3625859  37.04
2015-2019       46      0.00170  0.00170  0.50   97750     166   97667  3528034  36.09
2015-2019       47      0.00190  0.00190  0.50   97583     185   97491  3430367  35.15
2015-2019       48      0.00213  0.00212  0.50   97398     207   97295  3332876  34.22
2015-2019       49      0.00238  0.00238  0.50   97191     231   97076  3235581  33.29
2015-2019       50      0.00262  0.00261  0.50   96961     253   96834  3138505  32.37
2015-2019       51      0.00292  0.00292  0.50   96707     282   96566  3041671  31.45
2015-2019       52      0.00327  0.00327  0.50   96425     315   96267  2945105  30.54
2015-2019       53      0.00367  0.00366  0.50   96110     352   95934  2848838  29.64
2015-2019       54      0.00410  0.00409  0.50   95758     392   95562  2752904  28.75
2015-2019       55      0.00457  0.00456  0.50   95366     435   95149  2657342  27.86
2015-2019       56      0.00507  0.00506  0.50   94931     480   94691  2562193  26.99
2015-2019       57      0.00562  0.00560  0.50   94451     529   94187  2467502  26.12
2015-2019       58      0.00619  0.00617  0.50   93922     580   93632  2373315  25.27
2015-2019       59      0.00684  0.00682  0.50   93342     636   93024  2279683  24.42
2015-2019       60      0.00753  0.00750  0.50   92706     695   92358  2186659  23.59
2015-2019       61      0.00822  0.00819  0.50   92011     754   91634  2094301  22.76
2015-2019       62      0.00901  0.00897  0.50   91257     819   90848  2002667  21.95
2015-2019       63      0.00984  0.00979  0.50   90438     886   89996  1911819  21.14
2015-2019       64      0.01075  0.01069  0.50   89553     958   89074  1821823  20.34
2015-2019       65      0.01159  0.01153  0.50   88595    1021   88084  1732749  19.56
2015-2019       66      0.01258  0.01250  0.50   87574    1095   87027  1644665  18.78
2015-2019       67      0.01366  0.01357  0.50   86479    1173   85893  1557638  18.01
2015-2019       68      0.01469  0.01458  0.50   85306    1244   84684  1471746  17.25
2015-2019       69      0.01595  0.01582  0.50   84062    1330   83397  1387062  16.50
2015-2019       70      0.01745  0.01730  0.50   82732    1431   82017  1303664  15.76
2015-2019       71      0.01899  0.01881  0.50   81301    1529   80537  1221647  15.03
2015-2019       72      0.02040  0.02019  0.50   79772    1611   78967  1141111  14.30
2015-2019       73      0.02235  0.02210  0.50   78161    1728   77297  1062144  13.59
2015-2019       74      0.02420  0.02391  0.50   76434    1828   75520   984847  12.89
2015-2019       75      0.02652  0.02618  0.50   74606    1953   73630   909327  12.19
2015-2019       76      0.02910  0.02868  0.50   72653    2084   71611   835697  11.50
2015-2019       77      0.03208  0.03157  0.50   70569    2228   69455   764086  10.83
2015-2019       78      0.03589  0.03525  0.50   68341    2409   67136   694631  10.16
2015-2019       79      0.04066  0.03985  0.50   65932    2627   64618   627495   9.52
2015-2019       80      0.04634  0.04529  0.50   63305    2867   61871   562877   8.89
2015-2019       81      0.05276  0.05140  0.50   60437    3107   58884   501006   8.29
2015-2019       82      0.06037  0.05860  0.50   57331    3359   55651   442122   7.71
2015-2019       83      0.06875  0.06647  0.50   53971    3587   52178   386471   7.16
2015-2019       84      0.07921  0.07620  0.50   50384    3839   48464   334293   6.63
2015-2019       85      0.09053  0.08661  0.50   46545    4031   44529   285828   6.14
2015-2019       86      0.10395  0.09882  0.50   42514    4201   40413   241299   5.68
2015-2019       87      0.11776  0.11121  0.50   38313    4261   36182   200886   5.24
2015-2019       88      0.13438  0.12592  0.50   34052    4288   31908   164704   4.84
2015-2019       89      0.15153  0.14086  0.50   29764    4193   27668   132796   4.46
2015-2019       90      0.17174  0.15816  0.50   25571    4044   23549   105128   4.11
2015-2019       91      0.19282  0.17587  0.50   21527    3786   19634    81579   3.79
2015-2019       92      0.21832  0.19684  0.50   17741    3492   15995    61945   3.49
2015-2019       93      0.24327  0.21689  0.50   14249    3090   12704    45949   3.22
2015-2019       94      0.26900  0.23711  0.50   11159    2646    9836    33246   2.98
2015-2019       95      0.29999  0.26087  0.50    8513    2221    7402    23410   2.75
2015-2019       96      0.33224  0.28491  0.50    6292    1793    5396    16007   2.54
2015-2019       97      0.36632  0.30961  0.50    4499    1393    3803    10612   2.36
2015-2019       98      0.40196  0.33469  0.50    3106    1040    2587     6809   2.19
2015-2019       99      0.43885  0.35988  0.50    2067     744    1695     4222   2.04
2015-2019      100      0.47660  0.38488  0.50    1323     509    1068     2527   1.91
2015-2019      101      0.51477  0.40940  0.50     814     333     647     1459   1.79
2015-2019      102      0.55292  0.43316  0.50     481     208     377      812   1.69
2015-2019      103      0.59057  0.45594  0.50     272     124     210      435   1.60
2015-2019      104      0.62731  0.47753  0.50     148      71     113      225   1.52
2015-2019      105      0.66272  0.49778  0.50      77      39      58      112   1.45
2015-2019      106      0.69647  0.51658  0.50      39      20      29       54   1.39
2015-2019      107      0.72829  0.53388  0.50      19      10      14       25   1.33
2015-2019      108      0.75797  0.54966  0.50       9       5       6       11   1.29
2015-2019      109      0.78541  0.56394  0.50       4       2       3        5   1.26
2015-2019      110+     0.81053  1.00000  1.23       2       2       2        2   1.23
