Greece, Life tables (period 1x5), Total	Last modified: 08 Nov 2021;  Methods Protocol: v6 (2017)

  Year          Age         mx       qx    ax      lx      dx      Lx       Tx     ex
1981-1984        0      0.01424  0.01406  0.12  100000    1406   98763  7584261  75.84
1981-1984        1      0.00059  0.00059  0.50   98594      59   98565  7485498  75.92
1981-1984        2      0.00041  0.00041  0.50   98535      41   98515  7386933  74.97
1981-1984        3      0.00035  0.00035  0.50   98495      34   98478  7288418  74.00
1981-1984        4      0.00030  0.00030  0.50   98460      30   98446  7189940  73.02
1981-1984        5      0.00025  0.00025  0.50   98431      25   98418  7091495  72.05
1981-1984        6      0.00027  0.00027  0.50   98406      26   98393  6993077  71.06
1981-1984        7      0.00026  0.00026  0.50   98380      26   98367  6894684  70.08
1981-1984        8      0.00024  0.00024  0.50   98354      24   98342  6796317  69.10
1981-1984        9      0.00025  0.00025  0.50   98331      24   98318  6697975  68.12
1981-1984       10      0.00025  0.00025  0.50   98306      24   98294  6599656  67.13
1981-1984       11      0.00020  0.00020  0.50   98282      20   98272  6501362  66.15
1981-1984       12      0.00024  0.00023  0.50   98262      23   98251  6403090  65.16
1981-1984       13      0.00026  0.00026  0.50   98239      25   98227  6304839  64.18
1981-1984       14      0.00036  0.00036  0.50   98214      35   98196  6206613  63.19
1981-1984       15      0.00043  0.00043  0.50   98179      42   98158  6108416  62.22
1981-1984       16      0.00050  0.00050  0.50   98137      49   98112  6010259  61.24
1981-1984       17      0.00065  0.00065  0.50   98088      64   98056  5912147  60.27
1981-1984       18      0.00076  0.00076  0.50   98024      75   97986  5814091  59.31
1981-1984       19      0.00068  0.00068  0.50   97949      67   97915  5716105  58.36
1981-1984       20      0.00081  0.00081  0.50   97882      79   97842  5618189  57.40
1981-1984       21      0.00085  0.00085  0.50   97803      83   97761  5520347  56.44
1981-1984       22      0.00073  0.00073  0.50   97720      71   97684  5422586  55.49
1981-1984       23      0.00083  0.00083  0.50   97649      81   97608  5324901  54.53
1981-1984       24      0.00077  0.00077  0.50   97568      75   97530  5227293  53.58
1981-1984       25      0.00075  0.00075  0.50   97493      73   97456  5129763  52.62
1981-1984       26      0.00074  0.00074  0.50   97420      72   97384  5032307  51.66
1981-1984       27      0.00080  0.00079  0.50   97348      77   97309  4934923  50.69
1981-1984       28      0.00079  0.00079  0.50   97271      77   97232  4837613  49.73
1981-1984       29      0.00072  0.00072  0.50   97194      70   97159  4740381  48.77
1981-1984       30      0.00082  0.00082  0.50   97124      79   97085  4643222  47.81
1981-1984       31      0.00080  0.00080  0.50   97045      78   97006  4546137  46.85
1981-1984       32      0.00079  0.00079  0.50   96967      76   96929  4449131  45.88
1981-1984       33      0.00084  0.00084  0.50   96891      82   96850  4352202  44.92
1981-1984       34      0.00088  0.00088  0.50   96809      85   96767  4255352  43.96
1981-1984       35      0.00100  0.00100  0.50   96724      97   96676  4158585  42.99
1981-1984       36      0.00104  0.00104  0.50   96628     100   96578  4061909  42.04
1981-1984       37      0.00109  0.00109  0.50   96527     105   96475  3965332  41.08
1981-1984       38      0.00111  0.00111  0.50   96422     107   96369  3868857  40.12
1981-1984       39      0.00124  0.00124  0.50   96315     119   96256  3772488  39.17
1981-1984       40      0.00144  0.00144  0.50   96196     138   96127  3676233  38.22
1981-1984       41      0.00147  0.00147  0.50   96058     141   95987  3580106  37.27
1981-1984       42      0.00143  0.00143  0.50   95917     137   95848  3484119  36.32
1981-1984       43      0.00180  0.00180  0.50   95780     173   95694  3388270  35.38
1981-1984       44      0.00183  0.00183  0.50   95607     175   95520  3292577  34.44
1981-1984       45      0.00204  0.00204  0.50   95432     195   95335  3197057  33.50
1981-1984       46      0.00235  0.00235  0.50   95238     224   95126  3101722  32.57
1981-1984       47      0.00245  0.00244  0.50   95014     232   94898  3006596  31.64
1981-1984       48      0.00267  0.00267  0.50   94782     253   94655  2911698  30.72
1981-1984       49      0.00312  0.00311  0.50   94529     294   94382  2817043  29.80
1981-1984       50      0.00368  0.00367  0.50   94235     346   94061  2722662  28.89
1981-1984       51      0.00379  0.00379  0.50   93888     356   93711  2628600  28.00
1981-1984       52      0.00424  0.00423  0.50   93533     396   93335  2534890  27.10
1981-1984       53      0.00451  0.00450  0.50   93137     419   92927  2441555  26.21
1981-1984       54      0.00515  0.00514  0.50   92718     476   92480  2348627  25.33
1981-1984       55      0.00598  0.00596  0.50   92242     550   91967  2256148  24.46
1981-1984       56      0.00638  0.00636  0.50   91692     584   91400  2164181  23.60
1981-1984       57      0.00725  0.00722  0.50   91108     658   90779  2072781  22.75
1981-1984       58      0.00816  0.00813  0.50   90450     735   90083  1982002  21.91
1981-1984       59      0.00854  0.00851  0.50   89715     763   89333  1891919  21.09
1981-1984       60      0.00974  0.00969  0.50   88952     862   88521  1802586  20.26
1981-1984       61      0.01073  0.01068  0.50   88090     941   87619  1714065  19.46
1981-1984       62      0.01197  0.01190  0.50   87149    1037   86630  1626446  18.66
1981-1984       63      0.01316  0.01307  0.50   86112    1126   85549  1539815  17.88
1981-1984       64      0.01479  0.01469  0.50   84986    1248   84362  1454267  17.11
1981-1984       65      0.01645  0.01631  0.50   83738    1366   83055  1369905  16.36
1981-1984       66      0.01769  0.01754  0.50   82372    1444   81649  1286850  15.62
1981-1984       67      0.01974  0.01955  0.50   80927    1582   80136  1205201  14.89
1981-1984       68      0.02209  0.02184  0.50   79345    1733   78479  1125065  14.18
1981-1984       69      0.02436  0.02407  0.50   77612    1868   76678  1046586  13.48
1981-1984       70      0.02676  0.02641  0.50   75744    2000   74744   969908  12.81
1981-1984       71      0.03037  0.02992  0.50   73743    2206   72640   895165  12.14
1981-1984       72      0.03393  0.03336  0.50   71537    2386   70344   822524  11.50
1981-1984       73      0.03862  0.03789  0.50   69151    2620   67841   752180  10.88
1981-1984       74      0.04310  0.04219  0.50   66531    2807   65127   684340  10.29
1981-1984       75      0.04742  0.04632  0.50   63724    2952   62248   619212   9.72
1981-1984       76      0.05397  0.05255  0.50   60772    3194   59175   556964   9.16
1981-1984       77      0.05920  0.05749  0.50   57578    3310   55923   497789   8.65
1981-1984       78      0.06726  0.06507  0.50   54268    3531   52502   441866   8.14
1981-1984       79      0.07381  0.07119  0.50   50737    3612   48931   389363   7.67
1981-1984       80      0.08296  0.07966  0.50   47125    3754   45248   340433   7.22
1981-1984       81      0.08949  0.08566  0.50   43371    3715   41513   295185   6.81
1981-1984       82      0.09662  0.09217  0.50   39656    3655   37828   253671   6.40
1981-1984       83      0.11229  0.10632  0.50   36001    3828   34087   215843   6.00
1981-1984       84      0.12043  0.11359  0.50   32173    3655   30346   181756   5.65
1981-1984       85      0.13209  0.12391  0.50   28519    3534   26752   151410   5.31
1981-1984       86      0.15024  0.13974  0.50   24985    3491   23239   124658   4.99
1981-1984       87      0.16091  0.14893  0.50   21493    3201   19893   101419   4.72
1981-1984       88      0.17352  0.15967  0.50   18292    2921   16832    81526   4.46
1981-1984       89      0.19160  0.17485  0.50   15372    2688   14028    64694   4.21
1981-1984       90      0.20724  0.18778  0.50   12684    2382   11493    50666   3.99
1981-1984       91      0.22046  0.19857  0.50   10302    2046    9279    39173   3.80
1981-1984       92      0.22215  0.19994  0.50    8256    1651    7431    29894   3.62
1981-1984       93      0.24662  0.21955  0.50    6606    1450    5880    22463   3.40
1981-1984       94      0.24756  0.22029  0.50    5155    1136    4588    16583   3.22
1981-1984       95      0.28844  0.25208  0.50    4020    1013    3513    11995   2.98
1981-1984       96      0.30920  0.26780  0.50    3006     805    2604     8482   2.82
1981-1984       97      0.33077  0.28383  0.50    2201     625    1889     5878   2.67
1981-1984       98      0.35308  0.30010  0.50    1576     473    1340     3990   2.53
1981-1984       99      0.37606  0.31654  0.50    1103     349     929     2650   2.40
1981-1984      100      0.39962  0.33307  0.50     754     251     629     1721   2.28
1981-1984      101      0.42366  0.34960  0.50     503     176     415     1092   2.17
1981-1984      102      0.44807  0.36606  0.50     327     120     267      677   2.07
1981-1984      103      0.47275  0.38237  0.50     207      79     168      410   1.98
1981-1984      104      0.49757  0.39844  0.50     128      51     103      242   1.89
1981-1984      105      0.52241  0.41422  0.50      77      32      61      140   1.81
1981-1984      106      0.54715  0.42962  0.50      45      19      35       79   1.74
1981-1984      107      0.57167  0.44459  0.50      26      11      20       43   1.68
1981-1984      108      0.59586  0.45908  0.50      14       7      11       23   1.63
1981-1984      109      0.61959  0.47304  0.50       8       4       6       12   1.58
1981-1984      110+     0.64278  1.00000  1.56       4       4       6        6   1.56
1985-1989        0      0.01165  0.01154  0.13  100000    1154   98991  7645089  76.45
1985-1989        1      0.00054  0.00054  0.50   98846      53   98820  7546098  76.34
1985-1989        2      0.00044  0.00044  0.50   98793      44   98771  7447278  75.38
1985-1989        3      0.00033  0.00033  0.50   98749      32   98733  7348507  74.42
1985-1989        4      0.00027  0.00027  0.50   98717      27   98704  7249774  73.44
1985-1989        5      0.00021  0.00021  0.50   98690      21   98680  7151070  72.46
1985-1989        6      0.00020  0.00020  0.50   98669      20   98659  7052390  71.47
1985-1989        7      0.00020  0.00020  0.50   98649      20   98639  6953731  70.49
1985-1989        8      0.00017  0.00017  0.50   98630      17   98621  6855092  69.50
1985-1989        9      0.00020  0.00020  0.50   98612      19   98603  6756471  68.52
1985-1989       10      0.00017  0.00017  0.50   98593      17   98585  6657868  67.53
1985-1989       11      0.00017  0.00017  0.50   98576      17   98568  6559283  66.54
1985-1989       12      0.00018  0.00018  0.50   98559      18   98550  6460716  65.55
1985-1989       13      0.00021  0.00021  0.50   98542      21   98531  6362165  64.56
1985-1989       14      0.00023  0.00023  0.50   98521      23   98509  6263634  63.58
1985-1989       15      0.00035  0.00035  0.50   98498      34   98480  6165125  62.59
1985-1989       16      0.00047  0.00047  0.50   98463      47   98440  6066645  61.61
1985-1989       17      0.00056  0.00055  0.50   98417      55   98389  5968205  60.64
1985-1989       18      0.00062  0.00062  0.50   98362      61   98332  5869815  59.68
1985-1989       19      0.00072  0.00072  0.50   98301      70   98266  5771484  58.71
1985-1989       20      0.00078  0.00078  0.50   98231      77   98192  5673218  57.75
1985-1989       21      0.00078  0.00078  0.50   98154      77   98116  5575025  56.80
1985-1989       22      0.00088  0.00088  0.50   98077      86   98034  5476910  55.84
1985-1989       23      0.00090  0.00090  0.50   97991      88   97947  5378875  54.89
1985-1989       24      0.00080  0.00080  0.50   97903      79   97864  5280928  53.94
1985-1989       25      0.00075  0.00075  0.50   97825      73   97788  5183064  52.98
1985-1989       26      0.00072  0.00072  0.50   97752      71   97716  5085276  52.02
1985-1989       27      0.00077  0.00077  0.50   97681      75   97644  4987559  51.06
1985-1989       28      0.00074  0.00074  0.50   97606      72   97570  4889916  50.10
1985-1989       29      0.00074  0.00074  0.50   97534      72   97498  4792346  49.14
1985-1989       30      0.00080  0.00080  0.50   97461      78   97422  4694848  48.17
1985-1989       31      0.00077  0.00077  0.50   97383      75   97346  4597426  47.21
1985-1989       32      0.00079  0.00079  0.50   97308      77   97270  4500080  46.25
1985-1989       33      0.00084  0.00084  0.50   97232      82   97191  4402810  45.28
1985-1989       34      0.00092  0.00092  0.50   97150      89   97105  4305619  44.32
1985-1989       35      0.00097  0.00097  0.50   97061      94   97014  4208514  43.36
1985-1989       36      0.00101  0.00101  0.50   96967      97   96918  4111500  42.40
1985-1989       37      0.00100  0.00100  0.50   96869      97   96821  4014583  41.44
1985-1989       38      0.00108  0.00108  0.50   96772     105   96720  3917762  40.48
1985-1989       39      0.00125  0.00125  0.50   96667     121   96607  3821042  39.53
1985-1989       40      0.00137  0.00137  0.50   96546     132   96480  3724436  38.58
1985-1989       41      0.00141  0.00140  0.50   96414     135   96346  3627956  37.63
1985-1989       42      0.00153  0.00153  0.50   96278     147   96205  3531610  36.68
1985-1989       43      0.00181  0.00180  0.50   96131     173   96045  3435406  35.74
1985-1989       44      0.00190  0.00190  0.50   95958     182   95867  3339361  34.80
1985-1989       45      0.00221  0.00220  0.50   95775     211   95670  3243494  33.87
1985-1989       46      0.00217  0.00217  0.50   95564     207   95461  3147825  32.94
1985-1989       47      0.00244  0.00244  0.50   95357     233   95241  3052364  32.01
1985-1989       48      0.00260  0.00259  0.50   95125     247   95001  2957123  31.09
1985-1989       49      0.00291  0.00291  0.50   94878     276   94740  2862121  30.17
1985-1989       50      0.00328  0.00327  0.50   94602     310   94447  2767381  29.25
1985-1989       51      0.00355  0.00355  0.50   94292     335   94125  2672934  28.35
1985-1989       52      0.00402  0.00401  0.50   93958     377   93769  2578809  27.45
1985-1989       53      0.00437  0.00436  0.50   93581     408   93377  2485040  26.55
1985-1989       54      0.00480  0.00479  0.50   93173     446   92950  2391662  25.67
1985-1989       55      0.00559  0.00557  0.50   92727     517   92469  2298712  24.79
1985-1989       56      0.00596  0.00594  0.50   92211     548   91937  2206243  23.93
1985-1989       57      0.00646  0.00644  0.50   91663     590   91368  2114306  23.07
1985-1989       58      0.00731  0.00728  0.50   91073     663   90741  2022938  22.21
1985-1989       59      0.00826  0.00822  0.50   90410     743   90038  1932197  21.37
1985-1989       60      0.00911  0.00907  0.50   89667     813   89260  1842159  20.54
1985-1989       61      0.00996  0.00991  0.50   88853     881   88413  1752899  19.73
1985-1989       62      0.01104  0.01098  0.50   87973     966   87490  1664486  18.92
1985-1989       63      0.01227  0.01219  0.50   87007    1061   86476  1576996  18.13
1985-1989       64      0.01325  0.01317  0.50   85946    1132   85380  1490520  17.34
1985-1989       65      0.01536  0.01524  0.50   84814    1293   84168  1405140  16.57
1985-1989       66      0.01671  0.01657  0.50   83522    1384   82830  1320972  15.82
1985-1989       67      0.01842  0.01826  0.50   82138    1499   81388  1238142  15.07
1985-1989       68      0.02088  0.02066  0.50   80638    1666   79805  1156755  14.35
1985-1989       69      0.02373  0.02345  0.50   78972    1852   78046  1076950  13.64
1985-1989       70      0.02697  0.02661  0.50   77119    2052   76093   998904  12.95
1985-1989       71      0.02969  0.02926  0.50   75067    2196   73969   922811  12.29
1985-1989       72      0.03278  0.03225  0.50   72871    2350   71696   848842  11.65
1985-1989       73      0.03613  0.03549  0.50   70521    2503   69269   777146  11.02
1985-1989       74      0.04025  0.03946  0.50   68018    2684   66676   707877  10.41
1985-1989       75      0.04567  0.04465  0.50   65334    2917   63876   641200   9.81
1985-1989       76      0.05070  0.04945  0.50   62417    3086   60874   577325   9.25
1985-1989       77      0.05640  0.05485  0.50   59331    3254   57703   516451   8.70
1985-1989       78      0.06453  0.06252  0.50   56076    3506   54323   458747   8.18
1985-1989       79      0.07125  0.06880  0.50   52571    3617   50762   404424   7.69
1985-1989       80      0.08239  0.07913  0.50   48954    3874   47017   353662   7.22
1985-1989       81      0.08779  0.08410  0.50   45080    3791   43184   306645   6.80
1985-1989       82      0.09770  0.09315  0.50   41289    3846   39366   263461   6.38
1985-1989       83      0.10781  0.10230  0.50   37443    3830   35527   224095   5.99
1985-1989       84      0.11873  0.11208  0.50   33612    3767   31729   188568   5.61
1985-1989       85      0.13256  0.12432  0.50   29845    3710   27990   156839   5.26
1985-1989       86      0.14422  0.13452  0.50   26135    3516   24377   128849   4.93
1985-1989       87      0.15876  0.14708  0.50   22619    3327   20956   104472   4.62
1985-1989       88      0.17501  0.16092  0.50   19292    3105   17740    83517   4.33
1985-1989       89      0.19650  0.17892  0.50   16188    2896   14740    65777   4.06
1985-1989       90      0.21847  0.19695  0.50   13291    2618   11982    51037   3.84
1985-1989       91      0.22860  0.20515  0.50   10674    2190    9579    39055   3.66
1985-1989       92      0.24034  0.21456  0.50    8484    1820    7574    29476   3.47
1985-1989       93      0.25654  0.22737  0.50    6664    1515    5906    21902   3.29
1985-1989       94      0.26000  0.23009  0.50    5149    1185    4556    15996   3.11
1985-1989       95      0.29853  0.25976  0.50    3964    1030    3449    11440   2.89
1985-1989       96      0.32084  0.27648  0.50    2934     811    2529     7991   2.72
1985-1989       97      0.34401  0.29353  0.50    2123     623    1811     5462   2.57
1985-1989       98      0.36798  0.31080  0.50    1500     466    1267     3651   2.43
1985-1989       99      0.39263  0.32820  0.50    1034     339     864     2384   2.31
1985-1989      100      0.41787  0.34565  0.50     694     240     574     1520   2.19
1985-1989      101      0.44356  0.36304  0.50     454     165     372      946   2.08
1985-1989      102      0.46957  0.38029  0.50     289     110     234      574   1.98
1985-1989      103      0.49578  0.39729  0.50     179      71     144      339   1.89
1985-1989      104      0.52202  0.41397  0.50     108      45      86      196   1.81
1985-1989      105      0.54817  0.43024  0.50      63      27      50      110   1.73
1985-1989      106      0.57407  0.44604  0.50      36      16      28       60   1.67
1985-1989      107      0.59958  0.46129  0.50      20       9      15       32   1.61
1985-1989      108      0.62459  0.47595  0.50      11       5       8       17   1.56
1985-1989      109      0.64896  0.48997  0.50       6       3       4        9   1.51
1985-1989      110+     0.67259  1.00000  1.49       3       3       4        4   1.49
1990-1994        0      0.00866  0.00860  0.13  100000     860   99253  7733914  77.34
1990-1994        1      0.00036  0.00036  0.50   99140      36   99122  7634660  77.01
1990-1994        2      0.00024  0.00024  0.50   99105      23   99093  7535538  76.04
1990-1994        3      0.00023  0.00023  0.50   99081      23   99070  7436445  75.05
1990-1994        4      0.00023  0.00023  0.50   99058      23   99047  7337375  74.07
1990-1994        5      0.00019  0.00019  0.50   99036      19   99026  7238328  73.09
1990-1994        6      0.00020  0.00020  0.50   99017      20   99007  7139302  72.10
1990-1994        7      0.00016  0.00016  0.50   98997      15   98989  7040295  71.12
1990-1994        8      0.00015  0.00015  0.50   98982      15   98974  6941305  70.13
1990-1994        9      0.00014  0.00014  0.50   98967      13   98960  6842331  69.14
1990-1994       10      0.00017  0.00017  0.50   98953      17   98945  6743371  68.15
1990-1994       11      0.00016  0.00016  0.50   98937      15   98929  6644426  67.16
1990-1994       12      0.00017  0.00017  0.50   98921      17   98913  6545497  66.17
1990-1994       13      0.00015  0.00015  0.50   98904      15   98897  6446584  65.18
1990-1994       14      0.00024  0.00024  0.50   98889      24   98877  6347687  64.19
1990-1994       15      0.00031  0.00031  0.50   98865      30   98850  6248810  63.21
1990-1994       16      0.00041  0.00041  0.50   98835      40   98815  6149960  62.22
1990-1994       17      0.00051  0.00051  0.50   98794      50   98769  6051145  61.25
1990-1994       18      0.00067  0.00067  0.50   98744      66   98711  5952376  60.28
1990-1994       19      0.00075  0.00075  0.50   98678      74   98641  5853665  59.32
1990-1994       20      0.00073  0.00073  0.50   98605      72   98569  5755024  58.36
1990-1994       21      0.00083  0.00083  0.50   98533      82   98492  5656455  57.41
1990-1994       22      0.00085  0.00085  0.50   98451      84   98409  5557963  56.45
1990-1994       23      0.00080  0.00080  0.50   98367      78   98328  5459554  55.50
1990-1994       24      0.00080  0.00080  0.50   98289      79   98250  5361226  54.55
1990-1994       25      0.00085  0.00085  0.50   98210      83   98169  5262976  53.59
1990-1994       26      0.00074  0.00074  0.50   98127      73   98090  5164807  52.63
1990-1994       27      0.00076  0.00076  0.50   98054      75   98017  5066717  51.67
1990-1994       28      0.00077  0.00077  0.50   97979      76   97941  4968700  50.71
1990-1994       29      0.00085  0.00085  0.50   97904      83   97862  4870759  49.75
1990-1994       30      0.00083  0.00083  0.50   97820      81   97780  4772897  48.79
1990-1994       31      0.00077  0.00077  0.50   97739      75   97702  4675117  47.83
1990-1994       32      0.00089  0.00089  0.50   97664      87   97621  4577415  46.87
1990-1994       33      0.00084  0.00084  0.50   97578      82   97537  4479794  45.91
1990-1994       34      0.00097  0.00097  0.50   97496      94   97449  4382258  44.95
1990-1994       35      0.00101  0.00101  0.50   97401      98   97352  4284809  43.99
1990-1994       36      0.00099  0.00099  0.50   97304      96   97255  4187456  43.04
1990-1994       37      0.00107  0.00107  0.50   97207     104   97155  4090201  42.08
1990-1994       38      0.00106  0.00105  0.50   97103     102   97052  3993046  41.12
1990-1994       39      0.00121  0.00121  0.50   97001     117   96942  3895994  40.16
1990-1994       40      0.00135  0.00135  0.50   96883     131   96818  3799052  39.21
1990-1994       41      0.00139  0.00139  0.50   96752     135   96685  3702234  38.27
1990-1994       42      0.00162  0.00162  0.50   96618     157   96539  3605549  37.32
1990-1994       43      0.00178  0.00178  0.50   96461     172   96375  3509010  36.38
1990-1994       44      0.00188  0.00188  0.50   96289     181   96199  3412635  35.44
1990-1994       45      0.00204  0.00204  0.50   96109     196   96010  3316436  34.51
1990-1994       46      0.00235  0.00235  0.50   95912     225   95800  3220425  33.58
1990-1994       47      0.00248  0.00248  0.50   95687     237   95568  3124626  32.65
1990-1994       48      0.00271  0.00271  0.50   95450     259   95321  3029057  31.73
1990-1994       49      0.00293  0.00292  0.50   95191     278   95052  2933737  30.82
1990-1994       50      0.00333  0.00333  0.50   94913     316   94755  2838684  29.91
1990-1994       51      0.00339  0.00339  0.50   94597     320   94437  2743929  29.01
1990-1994       52      0.00368  0.00368  0.50   94277     347   94104  2649492  28.10
1990-1994       53      0.00423  0.00423  0.50   93931     397   93732  2555388  27.21
1990-1994       54      0.00444  0.00444  0.50   93534     415   93326  2461656  26.32
1990-1994       55      0.00487  0.00486  0.50   93119     453   92893  2368329  25.43
1990-1994       56      0.00577  0.00575  0.50   92666     533   92400  2275437  24.56
1990-1994       57      0.00612  0.00611  0.50   92133     562   91852  2183037  23.69
1990-1994       58      0.00662  0.00660  0.50   91571     604   91269  2091185  22.84
1990-1994       59      0.00736  0.00733  0.50   90967     667   90633  1999916  21.99
1990-1994       60      0.00816  0.00813  0.50   90300     734   89933  1909283  21.14
1990-1994       61      0.00903  0.00899  0.50   89566     805   89163  1819350  20.31
1990-1994       62      0.01014  0.01009  0.50   88761     896   88313  1730187  19.49
1990-1994       63      0.01128  0.01122  0.50   87865     986   87372  1641874  18.69
1990-1994       64      0.01233  0.01225  0.50   86880    1065   86347  1554502  17.89
1990-1994       65      0.01355  0.01346  0.50   85815    1155   85237  1468154  17.11
1990-1994       66      0.01519  0.01507  0.50   84660    1276   84022  1382917  16.34
1990-1994       67      0.01661  0.01647  0.50   83384    1374   82697  1298895  15.58
1990-1994       68      0.01834  0.01817  0.50   82010    1490   81265  1216198  14.83
1990-1994       69      0.02119  0.02097  0.50   80520    1688   79676  1134933  14.10
1990-1994       70      0.02493  0.02462  0.50   78832    1941   77861  1055257  13.39
1990-1994       71      0.02638  0.02603  0.50   76891    2002   75890   977396  12.71
1990-1994       72      0.02913  0.02871  0.50   74889    2150   73814   901506  12.04
1990-1994       73      0.03366  0.03310  0.50   72739    2408   71535   827693  11.38
1990-1994       74      0.03695  0.03628  0.50   70331    2552   69055   756158  10.75
1990-1994       75      0.04258  0.04169  0.50   67779    2826   66366   687103  10.14
1990-1994       76      0.04713  0.04604  0.50   64953    2991   63457   620738   9.56
1990-1994       77      0.05398  0.05256  0.50   61962    3257   60334   557280   8.99
1990-1994       78      0.05809  0.05645  0.50   58705    3314   57048   496946   8.47
1990-1994       79      0.06645  0.06431  0.50   55392    3562   53610   439898   7.94
1990-1994       80      0.07454  0.07186  0.50   51829    3724   49967   386288   7.45
1990-1994       81      0.08232  0.07906  0.50   48105    3803   46203   336321   6.99
1990-1994       82      0.09180  0.08777  0.50   44301    3889   42357   290118   6.55
1990-1994       83      0.10061  0.09579  0.50   40413    3871   38477   247761   6.13
1990-1994       84      0.11536  0.10907  0.50   36542    3985   34549   209284   5.73
1990-1994       85      0.12660  0.11906  0.50   32556    3876   30618   174735   5.37
1990-1994       86      0.13902  0.12999  0.50   28680    3728   26816   144117   5.03
1990-1994       87      0.15426  0.14321  0.50   24952    3573   23165   117301   4.70
1990-1994       88      0.16764  0.15468  0.50   21378    3307   19725    94136   4.40
1990-1994       89      0.18584  0.17004  0.50   18072    3073   16535    74411   4.12
1990-1994       90      0.20751  0.18800  0.50   14999    2820   13589    57875   3.86
1990-1994       91      0.21847  0.19695  0.50   12179    2399   10980    44287   3.64
1990-1994       92      0.24099  0.21507  0.50    9780    2103    8729    33307   3.41
1990-1994       93      0.25711  0.22782  0.50    7677    1749    6802    24578   3.20
1990-1994       94      0.27725  0.24349  0.50    5928    1443    5206    17776   3.00
1990-1994       95      0.30615  0.26551  0.50    4484    1191    3889    12570   2.80
1990-1994       96      0.33070  0.28378  0.50    3294     935    2826     8681   2.64
1990-1994       97      0.35624  0.30238  0.50    2359     713    2002     5854   2.48
1990-1994       98      0.38265  0.32119  0.50    1646     529    1381     3852   2.34
1990-1994       99      0.40980  0.34011  0.50    1117     380     927     2470   2.21
1990-1994      100      0.43756  0.35901  0.50     737     265     605     1543   2.09
1990-1994      101      0.46575  0.37777  0.50     473     179     383      938   1.99
1990-1994      102      0.49420  0.39628  0.50     294     117     236      555   1.89
1990-1994      103      0.52273  0.41441  0.50     178      74     141      319   1.80
1990-1994      104      0.55115  0.43208  0.50     104      45      81      179   1.72
1990-1994      105      0.57929  0.44918  0.50      59      27      46       97   1.65
1990-1994      106      0.60696  0.46564  0.50      33      15      25       51   1.58
1990-1994      107      0.63400  0.48140  0.50      17       8      13       26   1.52
1990-1994      108      0.66026  0.49639  0.50       9       4       7       13   1.47
1990-1994      109      0.68561  0.51058  0.50       5       2       3        7   1.43
1990-1994      110+     0.70994  1.00000  1.41       2       2       3        3   1.41
1995-1999        0      0.00690  0.00686  0.14  100000     686   99407  7794841  77.95
1995-1999        1      0.00035  0.00035  0.50   99314      35   99296  7695434  77.49
1995-1999        2      0.00027  0.00027  0.50   99279      27   99265  7596138  76.51
1995-1999        3      0.00024  0.00024  0.50   99252      23   99240  7496873  75.53
1995-1999        4      0.00021  0.00021  0.50   99228      21   99218  7397633  74.55
1995-1999        5      0.00015  0.00015  0.50   99207      15   99200  7298415  73.57
1995-1999        6      0.00017  0.00017  0.50   99192      17   99184  7199215  72.58
1995-1999        7      0.00016  0.00016  0.50   99175      15   99168  7100031  71.59
1995-1999        8      0.00012  0.00012  0.50   99160      12   99154  7000863  70.60
1995-1999        9      0.00013  0.00013  0.50   99148      13   99141  6901709  69.61
1995-1999       10      0.00014  0.00014  0.50   99135      14   99128  6802568  68.62
1995-1999       11      0.00014  0.00014  0.50   99121      13   99115  6703440  67.63
1995-1999       12      0.00016  0.00016  0.50   99108      16   99100  6604325  66.64
1995-1999       13      0.00020  0.00020  0.50   99092      20   99082  6505225  65.65
1995-1999       14      0.00025  0.00025  0.50   99072      24   99060  6406144  64.66
1995-1999       15      0.00030  0.00030  0.50   99047      29   99033  6307084  63.68
1995-1999       16      0.00040  0.00040  0.50   99018      39   98998  6208051  62.70
1995-1999       17      0.00057  0.00057  0.50   98979      56   98951  6109053  61.72
1995-1999       18      0.00061  0.00061  0.50   98923      60   98893  6010102  60.76
1995-1999       19      0.00064  0.00064  0.50   98863      63   98831  5911209  59.79
1995-1999       20      0.00076  0.00076  0.50   98800      75   98762  5812378  58.83
1995-1999       21      0.00072  0.00072  0.50   98725      71   98689  5713616  57.87
1995-1999       22      0.00071  0.00071  0.50   98654      70   98619  5614926  56.92
1995-1999       23      0.00075  0.00075  0.50   98584      74   98547  5516307  55.96
1995-1999       24      0.00074  0.00074  0.50   98509      73   98473  5417761  55.00
1995-1999       25      0.00082  0.00082  0.50   98436      81   98396  5319288  54.04
1995-1999       26      0.00076  0.00076  0.50   98356      75   98318  5220892  53.08
1995-1999       27      0.00079  0.00079  0.50   98280      77   98242  5122574  52.12
1995-1999       28      0.00078  0.00078  0.50   98203      77   98165  5024332  51.16
1995-1999       29      0.00074  0.00074  0.50   98126      73   98090  4926168  50.20
1995-1999       30      0.00087  0.00087  0.50   98053      86   98010  4828078  49.24
1995-1999       31      0.00081  0.00081  0.50   97968      79   97928  4730067  48.28
1995-1999       32      0.00085  0.00085  0.50   97888      83   97847  4632139  47.32
1995-1999       33      0.00093  0.00093  0.50   97805      91   97760  4534292  46.36
1995-1999       34      0.00093  0.00093  0.50   97714      91   97669  4436533  45.40
1995-1999       35      0.00095  0.00095  0.50   97623      92   97577  4338864  44.44
1995-1999       36      0.00103  0.00103  0.50   97531     100   97481  4241286  43.49
1995-1999       37      0.00111  0.00111  0.50   97431     108   97377  4143805  42.53
1995-1999       38      0.00126  0.00125  0.50   97323     122   97262  4046428  41.58
1995-1999       39      0.00125  0.00125  0.50   97201     122   97140  3949166  40.63
1995-1999       40      0.00140  0.00140  0.50   97079     136   97011  3852026  39.68
1995-1999       41      0.00147  0.00147  0.50   96943     142   96872  3755015  38.73
1995-1999       42      0.00164  0.00163  0.50   96801     158   96722  3658142  37.79
1995-1999       43      0.00170  0.00170  0.50   96643     164   96561  3561421  36.85
1995-1999       44      0.00201  0.00201  0.50   96479     194   96382  3464860  35.91
1995-1999       45      0.00219  0.00218  0.50   96285     210   96180  3368478  34.98
1995-1999       46      0.00238  0.00237  0.50   96075     228   95961  3272298  34.06
1995-1999       47      0.00244  0.00244  0.50   95847     234   95730  3176337  33.14
1995-1999       48      0.00271  0.00271  0.50   95613     259   95483  3080607  32.22
1995-1999       49      0.00307  0.00307  0.50   95354     292   95208  2985123  31.31
1995-1999       50      0.00333  0.00332  0.50   95062     316   94904  2889915  30.40
1995-1999       51      0.00377  0.00377  0.50   94746     357   94567  2795012  29.50
1995-1999       52      0.00396  0.00395  0.50   94389     373   94203  2700444  28.61
1995-1999       53      0.00412  0.00411  0.50   94016     386   93823  2606242  27.72
1995-1999       54      0.00463  0.00461  0.50   93630     432   93414  2512419  26.83
1995-1999       55      0.00502  0.00500  0.50   93198     466   92965  2419005  25.96
1995-1999       56      0.00540  0.00539  0.50   92732     500   92482  2326040  25.08
1995-1999       57      0.00582  0.00580  0.50   92232     535   91964  2233558  24.22
1995-1999       58      0.00635  0.00633  0.50   91697     580   91407  2141594  23.36
1995-1999       59      0.00717  0.00715  0.50   91117     651   90791  2050187  22.50
1995-1999       60      0.00779  0.00776  0.50   90465     702   90115  1959396  21.66
1995-1999       61      0.00847  0.00844  0.50   89764     757   89385  1869281  20.82
1995-1999       62      0.00934  0.00929  0.50   89006     827   88593  1779896  20.00
1995-1999       63      0.01039  0.01034  0.50   88179     912   87723  1691303  19.18
1995-1999       64      0.01116  0.01109  0.50   87268     968   86783  1603580  18.38
1995-1999       65      0.01276  0.01268  0.50   86299    1094   85752  1516796  17.58
1995-1999       66      0.01379  0.01369  0.50   85205    1167   84622  1431044  16.80
1995-1999       67      0.01603  0.01590  0.50   84038    1336   83370  1346422  16.02
1995-1999       68      0.01761  0.01746  0.50   82702    1444   81980  1263052  15.27
1995-1999       69      0.01991  0.01972  0.50   81259    1602   80458  1181071  14.53
1995-1999       70      0.02282  0.02257  0.50   79656    1798   78758  1100614  13.82
1995-1999       71      0.02409  0.02380  0.50   77859    1853   76932  1021856  13.12
1995-1999       72      0.02741  0.02704  0.50   76006    2055   74978   944924  12.43
1995-1999       73      0.03001  0.02956  0.50   73950    2186   72857   869946  11.76
1995-1999       74      0.03396  0.03340  0.50   71764    2397   70566   797089  11.11
1995-1999       75      0.03801  0.03730  0.50   69368    2587   68074   726523  10.47
1995-1999       76      0.04260  0.04171  0.50   66780    2785   65388   658449   9.86
1995-1999       77      0.04796  0.04684  0.50   63995    2998   62496   593061   9.27
1995-1999       78      0.05415  0.05272  0.50   60997    3216   59389   530565   8.70
1995-1999       79      0.06220  0.06032  0.50   57781    3486   56039   471176   8.15
1995-1999       80      0.07123  0.06878  0.50   54296    3734   52429   415137   7.65
1995-1999       81      0.07864  0.07567  0.50   50561    3826   48648   362709   7.17
1995-1999       82      0.08782  0.08413  0.50   46736    3932   44770   314060   6.72
1995-1999       83      0.09751  0.09298  0.50   42804    3980   40814   269290   6.29
1995-1999       84      0.10685  0.10143  0.50   38824    3938   36855   228476   5.88
1995-1999       85      0.11872  0.11206  0.50   34886    3910   32931   191621   5.49
1995-1999       86      0.13502  0.12648  0.50   30977    3918   29018   158690   5.12
1995-1999       87      0.14657  0.13657  0.50   27059    3695   25211   129672   4.79
1995-1999       88      0.16533  0.15270  0.50   23363    3568   21580   104461   4.47
1995-1999       89      0.18218  0.16697  0.50   19796    3305   18143    82882   4.19
1995-1999       90      0.20303  0.18432  0.50   16490    3039   14971    64739   3.93
1995-1999       91      0.21084  0.19073  0.50   13451    2566   12168    49768   3.70
1995-1999       92      0.23579  0.21093  0.50   10885    2296    9737    37600   3.45
1995-1999       93      0.25256  0.22425  0.50    8589    1926    7626    27862   3.24
1995-1999       94      0.27144  0.23900  0.50    6663    1593    5867    20236   3.04
1995-1999       95      0.30106  0.26167  0.50    5071    1327    4407    14369   2.83
1995-1999       96      0.32589  0.28023  0.50    3744    1049    3219     9962   2.66
1995-1999       97      0.35178  0.29916  0.50    2695     806    2292     6742   2.50
1995-1999       98      0.37862  0.31835  0.50    1889     601    1588     4451   2.36
1995-1999       99      0.40625  0.33766  0.50    1287     435    1070     2863   2.22
1995-1999      100      0.43454  0.35698  0.50     853     304     700     1793   2.10
1995-1999      101      0.46331  0.37617  0.50     548     206     445     1092   1.99
1995-1999      102      0.49238  0.39511  0.50     342     135     274      647   1.89
1995-1999      103      0.52155  0.41368  0.50     207      86     164      373   1.80
1995-1999      104      0.55063  0.43176  0.50     121      52      95      208   1.72
1995-1999      105      0.57942  0.44926  0.50      69      31      53      113   1.64
1995-1999      106      0.60773  0.46610  0.50      38      18      29       60   1.58
1995-1999      107      0.63538  0.48219  0.50      20      10      15       31   1.52
1995-1999      108      0.66222  0.49749  0.50      10       5       8       15   1.47
1995-1999      109      0.68809  0.51196  0.50       5       3       4        8   1.43
1995-1999      110+     0.71289  1.00000  1.40       3       3       4        4   1.40
2000-2004        0      0.00467  0.00465  0.14  100000     465   99600  7886250  78.86
2000-2004        1      0.00029  0.00029  0.50   99535      29   99521  7786650  78.23
2000-2004        2      0.00019  0.00019  0.50   99506      19   99497  7687129  77.25
2000-2004        3      0.00013  0.00013  0.50   99487      13   99481  7587632  76.27
2000-2004        4      0.00014  0.00014  0.50   99474      14   99467  7488152  75.28
2000-2004        5      0.00012  0.00012  0.50   99460      12   99454  7388685  74.29
2000-2004        6      0.00014  0.00014  0.50   99448      14   99441  7289231  73.30
2000-2004        7      0.00013  0.00013  0.50   99433      13   99427  7189790  72.31
2000-2004        8      0.00012  0.00012  0.50   99421      12   99415  7090363  71.32
2000-2004        9      0.00011  0.00011  0.50   99409      11   99404  6990948  70.33
2000-2004       10      0.00012  0.00012  0.50   99398      12   99392  6891545  69.33
2000-2004       11      0.00010  0.00010  0.50   99387      10   99381  6792152  68.34
2000-2004       12      0.00011  0.00011  0.50   99376      11   99371  6692771  67.35
2000-2004       13      0.00015  0.00015  0.50   99365      15   99358  6593400  66.36
2000-2004       14      0.00018  0.00018  0.50   99351      18   99342  6494042  65.36
2000-2004       15      0.00029  0.00029  0.50   99333      29   99318  6394700  64.38
2000-2004       16      0.00033  0.00033  0.50   99304      33   99287  6295382  63.40
2000-2004       17      0.00041  0.00041  0.50   99271      41   99250  6196095  62.42
2000-2004       18      0.00062  0.00062  0.50   99230      62   99199  6096844  61.44
2000-2004       19      0.00061  0.00061  0.50   99168      60   99138  5997645  60.48
2000-2004       20      0.00069  0.00069  0.50   99108      68   99074  5898507  59.52
2000-2004       21      0.00065  0.00065  0.50   99040      65   99008  5799432  58.56
2000-2004       22      0.00071  0.00071  0.50   98976      70   98941  5700424  57.59
2000-2004       23      0.00073  0.00073  0.50   98905      72   98869  5601484  56.63
2000-2004       24      0.00073  0.00073  0.50   98833      72   98797  5502615  55.68
2000-2004       25      0.00075  0.00075  0.50   98761      74   98724  5403817  54.72
2000-2004       26      0.00062  0.00062  0.50   98687      61   98657  5305093  53.76
2000-2004       27      0.00069  0.00069  0.50   98626      68   98592  5206437  52.79
2000-2004       28      0.00068  0.00068  0.50   98559      67   98525  5107844  51.83
2000-2004       29      0.00069  0.00069  0.50   98492      68   98457  5009319  50.86
2000-2004       30      0.00067  0.00067  0.50   98423      66   98390  4910862  49.90
2000-2004       31      0.00069  0.00069  0.50   98357      68   98323  4812472  48.93
2000-2004       32      0.00073  0.00073  0.50   98290      72   98254  4714148  47.96
2000-2004       33      0.00077  0.00077  0.50   98218      76   98180  4615894  47.00
2000-2004       34      0.00090  0.00090  0.50   98142      88   98098  4517714  46.03
2000-2004       35      0.00085  0.00085  0.50   98054      84   98012  4419617  45.07
2000-2004       36      0.00093  0.00093  0.50   97970      91   97925  4321605  44.11
2000-2004       37      0.00100  0.00100  0.50   97879      98   97830  4223680  43.15
2000-2004       38      0.00108  0.00108  0.50   97781     105   97729  4125850  42.19
2000-2004       39      0.00110  0.00110  0.50   97676     108   97622  4028121  41.24
2000-2004       40      0.00119  0.00119  0.50   97568     116   97510  3930499  40.28
2000-2004       41      0.00137  0.00137  0.50   97452     133   97386  3832989  39.33
2000-2004       42      0.00154  0.00154  0.50   97319     150   97244  3735603  38.39
2000-2004       43      0.00170  0.00170  0.50   97170     165   97087  3638359  37.44
2000-2004       44      0.00187  0.00187  0.50   97004     181   96914  3541272  36.51
2000-2004       45      0.00207  0.00206  0.50   96823     200   96723  3444358  35.57
2000-2004       46      0.00225  0.00225  0.50   96623     218   96514  3347635  34.65
2000-2004       47      0.00238  0.00238  0.50   96405     230   96291  3251121  33.72
2000-2004       48      0.00271  0.00270  0.50   96176     260   96046  3154830  32.80
2000-2004       49      0.00297  0.00296  0.50   95916     284   95774  3058785  31.89
2000-2004       50      0.00320  0.00320  0.50   95632     306   95479  2963011  30.98
2000-2004       51      0.00351  0.00351  0.50   95326     334   95159  2867532  30.08
2000-2004       52      0.00377  0.00376  0.50   94992     357   94813  2772374  29.19
2000-2004       53      0.00420  0.00419  0.50   94634     396   94436  2677561  28.29
2000-2004       54      0.00455  0.00454  0.50   94238     428   94024  2583125  27.41
2000-2004       55      0.00508  0.00507  0.50   93810     476   93572  2489101  26.53
2000-2004       56      0.00549  0.00547  0.50   93334     511   93079  2395529  25.67
2000-2004       57      0.00597  0.00595  0.50   92823     553   92547  2302450  24.80
2000-2004       58      0.00625  0.00623  0.50   92271     575   91983  2209903  23.95
2000-2004       59      0.00654  0.00652  0.50   91696     598   91397  2117920  23.10
2000-2004       60      0.00720  0.00717  0.50   91098     653   90772  2026522  22.25
2000-2004       61      0.00790  0.00787  0.50   90445     712   90089  1935751  21.40
2000-2004       62      0.00880  0.00876  0.50   89734     786   89341  1845661  20.57
2000-2004       63      0.00957  0.00953  0.50   88948     847   88524  1756320  19.75
2000-2004       64      0.01047  0.01042  0.50   88100     918   87642  1667796  18.93
2000-2004       65      0.01141  0.01134  0.50   87183     989   86688  1580155  18.12
2000-2004       66      0.01297  0.01288  0.50   86194    1110   85639  1493466  17.33
2000-2004       67      0.01426  0.01416  0.50   85083    1205   84481  1407828  16.55
2000-2004       68      0.01581  0.01568  0.50   83879    1316   83221  1323347  15.78
2000-2004       69      0.01766  0.01750  0.50   82563    1445   81841  1240126  15.02
2000-2004       70      0.01957  0.01938  0.50   81118    1572   80332  1158285  14.28
2000-2004       71      0.02197  0.02173  0.50   79546    1729   78682  1077953  13.55
2000-2004       72      0.02515  0.02484  0.50   77817    1933   76851   999271  12.84
2000-2004       73      0.02809  0.02770  0.50   75884    2102   74833   922420  12.16
2000-2004       74      0.03145  0.03096  0.50   73782    2284   72640   847587  11.49
2000-2004       75      0.03565  0.03502  0.50   71498    2504   70246   774947  10.84
2000-2004       76      0.03994  0.03915  0.50   68994    2701   67643   704701  10.21
2000-2004       77      0.04505  0.04405  0.50   66293    2920   64832   637057   9.61
2000-2004       78      0.04932  0.04814  0.50   63372    3051   61847   572225   9.03
2000-2004       79      0.05615  0.05461  0.50   60322    3294   58674   510378   8.46
2000-2004       80      0.06288  0.06097  0.50   57027    3477   55289   451704   7.92
2000-2004       81      0.06988  0.06752  0.50   53550    3616   51743   396415   7.40
2000-2004       82      0.07984  0.07677  0.50   49935    3834   48018   344672   6.90
2000-2004       83      0.09114  0.08717  0.50   46101    4019   44092   296654   6.43
2000-2004       84      0.10319  0.09813  0.50   42083    4129   40018   252562   6.00
2000-2004       85      0.11500  0.10874  0.50   37953    4127   35890   212544   5.60
2000-2004       86      0.12758  0.11993  0.50   33826    4057   31798   176655   5.22
2000-2004       87      0.14242  0.13295  0.50   29769    3958   27790   144857   4.87
2000-2004       88      0.15779  0.14625  0.50   25811    3775   23924   117067   4.54
2000-2004       89      0.17567  0.16149  0.50   22037    3559   20257    93143   4.23
2000-2004       90      0.19267  0.17574  0.50   18478    3247   16854    72886   3.94
2000-2004       91      0.21612  0.19504  0.50   15231    2971   13745    56032   3.68
2000-2004       92      0.23083  0.20694  0.50   12260    2537   10991    42286   3.45
2000-2004       93      0.25218  0.22394  0.50    9723    2177    8634    31295   3.22
2000-2004       94      0.27094  0.23861  0.50    7545    1800    6645    22661   3.00
2000-2004       95      0.30413  0.26398  0.50    5745    1517    4987    16016   2.79
2000-2004       96      0.33100  0.28400  0.50    4228    1201    3628    11029   2.61
2000-2004       97      0.35905  0.30440  0.50    3028     922    2567     7401   2.44
2000-2004       98      0.38812  0.32504  0.50    2106     685    1764     4834   2.30
2000-2004       99      0.41805  0.34577  0.50    1421     491    1176     3070   2.16
2000-2004      100      0.44862  0.36642  0.50     930     341     760     1895   2.04
2000-2004      101      0.47961  0.38684  0.50     589     228     475     1135   1.93
2000-2004      102      0.51078  0.40687  0.50     361     147     288      660   1.83
2000-2004      103      0.54190  0.42638  0.50     214      91     169      372   1.74
2000-2004      104      0.57272  0.44523  0.50     123      55      96      204   1.66
2000-2004      105      0.60301  0.46332  0.50      68      32      52      108   1.58
2000-2004      106      0.63256  0.48057  0.50      37      18      28       56   1.52
2000-2004      107      0.66116  0.49690  0.50      19       9      14       28   1.46
2000-2004      108      0.68865  0.51226  0.50      10       5       7       14   1.42
2000-2004      109      0.71489  0.52664  0.50       5       2       3        6   1.38
2000-2004      110+     0.73977  1.00000  1.35       2       2       3        3   1.35
2005-2009        0      0.00349  0.00348  0.14  100000     348   99701  7984967  79.85
2005-2009        1      0.00028  0.00028  0.50   99652      28   99638  7885266  79.13
2005-2009        2      0.00021  0.00021  0.50   99624      21   99613  7785628  78.15
2005-2009        3      0.00013  0.00013  0.50   99603      13   99597  7686014  77.17
2005-2009        4      0.00011  0.00011  0.50   99590      11   99585  7586417  76.18
2005-2009        5      0.00015  0.00015  0.50   99580      15   99572  7486832  75.18
2005-2009        6      0.00012  0.00012  0.50   99565      12   99559  7387260  74.20
2005-2009        7      0.00010  0.00010  0.50   99553      10   99548  7287701  73.20
2005-2009        8      0.00011  0.00011  0.50   99543      11   99538  7188153  72.21
2005-2009        9      0.00011  0.00011  0.50   99532      11   99526  7088615  71.22
2005-2009       10      0.00011  0.00011  0.50   99521      10   99516  6989089  70.23
2005-2009       11      0.00008  0.00008  0.50   99510       8   99506  6889573  69.23
2005-2009       12      0.00012  0.00012  0.50   99502      12   99496  6790067  68.24
2005-2009       13      0.00014  0.00014  0.50   99490      14   99483  6690570  67.25
2005-2009       14      0.00017  0.00017  0.50   99476      17   99467  6591087  66.26
2005-2009       15      0.00022  0.00022  0.50   99459      22   99448  6491620  65.27
2005-2009       16      0.00026  0.00026  0.50   99437      26   99424  6392172  64.28
2005-2009       17      0.00037  0.00037  0.50   99411      37   99393  6292748  63.30
2005-2009       18      0.00049  0.00049  0.50   99374      49   99350  6193355  62.32
2005-2009       19      0.00055  0.00055  0.50   99325      54   99298  6094005  61.35
2005-2009       20      0.00055  0.00055  0.50   99271      54   99244  5994707  60.39
2005-2009       21      0.00067  0.00067  0.50   99217      67   99183  5895463  59.42
2005-2009       22      0.00069  0.00069  0.50   99150      68   99116  5796279  58.46
2005-2009       23      0.00071  0.00071  0.50   99082      70   99047  5697163  57.50
2005-2009       24      0.00075  0.00075  0.50   99011      75   98974  5598117  56.54
2005-2009       25      0.00074  0.00074  0.50   98937      73   98900  5499143  55.58
2005-2009       26      0.00075  0.00075  0.50   98864      74   98827  5400242  54.62
2005-2009       27      0.00077  0.00077  0.50   98790      76   98752  5301415  53.66
2005-2009       28      0.00074  0.00074  0.50   98714      73   98677  5202664  52.70
2005-2009       29      0.00074  0.00074  0.50   98641      73   98604  5103986  51.74
2005-2009       30      0.00073  0.00073  0.50   98568      72   98532  5005382  50.78
2005-2009       31      0.00074  0.00074  0.50   98496      73   98459  4906850  49.82
2005-2009       32      0.00075  0.00075  0.50   98423      73   98386  4808391  48.85
2005-2009       33      0.00077  0.00077  0.50   98350      76   98312  4710005  47.89
2005-2009       34      0.00080  0.00080  0.50   98274      78   98235  4611693  46.93
2005-2009       35      0.00085  0.00085  0.50   98195      83   98154  4513458  45.96
2005-2009       36      0.00087  0.00087  0.50   98112      86   98069  4415305  45.00
2005-2009       37      0.00090  0.00090  0.50   98026      88   97982  4317235  44.04
2005-2009       38      0.00100  0.00100  0.50   97939      98   97889  4219253  43.08
2005-2009       39      0.00116  0.00116  0.50   97840     113   97784  4121364  42.12
2005-2009       40      0.00120  0.00119  0.50   97727     117   97669  4023580  41.17
2005-2009       41      0.00134  0.00134  0.50   97611     131   97545  3925911  40.22
2005-2009       42      0.00139  0.00139  0.50   97480     135   97412  3828366  39.27
2005-2009       43      0.00165  0.00165  0.50   97344     161   97264  3730954  38.33
2005-2009       44      0.00177  0.00176  0.50   97184     172   97098  3633690  37.39
2005-2009       45      0.00201  0.00200  0.50   97012     194   96915  3536591  36.46
2005-2009       46      0.00214  0.00214  0.50   96818     207   96715  3439676  35.53
2005-2009       47      0.00240  0.00239  0.50   96611     231   96495  3342962  34.60
2005-2009       48      0.00247  0.00247  0.50   96380     238   96261  3246466  33.68
2005-2009       49      0.00283  0.00282  0.50   96142     271   96006  3150206  32.77
2005-2009       50      0.00310  0.00310  0.50   95870     297   95722  3054200  31.86
2005-2009       51      0.00326  0.00325  0.50   95573     311   95418  2958478  30.96
2005-2009       52      0.00363  0.00363  0.50   95262     346   95089  2863060  30.05
2005-2009       53      0.00414  0.00413  0.50   94917     392   94720  2767971  29.16
2005-2009       54      0.00443  0.00442  0.50   94524     418   94315  2673251  28.28
2005-2009       55      0.00477  0.00476  0.50   94106     448   93883  2578935  27.40
2005-2009       56      0.00511  0.00510  0.50   93659     478   93420  2485053  26.53
2005-2009       57      0.00548  0.00547  0.50   93181     509   92926  2391633  25.67
2005-2009       58      0.00595  0.00594  0.50   92672     550   92397  2298707  24.80
2005-2009       59      0.00679  0.00677  0.50   92121     624   91810  2206310  23.95
2005-2009       60      0.00724  0.00722  0.50   91498     660   91168  2114500  23.11
2005-2009       61      0.00789  0.00786  0.50   90838     714   90481  2023333  22.27
2005-2009       62      0.00849  0.00846  0.50   90124     762   89743  1932852  21.45
2005-2009       63      0.00852  0.00849  0.50   89362     758   88983  1843109  20.63
2005-2009       64      0.00908  0.00904  0.50   88604     801   88203  1754126  19.80
2005-2009       65      0.01031  0.01025  0.50   87803     900   87353  1665923  18.97
2005-2009       66      0.01097  0.01091  0.50   86903     948   86428  1578570  18.16
2005-2009       67      0.01231  0.01224  0.50   85954    1052   85428  1492142  17.36
2005-2009       68      0.01357  0.01348  0.50   84902    1144   84330  1406714  16.57
2005-2009       69      0.01517  0.01506  0.50   83758    1261   83127  1322384  15.79
2005-2009       70      0.01706  0.01691  0.50   82497    1395   81799  1239256  15.02
2005-2009       71      0.01895  0.01878  0.50   81102    1523   80340  1157457  14.27
2005-2009       72      0.02139  0.02116  0.50   79579    1684   78737  1077117  13.54
2005-2009       73      0.02349  0.02322  0.50   77895    1808   76990   998380  12.82
2005-2009       74      0.02734  0.02697  0.50   76086    2052   75060   921390  12.11
2005-2009       75      0.03049  0.03003  0.50   74034    2223   72923   846329  11.43
2005-2009       76      0.03450  0.03391  0.50   71811    2435   70593   773407  10.77
2005-2009       77      0.03906  0.03831  0.50   69376    2658   68047   702813  10.13
2005-2009       78      0.04493  0.04395  0.50   66718    2932   65252   634767   9.51
2005-2009       79      0.05125  0.04997  0.50   63786    3187   62192   569515   8.93
2005-2009       80      0.05560  0.05410  0.50   60598    3278   58959   507323   8.37
2005-2009       81      0.06297  0.06105  0.50   57320    3500   55570   448364   7.82
2005-2009       82      0.07106  0.06862  0.50   53820    3693   51974   392794   7.30
2005-2009       83      0.08044  0.07733  0.50   50127    3876   48189   340820   6.80
2005-2009       84      0.08927  0.08546  0.50   46251    3953   44274   292631   6.33
2005-2009       85      0.10355  0.09846  0.50   42298    4165   40216   248357   5.87
2005-2009       86      0.11508  0.10882  0.50   38134    4150   36059   208141   5.46
2005-2009       87      0.13147  0.12336  0.50   33984    4192   31888   172082   5.06
2005-2009       88      0.14656  0.13655  0.50   29792    4068   27757   140194   4.71
2005-2009       89      0.16200  0.14987  0.50   25723    3855   23796   112437   4.37
2005-2009       90      0.18324  0.16786  0.50   21868    3671   20033    88641   4.05
2005-2009       91      0.20121  0.18281  0.50   18198    3327   16534    68608   3.77
2005-2009       92      0.22653  0.20348  0.50   14871    3026   13358    52074   3.50
2005-2009       93      0.24499  0.21826  0.50   11845    2585   10552    38716   3.27
2005-2009       94      0.27127  0.23887  0.50    9260    2212    8154    28163   3.04
2005-2009       95      0.29445  0.25666  0.50    7048    1809    6143    20010   2.84
2005-2009       96      0.32237  0.27762  0.50    5239    1454    4512    13866   2.65
2005-2009       97      0.35165  0.29907  0.50    3784    1132    3219     9355   2.47
2005-2009       98      0.38212  0.32083  0.50    2653     851    2227     6136   2.31
2005-2009       99      0.41358  0.34271  0.50    1802     617    1493     3909   2.17
2005-2009      100      0.44578  0.36453  0.50    1184     432     968     2416   2.04
2005-2009      101      0.47847  0.38610  0.50     753     291     607     1448   1.92
2005-2009      102      0.51137  0.40724  0.50     462     188     368      841   1.82
2005-2009      103      0.54419  0.42779  0.50     274     117     215      473   1.73
2005-2009      104      0.57665  0.44760  0.50     157      70     122      257   1.64
2005-2009      105      0.60848  0.46654  0.50      87      40      66      136   1.57
2005-2009      106      0.63942  0.48452  0.50      46      22      35       69   1.50
2005-2009      107      0.66926  0.50145  0.50      24      12      18       34   1.45
2005-2009      108      0.69780  0.51731  0.50      12       6       9       17   1.40
2005-2009      109      0.72489  0.53205  0.50       6       3       4        8   1.36
2005-2009      110+     0.75043  1.00000  1.33       3       3       4        4   1.33
2010-2014        0      0.00346  0.00345  0.14  100000     345   99704  8083523  80.84
2010-2014        1      0.00025  0.00025  0.50   99655      25   99643  7983819  80.11
2010-2014        2      0.00014  0.00014  0.50   99631      14   99624  7884176  79.13
2010-2014        3      0.00015  0.00015  0.50   99617      15   99609  7784553  78.15
2010-2014        4      0.00013  0.00013  0.50   99602      13   99595  7684943  77.16
2010-2014        5      0.00011  0.00011  0.50   99588      11   99583  7585348  76.17
2010-2014        6      0.00009  0.00009  0.50   99577       9   99573  7485766  75.18
2010-2014        7      0.00010  0.00010  0.50   99568       9   99564  7386193  74.18
2010-2014        8      0.00009  0.00009  0.50   99559       9   99554  7286629  73.19
2010-2014        9      0.00009  0.00009  0.50   99549       9   99545  7187075  72.20
2010-2014       10      0.00009  0.00009  0.50   99541       9   99536  7087530  71.20
2010-2014       11      0.00010  0.00010  0.50   99532      10   99527  6987994  70.21
2010-2014       12      0.00009  0.00009  0.50   99522       9   99518  6888467  69.22
2010-2014       13      0.00012  0.00012  0.50   99513      12   99507  6788949  68.22
2010-2014       14      0.00014  0.00014  0.50   99501      14   99494  6689441  67.23
2010-2014       15      0.00021  0.00021  0.50   99487      21   99477  6589947  66.24
2010-2014       16      0.00027  0.00027  0.50   99467      27   99453  6490470  65.25
2010-2014       17      0.00028  0.00028  0.50   99440      28   99426  6391017  64.27
2010-2014       18      0.00038  0.00038  0.50   99412      38   99393  6291591  63.29
2010-2014       19      0.00042  0.00042  0.50   99374      42   99353  6192198  62.31
2010-2014       20      0.00047  0.00047  0.50   99332      47   99309  6092845  61.34
2010-2014       21      0.00047  0.00047  0.50   99285      47   99262  5993537  60.37
2010-2014       22      0.00049  0.00049  0.50   99239      49   99214  5894275  59.39
2010-2014       23      0.00056  0.00056  0.50   99190      55   99162  5795060  58.42
2010-2014       24      0.00056  0.00056  0.50   99134      56   99107  5695898  57.46
2010-2014       25      0.00053  0.00053  0.50   99079      53   99052  5596792  56.49
2010-2014       26      0.00053  0.00053  0.50   99026      53   99000  5497739  55.52
2010-2014       27      0.00060  0.00060  0.50   98973      59   98944  5398740  54.55
2010-2014       28      0.00053  0.00053  0.50   98914      52   98888  5299796  53.58
2010-2014       29      0.00055  0.00055  0.50   98862      54   98835  5200907  52.61
2010-2014       30      0.00065  0.00065  0.50   98808      64   98776  5102072  51.64
2010-2014       31      0.00064  0.00064  0.50   98744      63   98712  5003296  50.67
2010-2014       32      0.00066  0.00066  0.50   98681      66   98648  4904584  49.70
2010-2014       33      0.00066  0.00066  0.50   98615      65   98583  4805936  48.73
2010-2014       34      0.00073  0.00073  0.50   98550      72   98514  4707353  47.77
2010-2014       35      0.00077  0.00076  0.50   98478      75   98440  4608839  46.80
2010-2014       36      0.00075  0.00075  0.50   98403      74   98366  4510399  45.84
2010-2014       37      0.00081  0.00081  0.50   98329      79   98289  4412033  44.87
2010-2014       38      0.00092  0.00092  0.50   98250      90   98205  4313744  43.91
2010-2014       39      0.00094  0.00094  0.50   98160      92   98114  4215539  42.95
2010-2014       40      0.00102  0.00102  0.50   98068     100   98018  4117425  41.99
2010-2014       41      0.00116  0.00116  0.50   97968     114   97911  4019408  41.03
2010-2014       42      0.00121  0.00121  0.50   97854     118   97795  3921497  40.07
2010-2014       43      0.00145  0.00145  0.50   97736     142   97665  3823702  39.12
2010-2014       44      0.00161  0.00161  0.50   97594     157   97515  3726037  38.18
2010-2014       45      0.00180  0.00180  0.50   97437     175   97349  3628522  37.24
2010-2014       46      0.00197  0.00197  0.50   97262     191   97166  3531172  36.31
2010-2014       47      0.00217  0.00216  0.50   97071     210   96966  3434006  35.38
2010-2014       48      0.00239  0.00239  0.50   96861     232   96745  3337040  34.45
2010-2014       49      0.00262  0.00261  0.50   96629     252   96503  3240295  33.53
2010-2014       50      0.00294  0.00293  0.50   96377     283   96235  3143792  32.62
2010-2014       51      0.00316  0.00316  0.50   96094     303   95942  3047557  31.71
2010-2014       52      0.00348  0.00347  0.50   95791     332   95624  2951615  30.81
2010-2014       53      0.00376  0.00375  0.50   95458     358   95279  2855990  29.92
2010-2014       54      0.00423  0.00422  0.50   95100     401   94899  2760711  29.03
2010-2014       55      0.00453  0.00452  0.50   94698     428   94484  2665812  28.15
2010-2014       56      0.00505  0.00504  0.50   94270     475   94033  2571328  27.28
2010-2014       57      0.00575  0.00573  0.50   93795     538   93526  2477295  26.41
2010-2014       58      0.00589  0.00587  0.50   93257     548   92984  2383769  25.56
2010-2014       59      0.00650  0.00648  0.50   92710     601   92409  2290785  24.71
2010-2014       60      0.00698  0.00696  0.50   92109     641   91788  2198376  23.87
2010-2014       61      0.00742  0.00739  0.50   91468     676   91130  2106587  23.03
2010-2014       62      0.00789  0.00785  0.50   90792     713   90435  2015457  22.20
2010-2014       63      0.00849  0.00845  0.50   90079     761   89698  1925022  21.37
2010-2014       64      0.00943  0.00938  0.50   89318     838   88898  1835324  20.55
2010-2014       65      0.01023  0.01018  0.50   88479     901   88029  1746425  19.74
2010-2014       66      0.01145  0.01139  0.50   87579     997   87080  1658396  18.94
2010-2014       67      0.01208  0.01201  0.50   86581    1040   86062  1571316  18.15
2010-2014       68      0.01245  0.01238  0.50   85542    1059   85013  1485255  17.36
2010-2014       69      0.01364  0.01354  0.50   84483    1144   83911  1400242  16.57
2010-2014       70      0.01489  0.01478  0.50   83339    1232   82723  1316331  15.79
2010-2014       71      0.01644  0.01630  0.50   82107    1339   81438  1233608  15.02
2010-2014       72      0.01850  0.01833  0.50   80769    1480   80029  1152170  14.27
2010-2014       73      0.02058  0.02037  0.50   79288    1615   78481  1072141  13.52
2010-2014       74      0.02283  0.02257  0.50   77673    1753   76797   993660  12.79
2010-2014       75      0.02564  0.02531  0.50   75920    1922   74959   916864  12.08
2010-2014       76      0.02952  0.02910  0.50   73999    2153   72922   841904  11.38
2010-2014       77      0.03408  0.03351  0.50   71845    2407   70642   768982  10.70
2010-2014       78      0.03805  0.03734  0.50   69438    2593   68142   698340  10.06
2010-2014       79      0.04364  0.04271  0.50   66845    2855   65418   630199   9.43
2010-2014       80      0.05021  0.04898  0.50   63990    3134   62423   564781   8.83
2010-2014       81      0.05671  0.05514  0.50   60856    3356   59178   502358   8.25
2010-2014       82      0.06372  0.06175  0.50   57500    3551   55725   443179   7.71
2010-2014       83      0.07257  0.07003  0.50   53949    3778   52060   387455   7.18
2010-2014       84      0.08300  0.07970  0.50   50171    3998   48172   335395   6.69
2010-2014       85      0.09219  0.08813  0.50   46173    4069   44138   287223   6.22
2010-2014       86      0.10411  0.09896  0.50   42104    4167   40020   243085   5.77
2010-2014       87      0.11796  0.11139  0.50   37937    4226   35824   203064   5.35
2010-2014       88      0.13253  0.12429  0.50   33711    4190   31616   167240   4.96
2010-2014       89      0.14997  0.13950  0.50   29521    4118   27462   135624   4.59
2010-2014       90      0.17109  0.15761  0.50   25403    4004   23401   108162   4.26
2010-2014       91      0.18793  0.17179  0.50   21399    3676   19561    84762   3.96
2010-2014       92      0.20888  0.18913  0.50   17723    3352   16047    65201   3.68
2010-2014       93      0.22849  0.20506  0.50   14371    2947   12897    49154   3.42
2010-2014       94      0.24997  0.22220  0.50   11424    2538   10155    36256   3.17
2010-2014       95      0.28030  0.24584  0.50    8886    2184    7793    26101   2.94
2010-2014       96      0.30818  0.26703  0.50    6701    1789    5806    18308   2.73
2010-2014       97      0.33757  0.28882  0.50    4912    1419    4202    12502   2.55
2010-2014       98      0.36833  0.31104  0.50    3493    1087    2950     8299   2.38
2010-2014       99      0.40023  0.33350  0.50    2407     803    2005     5349   2.22
2010-2014      100      0.43306  0.35598  0.50    1604     571    1319     3344   2.08
2010-2014      101      0.46654  0.37829  0.50    1033     391     838     2026   1.96
2010-2014      102      0.50037  0.40024  0.50     642     257     514     1188   1.85
2010-2014      103      0.53425  0.42162  0.50     385     162     304      674   1.75
2010-2014      104      0.56786  0.44228  0.50     223      99     174      370   1.66
2010-2014      105      0.60091  0.46208  0.50     124      57      96      197   1.58
2010-2014      106      0.63311  0.48088  0.50      67      32      51      101   1.51
2010-2014      107      0.66420  0.49861  0.50      35      17      26       50   1.45
2010-2014      108      0.69397  0.51520  0.50      17       9      13       24   1.40
2010-2014      109      0.72224  0.53062  0.50       8       4       6       11   1.36
2010-2014      110+     0.74888  1.00000  1.34       4       4       5        5   1.34
2015-2019        0      0.00370  0.00369  0.14  100000     369   99683  8129360  81.29
2015-2019        1      0.00026  0.00026  0.50   99631      26   99618  8029677  80.59
2015-2019        2      0.00016  0.00016  0.50   99606      16   99597  7930059  79.61
2015-2019        3      0.00011  0.00011  0.50   99589      11   99584  7830461  78.63
2015-2019        4      0.00009  0.00009  0.50   99578       9   99574  7730877  77.64
2015-2019        5      0.00012  0.00012  0.50   99569      12   99563  7631304  76.64
2015-2019        6      0.00008  0.00008  0.50   99558       8   99554  7531740  75.65
2015-2019        7      0.00007  0.00007  0.50   99549       7   99546  7432187  74.66
2015-2019        8      0.00007  0.00007  0.50   99543       7   99539  7332641  73.66
2015-2019        9      0.00008  0.00008  0.50   99536       8   99532  7233101  72.67
2015-2019       10      0.00007  0.00007  0.50   99528       7   99524  7133570  71.67
2015-2019       11      0.00009  0.00009  0.50   99521       9   99516  7034046  70.68
2015-2019       12      0.00009  0.00009  0.50   99512       9   99508  6934529  69.69
2015-2019       13      0.00011  0.00011  0.50   99504      11   99498  6835021  68.69
2015-2019       14      0.00013  0.00013  0.50   99492      13   99486  6735523  67.70
2015-2019       15      0.00015  0.00015  0.50   99480      15   99472  6636037  66.71
2015-2019       16      0.00022  0.00022  0.50   99465      22   99454  6536565  65.72
2015-2019       17      0.00025  0.00025  0.50   99443      25   99431  6437111  64.73
2015-2019       18      0.00027  0.00027  0.50   99418      27   99404  6337680  63.75
2015-2019       19      0.00033  0.00033  0.50   99391      33   99375  6238276  62.77
2015-2019       20      0.00038  0.00038  0.50   99358      38   99339  6138901  61.79
2015-2019       21      0.00041  0.00041  0.50   99321      41   99300  6039562  60.81
2015-2019       22      0.00041  0.00041  0.50   99280      41   99260  5940261  59.83
2015-2019       23      0.00039  0.00039  0.50   99239      39   99220  5841002  58.86
2015-2019       24      0.00039  0.00039  0.50   99200      39   99181  5741782  57.88
2015-2019       25      0.00040  0.00040  0.50   99161      39   99141  5642602  56.90
2015-2019       26      0.00042  0.00042  0.50   99122      42   99101  5543460  55.93
2015-2019       27      0.00043  0.00043  0.50   99080      43   99058  5444359  54.95
2015-2019       28      0.00042  0.00042  0.50   99037      41   99016  5345301  53.97
2015-2019       29      0.00051  0.00051  0.50   98996      50   98970  5246285  53.00
2015-2019       30      0.00049  0.00048  0.50   98945      48   98921  5147314  52.02
2015-2019       31      0.00055  0.00055  0.50   98897      54   98870  5048393  51.05
2015-2019       32      0.00057  0.00057  0.50   98843      57   98815  4949523  50.07
2015-2019       33      0.00062  0.00062  0.50   98786      61   98756  4850709  49.10
2015-2019       34      0.00064  0.00064  0.50   98725      63   98694  4751953  48.13
2015-2019       35      0.00066  0.00066  0.50   98662      65   98629  4653259  47.16
2015-2019       36      0.00074  0.00074  0.50   98597      73   98560  4554630  46.19
2015-2019       37      0.00077  0.00077  0.50   98523      76   98485  4456070  45.23
2015-2019       38      0.00076  0.00076  0.50   98447      75   98410  4357585  44.26
2015-2019       39      0.00089  0.00089  0.50   98372      87   98329  4259175  43.30
2015-2019       40      0.00096  0.00096  0.50   98285      95   98238  4160846  42.33
2015-2019       41      0.00111  0.00111  0.50   98191     109   98136  4062608  41.37
2015-2019       42      0.00114  0.00114  0.50   98082     112   98026  3964472  40.42
2015-2019       43      0.00130  0.00130  0.50   97970     127   97906  3866446  39.47
2015-2019       44      0.00132  0.00132  0.50   97842     129   97778  3768540  38.52
2015-2019       45      0.00152  0.00152  0.50   97713     149   97639  3670762  37.57
2015-2019       46      0.00170  0.00170  0.50   97564     165   97482  3573124  36.62
2015-2019       47      0.00192  0.00192  0.50   97399     187   97306  3475642  35.68
2015-2019       48      0.00212  0.00212  0.50   97212     206   97109  3378336  34.75
2015-2019       49      0.00240  0.00239  0.50   97006     232   96890  3281227  33.83
2015-2019       50      0.00276  0.00276  0.50   96774     267   96640  3184338  32.91
2015-2019       51      0.00313  0.00313  0.50   96507     302   96356  3087698  31.99
2015-2019       52      0.00340  0.00339  0.50   96205     326   96042  2991342  31.09
2015-2019       53      0.00361  0.00361  0.50   95879     346   95706  2895300  30.20
2015-2019       54      0.00402  0.00402  0.50   95533     384   95341  2799594  29.31
2015-2019       55      0.00436  0.00435  0.50   95149     414   94942  2704254  28.42
2015-2019       56      0.00481  0.00480  0.50   94735     455   94508  2609312  27.54
2015-2019       57      0.00538  0.00537  0.50   94280     506   94027  2514804  26.67
2015-2019       58      0.00598  0.00597  0.50   93774     559   93495  2420777  25.81
2015-2019       59      0.00640  0.00637  0.50   93215     594   92918  2327282  24.97
2015-2019       60      0.00691  0.00688  0.50   92621     638   92302  2234364  24.12
2015-2019       61      0.00739  0.00736  0.50   91983     677   91645  2142062  23.29
2015-2019       62      0.00810  0.00807  0.50   91306     737   90938  2050418  22.46
2015-2019       63      0.00865  0.00862  0.50   90569     780   90179  1959480  21.64
2015-2019       64      0.00953  0.00949  0.50   89789     852   89363  1869301  20.82
2015-2019       65      0.01011  0.01006  0.50   88937     895   88490  1779939  20.01
2015-2019       66      0.01080  0.01074  0.50   88042     946   87569  1691449  19.21
2015-2019       67      0.01147  0.01141  0.50   87097     993   86600  1603880  18.41
2015-2019       68      0.01302  0.01293  0.50   86103    1114   85546  1517280  17.62
2015-2019       69      0.01406  0.01396  0.50   84990    1186   84396  1431733  16.85
2015-2019       70      0.01538  0.01526  0.50   83803    1279   83164  1347337  16.08
2015-2019       71      0.01745  0.01729  0.50   82524    1427   81810  1264173  15.32
2015-2019       72      0.01868  0.01851  0.50   81097    1501   80346  1182363  14.58
2015-2019       73      0.01977  0.01957  0.50   79596    1558   78817  1102017  13.85
2015-2019       74      0.02128  0.02105  0.50   78038    1643   77216  1023200  13.11
2015-2019       75      0.02382  0.02354  0.50   76395    1799   75496   945984  12.38
2015-2019       76      0.02649  0.02615  0.50   74596    1950   73621   870488  11.67
2015-2019       77      0.03013  0.02968  0.50   72646    2156   71568   796867  10.97
2015-2019       78      0.03470  0.03411  0.50   70490    2404   69288   725299  10.29
2015-2019       79      0.03933  0.03857  0.50   68086    2626   66772   656012   9.64
2015-2019       80      0.04498  0.04399  0.50   65459    2880   64020   589239   9.00
2015-2019       81      0.05229  0.05096  0.50   62580    3189   60985   525220   8.39
2015-2019       82      0.06065  0.05887  0.50   59391    3496   57643   464234   7.82
2015-2019       83      0.06942  0.06709  0.50   55895    3750   54019   406592   7.27
2015-2019       84      0.08070  0.07757  0.50   52144    4045   50122   352572   6.76
2015-2019       85      0.09122  0.08724  0.50   48100    4196   46002   302450   6.29
2015-2019       86      0.10296  0.09792  0.50   43903    4299   41754   256449   5.84
2015-2019       87      0.11784  0.11128  0.50   39604    4407   37401   214695   5.42
2015-2019       88      0.13198  0.12381  0.50   35197    4358   33018   177294   5.04
2015-2019       89      0.14509  0.13528  0.50   30839    4172   28753   144276   4.68
2015-2019       90      0.16162  0.14954  0.50   26667    3988   24674   115522   4.33
2015-2019       91      0.18216  0.16695  0.50   22680    3786   20786    90849   4.01
2015-2019       92      0.20204  0.18350  0.50   18893    3467   17160    70062   3.71
2015-2019       93      0.22283  0.20049  0.50   15426    3093   13880    52903   3.43
2015-2019       94      0.24692  0.21978  0.50   12333    2711   10978    39023   3.16
2015-2019       95      0.27988  0.24552  0.50    9623    2363    8441    28045   2.91
2015-2019       96      0.30942  0.26797  0.50    7260    1945    6287    19603   2.70
2015-2019       97      0.34083  0.29120  0.50    5315    1548    4541    13316   2.51
2015-2019       98      0.37392  0.31502  0.50    3767    1187    3174     8775   2.33
2015-2019       99      0.40847  0.33919  0.50    2580     875    2143     5601   2.17
2015-2019      100      0.44418  0.36346  0.50    1705     620    1395     3459   2.03
2015-2019      101      0.48071  0.38756  0.50    1085     421     875     2063   1.90
2015-2019      102      0.51768  0.41123  0.50     665     273     528     1188   1.79
2015-2019      103      0.55467  0.43424  0.50     391     170     306      660   1.69
2015-2019      104      0.59128  0.45636  0.50     221     101     171      354   1.60
2015-2019      105      0.62710  0.47741  0.50     120      57      92      183   1.52
2015-2019      106      0.66176  0.49724  0.50      63      31      47       91   1.45
2015-2019      107      0.69494  0.51574  0.50      32      16      23       44   1.39
2015-2019      108      0.72635  0.53284  0.50      15       8      11       21   1.34
2015-2019      109      0.75579  0.54851  0.50       7       4       5        9   1.30
2015-2019      110+     0.78312  1.00000  1.28       3       3       4        4   1.28
