Hong Kong, Life tables (period 1x5), Total	Last modified: 27 Sep 2022;  Methods Protocol: v6 (2017)

  Year          Age         mx       qx    ax      lx      dx      Lx       Tx     ex
1986-1989        0      0.00717  0.00713  0.13  100000     713   99383  7701525  77.02
1986-1989        1      0.00057  0.00057  0.50   99287      57   99259  7602141  76.57
1986-1989        2      0.00031  0.00031  0.50   99230      30   99215  7502883  75.61
1986-1989        3      0.00031  0.00031  0.50   99200      31   99184  7403667  74.63
1986-1989        4      0.00022  0.00022  0.50   99169      21   99158  7304483  73.66
1986-1989        5      0.00018  0.00018  0.50   99148      18   99139  7205325  72.67
1986-1989        6      0.00016  0.00016  0.50   99129      16   99122  7106186  71.69
1986-1989        7      0.00021  0.00021  0.50   99114      21   99103  7007065  70.70
1986-1989        8      0.00014  0.00014  0.50   99093      14   99086  6907961  69.71
1986-1989        9      0.00017  0.00017  0.50   99079      17   99071  6808875  68.72
1986-1989       10      0.00017  0.00017  0.50   99062      17   99054  6709804  67.73
1986-1989       11      0.00015  0.00015  0.50   99046      15   99038  6610750  66.74
1986-1989       12      0.00020  0.00019  0.50   99031      19   99021  6511712  65.75
1986-1989       13      0.00023  0.00023  0.50   99012      22   99000  6412690  64.77
1986-1989       14      0.00022  0.00022  0.50   98989      22   98978  6313690  63.78
1986-1989       15      0.00024  0.00024  0.50   98967      23   98956  6214712  62.80
1986-1989       16      0.00025  0.00025  0.50   98944      24   98932  6115756  61.81
1986-1989       17      0.00033  0.00033  0.50   98919      33   98903  6016824  60.83
1986-1989       18      0.00039  0.00039  0.50   98886      38   98867  5917922  59.85
1986-1989       19      0.00040  0.00040  0.50   98848      40   98828  5819054  58.87
1986-1989       20      0.00044  0.00044  0.50   98808      43   98787  5720226  57.89
1986-1989       21      0.00039  0.00039  0.50   98765      39   98746  5621440  56.92
1986-1989       22      0.00042  0.00042  0.50   98726      41   98706  5522694  55.94
1986-1989       23      0.00050  0.00050  0.50   98685      49   98661  5423989  54.96
1986-1989       24      0.00044  0.00044  0.50   98636      43   98614  5325328  53.99
1986-1989       25      0.00052  0.00052  0.50   98593      52   98567  5226714  53.01
1986-1989       26      0.00045  0.00045  0.50   98541      44   98519  5128146  52.04
1986-1989       27      0.00046  0.00046  0.50   98497      46   98474  5029627  51.06
1986-1989       28      0.00055  0.00055  0.50   98452      54   98425  4931153  50.09
1986-1989       29      0.00059  0.00059  0.50   98398      58   98369  4832728  49.11
1986-1989       30      0.00070  0.00070  0.50   98340      69   98305  4734359  48.14
1986-1989       31      0.00070  0.00070  0.50   98270      68   98236  4636054  47.18
1986-1989       32      0.00074  0.00074  0.50   98202      72   98166  4537818  46.21
1986-1989       33      0.00075  0.00075  0.50   98130      73   98093  4439652  45.24
1986-1989       34      0.00074  0.00074  0.50   98056      72   98020  4341559  44.28
1986-1989       35      0.00086  0.00085  0.50   97984      84   97942  4243539  43.31
1986-1989       36      0.00105  0.00105  0.50   97900     103   97849  4145596  42.35
1986-1989       37      0.00105  0.00105  0.50   97797     102   97746  4047747  41.39
1986-1989       38      0.00110  0.00109  0.50   97695     107   97641  3950001  40.43
1986-1989       39      0.00127  0.00127  0.50   97588     124   97526  3852360  39.48
1986-1989       40      0.00141  0.00141  0.50   97464     137   97395  3754834  38.53
1986-1989       41      0.00140  0.00140  0.50   97327     136   97259  3657439  37.58
1986-1989       42      0.00153  0.00153  0.50   97191     148   97117  3560180  36.63
1986-1989       43      0.00184  0.00184  0.50   97043     179   96953  3463063  35.69
1986-1989       44      0.00210  0.00210  0.50   96864     203   96762  3366109  34.75
1986-1989       45      0.00245  0.00245  0.50   96661     237   96542  3269347  33.82
1986-1989       46      0.00256  0.00255  0.50   96424     246   96301  3172805  32.90
1986-1989       47      0.00272  0.00271  0.50   96178     261   96047  3076504  31.99
1986-1989       48      0.00306  0.00305  0.50   95917     293   95771  2980456  31.07
1986-1989       49      0.00344  0.00344  0.50   95624     329   95460  2884685  30.17
1986-1989       50      0.00437  0.00436  0.50   95296     416   95088  2789225  29.27
1986-1989       51      0.00438  0.00437  0.50   94880     415   94672  2694138  28.40
1986-1989       52      0.00476  0.00475  0.50   94465     449   94241  2599465  27.52
1986-1989       53      0.00564  0.00563  0.50   94016     529   93752  2505224  26.65
1986-1989       54      0.00578  0.00576  0.50   93487     538   93218  2411473  25.79
1986-1989       55      0.00675  0.00672  0.50   92949     625   92636  2318255  24.94
1986-1989       56      0.00758  0.00755  0.50   92324     697   91975  2225618  24.11
1986-1989       57      0.00764  0.00761  0.50   91627     697   91278  2133643  23.29
1986-1989       58      0.00904  0.00900  0.50   90930     818   90521  2042365  22.46
1986-1989       59      0.00866  0.00863  0.50   90112     777   89723  1951844  21.66
1986-1989       60      0.01096  0.01090  0.50   89334     974   88847  1862121  20.84
1986-1989       61      0.01088  0.01082  0.50   88360     956   87882  1773274  20.07
1986-1989       62      0.01274  0.01266  0.50   87404    1106   86851  1685391  19.28
1986-1989       63      0.01367  0.01358  0.50   86298    1172   85712  1598540  18.52
1986-1989       64      0.01489  0.01478  0.50   85127    1258   84497  1512828  17.77
1986-1989       65      0.01759  0.01744  0.50   83868    1463   83137  1428330  17.03
1986-1989       66      0.01895  0.01878  0.50   82406    1547   81632  1345193  16.32
1986-1989       67      0.02006  0.01986  0.50   80858    1606   80056  1263561  15.63
1986-1989       68      0.02252  0.02227  0.50   79253    1765   78371  1183505  14.93
1986-1989       69      0.02447  0.02418  0.50   77488    1874   76551  1105135  14.26
1986-1989       70      0.02700  0.02664  0.50   75615    2014   74608  1028583  13.60
1986-1989       71      0.02906  0.02864  0.50   73600    2108   72546   953976  12.96
1986-1989       72      0.03199  0.03148  0.50   71492    2251   70367   881430  12.33
1986-1989       73      0.03622  0.03558  0.50   69241    2463   68010   811063  11.71
1986-1989       74      0.03813  0.03742  0.50   66778    2499   65529   743053  11.13
1986-1989       75      0.04194  0.04108  0.50   64279    2641   62959   677524  10.54
1986-1989       76      0.04787  0.04676  0.50   61639    2882   60198   614565   9.97
1986-1989       77      0.05300  0.05164  0.50   58757    3034   57240   554367   9.43
1986-1989       78      0.05673  0.05517  0.50   55723    3074   54186   497128   8.92
1986-1989       79      0.05818  0.05654  0.50   52649    2977   51160   442942   8.41
1986-1989       80      0.07759  0.07469  0.50   49672    3710   47817   391782   7.89
1986-1989       81      0.07917  0.07615  0.50   45962    3500   44212   343965   7.48
1986-1989       82      0.08887  0.08509  0.50   42462    3613   40655   299753   7.06
1986-1989       83      0.09721  0.09270  0.50   38849    3601   37048   259097   6.67
1986-1989       84      0.10186  0.09693  0.50   35247    3416   33539   222049   6.30
1986-1989       85      0.11097  0.10514  0.50   31831    3347   30158   188510   5.92
1986-1989       86      0.12726  0.11964  0.50   28484    3408   26780   158353   5.56
1986-1989       87      0.13100  0.12295  0.50   25076    3083   23535   131573   5.25
1986-1989       88      0.14790  0.13772  0.50   21993    3029   20479   108038   4.91
1986-1989       89      0.16047  0.14855  0.50   18964    2817   17556    87559   4.62
1986-1989       90      0.18339  0.16798  0.50   16147    2712   14791    70003   4.34
1986-1989       91      0.18360  0.16816  0.50   13435    2259   12305    55212   4.11
1986-1989       92      0.20215  0.18359  0.50   11176    2052   10150    42907   3.84
1986-1989       93      0.22517  0.20239  0.50    9124    1847    8201    32757   3.59
1986-1989       94      0.24397  0.21744  0.50    7277    1582    6486    24557   3.37
1986-1989       95      0.26391  0.23315  0.50    5695    1328    5031    18071   3.17
1986-1989       96      0.28500  0.24945  0.50    4367    1089    3822    13040   2.99
1986-1989       97      0.30717  0.26628  0.50    3278     873    2841     9217   2.81
1986-1989       98      0.33038  0.28355  0.50    2405     682    2064     6376   2.65
1986-1989       99      0.35456  0.30117  0.50    1723     519    1464     4312   2.50
1986-1989      100      0.37959  0.31904  0.50    1204     384    1012     2849   2.37
1986-1989      101      0.40536  0.33705  0.50     820     276     682     1837   2.24
1986-1989      102      0.43175  0.35510  0.50     544     193     447     1155   2.12
1986-1989      103      0.45861  0.37307  0.50     351     131     285      708   2.02
1986-1989      104      0.48578  0.39085  0.50     220      86     177      422   1.92
1986-1989      105      0.51309  0.40833  0.50     134      55     107      246   1.83
1986-1989      106      0.54038  0.42543  0.50      79      34      62      139   1.76
1986-1989      107      0.56747  0.44205  0.50      46      20      35       77   1.69
1986-1989      108      0.59421  0.45810  0.50      25      12      20       41   1.63
1986-1989      109      0.62044  0.47354  0.50      14       7      11       22   1.58
1986-1989      110+     0.64601  1.00000  1.55       7       7      11       11   1.55
1990-1994        0      0.00507  0.00505  0.14  100000     505   99565  7807179  78.07
1990-1994        1      0.00048  0.00048  0.50   99495      47   99472  7707614  77.47
1990-1994        2      0.00030  0.00030  0.50   99448      30   99433  7608142  76.50
1990-1994        3      0.00022  0.00022  0.50   99418      22   99407  7508709  75.53
1990-1994        4      0.00017  0.00017  0.50   99396      17   99387  7409302  74.54
1990-1994        5      0.00010  0.00010  0.50   99379      10   99374  7309915  73.56
1990-1994        6      0.00012  0.00012  0.50   99369      11   99363  7210541  72.56
1990-1994        7      0.00012  0.00012  0.50   99357      12   99352  7111178  71.57
1990-1994        8      0.00015  0.00015  0.50   99346      15   99338  7011827  70.58
1990-1994        9      0.00012  0.00012  0.50   99331      12   99325  6912488  69.59
1990-1994       10      0.00013  0.00013  0.50   99319      13   99313  6813163  68.60
1990-1994       11      0.00015  0.00015  0.50   99306      15   99299  6713850  67.61
1990-1994       12      0.00019  0.00019  0.50   99291      18   99282  6614552  66.62
1990-1994       13      0.00023  0.00023  0.50   99273      23   99262  6515269  65.63
1990-1994       14      0.00021  0.00021  0.50   99250      21   99240  6416008  64.64
1990-1994       15      0.00023  0.00023  0.50   99229      23   99218  6316768  63.66
1990-1994       16      0.00028  0.00028  0.50   99207      28   99192  6217550  62.67
1990-1994       17      0.00035  0.00035  0.50   99178      35   99161  6118358  61.69
1990-1994       18      0.00042  0.00042  0.50   99143      42   99123  6019197  60.71
1990-1994       19      0.00044  0.00044  0.50   99102      43   99080  5920074  59.74
1990-1994       20      0.00047  0.00047  0.50   99058      46   99035  5820994  58.76
1990-1994       21      0.00045  0.00045  0.50   99012      44   98990  5721959  57.79
1990-1994       22      0.00047  0.00047  0.50   98968      46   98945  5622969  56.82
1990-1994       23      0.00050  0.00050  0.50   98922      50   98897  5524024  55.84
1990-1994       24      0.00043  0.00043  0.50   98872      42   98851  5425127  54.87
1990-1994       25      0.00054  0.00054  0.50   98830      53   98803  5326276  53.89
1990-1994       26      0.00052  0.00052  0.50   98776      52   98751  5227473  52.92
1990-1994       27      0.00055  0.00055  0.50   98725      54   98698  5128722  51.95
1990-1994       28      0.00055  0.00055  0.50   98671      54   98644  5030025  50.98
1990-1994       29      0.00054  0.00054  0.50   98617      53   98590  4931381  50.01
1990-1994       30      0.00061  0.00061  0.50   98563      60   98533  4832791  49.03
1990-1994       31      0.00057  0.00057  0.50   98503      57   98475  4734258  48.06
1990-1994       32      0.00065  0.00064  0.50   98447      63   98415  4635783  47.09
1990-1994       33      0.00067  0.00067  0.50   98383      66   98350  4537368  46.12
1990-1994       34      0.00080  0.00080  0.50   98317      79   98278  4439017  45.15
1990-1994       35      0.00086  0.00086  0.50   98238      84   98196  4340740  44.19
1990-1994       36      0.00094  0.00094  0.50   98154      92   98108  4242543  43.22
1990-1994       37      0.00100  0.00100  0.50   98062      98   98013  4144435  42.26
1990-1994       38      0.00109  0.00109  0.50   97964     107   97910  4046422  41.31
1990-1994       39      0.00111  0.00110  0.50   97857     108   97803  3948512  40.35
1990-1994       40      0.00134  0.00134  0.50   97749     131   97683  3850709  39.39
1990-1994       41      0.00139  0.00139  0.50   97618     135   97550  3753026  38.45
1990-1994       42      0.00157  0.00157  0.50   97482     153   97406  3655476  37.50
1990-1994       43      0.00175  0.00175  0.50   97329     170   97244  3558070  36.56
1990-1994       44      0.00184  0.00184  0.50   97159     179   97070  3460826  35.62
1990-1994       45      0.00208  0.00208  0.50   96980     202   96879  3363757  34.68
1990-1994       46      0.00221  0.00220  0.50   96779     213   96672  3266877  33.76
1990-1994       47      0.00251  0.00251  0.50   96565     242   96444  3170205  32.83
1990-1994       48      0.00286  0.00286  0.50   96323     275   96186  3073761  31.91
1990-1994       49      0.00317  0.00316  0.50   96048     304   95896  2977575  31.00
1990-1994       50      0.00367  0.00366  0.50   95745     350   95570  2881679  30.10
1990-1994       51      0.00364  0.00364  0.50   95394     347   95221  2786109  29.21
1990-1994       52      0.00439  0.00438  0.50   95048     417   94839  2690888  28.31
1990-1994       53      0.00487  0.00486  0.50   94631     460   94401  2596049  27.43
1990-1994       54      0.00526  0.00525  0.50   94171     494   93924  2501648  26.56
1990-1994       55      0.00583  0.00581  0.50   93677     544   93404  2407724  25.70
1990-1994       56      0.00617  0.00615  0.50   93132     573   92846  2314320  24.85
1990-1994       57      0.00691  0.00688  0.50   92559     637   92241  2221474  24.00
1990-1994       58      0.00750  0.00747  0.50   91922     687   91579  2129233  23.16
1990-1994       59      0.00834  0.00831  0.50   91235     758   90856  2037655  22.33
1990-1994       60      0.00973  0.00969  0.50   90477     876   90039  1946798  21.52
1990-1994       61      0.01040  0.01035  0.50   89601     927   89137  1856759  20.72
1990-1994       62      0.01174  0.01167  0.50   88673    1035   88156  1767622  19.93
1990-1994       63      0.01218  0.01210  0.50   87638    1061   87108  1679466  19.16
1990-1994       64      0.01372  0.01363  0.50   86578    1180   85988  1592358  18.39
1990-1994       65      0.01514  0.01502  0.50   85398    1283   84756  1506371  17.64
1990-1994       66      0.01665  0.01651  0.50   84115    1389   83420  1421614  16.90
1990-1994       67      0.01855  0.01838  0.50   82726    1521   81966  1338194  16.18
1990-1994       68      0.02078  0.02057  0.50   81205    1670   80370  1256228  15.47
1990-1994       69      0.02331  0.02304  0.50   79535    1833   78619  1175858  14.78
1990-1994       70      0.02638  0.02603  0.50   77702    2023   76691  1097239  14.12
1990-1994       71      0.02908  0.02867  0.50   75679    2169   74595  1020548  13.49
1990-1994       72      0.03054  0.03008  0.50   73510    2211   72404   945954  12.87
1990-1994       73      0.03281  0.03228  0.50   71299    2302   70148   873549  12.25
1990-1994       74      0.03683  0.03617  0.50   68997    2495   67749   803401  11.64
1990-1994       75      0.03986  0.03908  0.50   66502    2599   65202   735652  11.06
1990-1994       76      0.04313  0.04222  0.50   63903    2698   62554   670450  10.49
1990-1994       77      0.04744  0.04634  0.50   61205    2836   59786   607896   9.93
1990-1994       78      0.05146  0.05017  0.50   58368    2929   56904   548109   9.39
1990-1994       79      0.05710  0.05552  0.50   55440    3078   53901   491205   8.86
1990-1994       80      0.06733  0.06514  0.50   52362    3411   50657   437305   8.35
1990-1994       81      0.07719  0.07432  0.50   48951    3638   47132   386648   7.90
1990-1994       82      0.08297  0.07966  0.50   45313    3610   43508   339516   7.49
1990-1994       83      0.08954  0.08570  0.50   41703    3574   39916   296008   7.10
1990-1994       84      0.09605  0.09165  0.50   38129    3495   36382   256091   6.72
1990-1994       85      0.10486  0.09964  0.50   34635    3451   32909   219710   6.34
1990-1994       86      0.11728  0.11078  0.50   31184    3455   29456   186801   5.99
1990-1994       87      0.12346  0.11628  0.50   27729    3224   26117   157344   5.67
1990-1994       88      0.13543  0.12684  0.50   24505    3108   22951   131227   5.36
1990-1994       89      0.14542  0.13557  0.50   21397    2901   19946   108277   5.06
1990-1994       90      0.15492  0.14379  0.50   18496    2659   17166    88331   4.78
1990-1994       91      0.17262  0.15891  0.50   15836    2517   14578    71164   4.49
1990-1994       92      0.18169  0.16656  0.50   13320    2219   12211    56586   4.25
1990-1994       93      0.20110  0.18272  0.50   11101    2028   10087    44376   4.00
1990-1994       94      0.20999  0.19004  0.50    9073    1724    8211    34288   3.78
1990-1994       95      0.23182  0.20774  0.50    7349    1527    6585    26078   3.55
1990-1994       96      0.24961  0.22191  0.50    5822    1292    5176    19492   3.35
1990-1994       97      0.26839  0.23664  0.50    4530    1072    3994    14316   3.16
1990-1994       98      0.28816  0.25187  0.50    3458     871    3023    10322   2.98
1990-1994       99      0.30889  0.26756  0.50    2587     692    2241     7300   2.82
1990-1994      100      0.33052  0.28364  0.50    1895     537    1626     5059   2.67
1990-1994      101      0.35300  0.30004  0.50    1357     407    1154     3432   2.53
1990-1994      102      0.37624  0.31667  0.50     950     301     800     2279   2.40
1990-1994      103      0.40017  0.33345  0.50     649     216     541     1479   2.28
1990-1994      104      0.42467  0.35029  0.50     433     152     357      938   2.17
1990-1994      105      0.44962  0.36710  0.50     281     103     230      581   2.07
1990-1994      106      0.47491  0.38378  0.50     178      68     144      351   1.98
1990-1994      107      0.50038  0.40024  0.50     110      44      88      208   1.89
1990-1994      108      0.52591  0.41642  0.50      66      27      52      120   1.82
1990-1994      109      0.55136  0.43221  0.50      38      17      30       68   1.77
1990-1994      110+     0.57659  1.00000  1.73      22      22      38       38   1.73
1995-1999        0      0.00362  0.00361  0.14  100000     361   99690  7982522  79.83
1995-1999        1      0.00044  0.00044  0.50   99639      44   99617  7882832  79.11
1995-1999        2      0.00024  0.00024  0.50   99595      24   99583  7783215  78.15
1995-1999        3      0.00018  0.00018  0.50   99571      18   99562  7683632  77.17
1995-1999        4      0.00015  0.00015  0.50   99553      15   99545  7584070  76.18
1995-1999        5      0.00013  0.00013  0.50   99538      13   99531  7484525  75.19
1995-1999        6      0.00012  0.00012  0.50   99525      12   99519  7384993  74.20
1995-1999        7      0.00010  0.00010  0.50   99513      10   99508  7285474  73.21
1995-1999        8      0.00010  0.00010  0.50   99503      10   99498  7185967  72.22
1995-1999        9      0.00010  0.00010  0.50   99493      10   99488  7086469  71.23
1995-1999       10      0.00017  0.00017  0.50   99482      17   99474  6986981  70.23
1995-1999       11      0.00011  0.00011  0.50   99466      11   99460  6887507  69.25
1995-1999       12      0.00010  0.00010  0.50   99455      10   99450  6788047  68.25
1995-1999       13      0.00013  0.00013  0.50   99445      13   99439  6688597  67.26
1995-1999       14      0.00015  0.00015  0.50   99432      15   99425  6589158  66.27
1995-1999       15      0.00020  0.00020  0.50   99418      20   99408  6489734  65.28
1995-1999       16      0.00026  0.00026  0.50   99398      25   99385  6390326  64.29
1995-1999       17      0.00025  0.00025  0.50   99372      25   99360  6290941  63.31
1995-1999       18      0.00031  0.00031  0.50   99348      31   99332  6191581  62.32
1995-1999       19      0.00035  0.00035  0.50   99317      35   99299  6092249  61.34
1995-1999       20      0.00046  0.00046  0.50   99282      45   99259  5992950  60.36
1995-1999       21      0.00043  0.00043  0.50   99237      42   99216  5893691  59.39
1995-1999       22      0.00050  0.00050  0.50   99194      50   99169  5794475  58.42
1995-1999       23      0.00050  0.00050  0.50   99145      49   99120  5695306  57.44
1995-1999       24      0.00047  0.00047  0.50   99095      46   99072  5596186  56.47
1995-1999       25      0.00050  0.00050  0.50   99049      49   99024  5497113  55.50
1995-1999       26      0.00049  0.00049  0.50   99000      48   98976  5398089  54.53
1995-1999       27      0.00047  0.00047  0.50   98952      47   98928  5299113  53.55
1995-1999       28      0.00054  0.00054  0.50   98905      53   98879  5200185  52.58
1995-1999       29      0.00044  0.00044  0.50   98852      44   98830  5101306  51.61
1995-1999       30      0.00054  0.00054  0.50   98808      54   98782  5002476  50.63
1995-1999       31      0.00052  0.00052  0.50   98755      51   98729  4903695  49.66
1995-1999       32      0.00055  0.00055  0.50   98704      54   98677  4804965  48.68
1995-1999       33      0.00057  0.00057  0.50   98650      56   98622  4706289  47.71
1995-1999       34      0.00064  0.00064  0.50   98594      63   98562  4607667  46.73
1995-1999       35      0.00065  0.00065  0.50   98530      64   98498  4509105  45.76
1995-1999       36      0.00081  0.00081  0.50   98466      80   98426  4410607  44.79
1995-1999       37      0.00083  0.00083  0.50   98386      81   98345  4312181  43.83
1995-1999       38      0.00088  0.00088  0.50   98305      87   98261  4213836  42.86
1995-1999       39      0.00099  0.00098  0.50   98218      97   98170  4115574  41.90
1995-1999       40      0.00120  0.00120  0.50   98121     117   98063  4017405  40.94
1995-1999       41      0.00129  0.00129  0.50   98004     127   97941  3919342  39.99
1995-1999       42      0.00142  0.00142  0.50   97877     139   97808  3821401  39.04
1995-1999       43      0.00137  0.00137  0.50   97738     134   97671  3723594  38.10
1995-1999       44      0.00158  0.00158  0.50   97604     154   97527  3625922  37.15
1995-1999       45      0.00181  0.00180  0.50   97450     176   97362  3528395  36.21
1995-1999       46      0.00191  0.00191  0.50   97274     186   97182  3431033  35.27
1995-1999       47      0.00217  0.00217  0.50   97089     210   96983  3333851  34.34
1995-1999       48      0.00236  0.00235  0.50   96878     228   96764  3236868  33.41
1995-1999       49      0.00242  0.00242  0.50   96650     234   96533  3140103  32.49
1995-1999       50      0.00282  0.00281  0.50   96417     271   96281  3043570  31.57
1995-1999       51      0.00301  0.00300  0.50   96145     289   96001  2947289  30.65
1995-1999       52      0.00359  0.00358  0.50   95857     343   95685  2851288  29.75
1995-1999       53      0.00388  0.00387  0.50   95513     370   95328  2755603  28.85
1995-1999       54      0.00453  0.00452  0.50   95143     430   94929  2660275  27.96
1995-1999       55      0.00497  0.00496  0.50   94714     469   94479  2565346  27.09
1995-1999       56      0.00530  0.00528  0.50   94244     498   93995  2470867  26.22
1995-1999       57      0.00571  0.00569  0.50   93746     534   93479  2376872  25.35
1995-1999       58      0.00630  0.00628  0.50   93212     585   92920  2283393  24.50
1995-1999       59      0.00694  0.00692  0.50   92627     641   92307  2190473  23.65
1995-1999       60      0.00739  0.00737  0.50   91987     678   91648  2098166  22.81
1995-1999       61      0.00852  0.00848  0.50   91309     775   90922  2006518  21.98
1995-1999       62      0.00945  0.00941  0.50   90534     852   90109  1915597  21.16
1995-1999       63      0.01031  0.01026  0.50   89683     920   89223  1825488  20.35
1995-1999       64      0.01154  0.01147  0.50   88763    1018   88254  1736265  19.56
1995-1999       65      0.01253  0.01245  0.50   87744    1092   87198  1648012  18.78
1995-1999       66      0.01365  0.01356  0.50   86652    1175   86065  1560813  18.01
1995-1999       67      0.01559  0.01547  0.50   85477    1323   84816  1474749  17.25
1995-1999       68      0.01685  0.01671  0.50   84155    1406   83452  1389932  16.52
1995-1999       69      0.01905  0.01887  0.50   82749    1562   81968  1306481  15.79
1995-1999       70      0.02089  0.02068  0.50   81187    1679   80348  1224513  15.08
1995-1999       71      0.02256  0.02231  0.50   79509    1774   78622  1144165  14.39
1995-1999       72      0.02533  0.02502  0.50   77735    1945   76762  1065543  13.71
1995-1999       73      0.02881  0.02840  0.50   75790    2153   74714   988781  13.05
1995-1999       74      0.03136  0.03088  0.50   73637    2274   72501   914067  12.41
1995-1999       75      0.03446  0.03388  0.50   71364    2418   70155   841567  11.79
1995-1999       76      0.03617  0.03553  0.50   68946    2449   67721   771412  11.19
1995-1999       77      0.04111  0.04028  0.50   66497    2679   65157   703690  10.58
1995-1999       78      0.04613  0.04509  0.50   63818    2877   62379   638533  10.01
1995-1999       79      0.05087  0.04961  0.50   60941    3023   59429   576154   9.45
1995-1999       80      0.06183  0.05998  0.50   57918    3474   56181   516724   8.92
1995-1999       81      0.07944  0.07641  0.50   54444    4160   52364   460543   8.46
1995-1999       82      0.07160  0.06913  0.50   50284    3476   48546   408179   8.12
1995-1999       83      0.08141  0.07822  0.50   46808    3661   44977   359633   7.68
1995-1999       84      0.08554  0.08203  0.50   43147    3539   41377   314656   7.29
1995-1999       85      0.09266  0.08855  0.50   39607    3507   37854   273279   6.90
1995-1999       86      0.10256  0.09756  0.50   36100    3522   34339   235425   6.52
1995-1999       87      0.10932  0.10366  0.50   32578    3377   30890   201086   6.17
1995-1999       88      0.12288  0.11577  0.50   29201    3381   27511   170196   5.83
1995-1999       89      0.13016  0.12221  0.50   25821    3156   24243   142685   5.53
1995-1999       90      0.14288  0.13335  0.50   22665    3022   21154   118442   5.23
1995-1999       91      0.15174  0.14104  0.50   19643    2770   18258    97288   4.95
1995-1999       92      0.16414  0.15169  0.50   16872    2559   15593    79030   4.68
1995-1999       93      0.17213  0.15849  0.50   14313    2268   13179    63438   4.43
1995-1999       94      0.19426  0.17706  0.50   12045    2133   10978    50259   4.17
1995-1999       95      0.20344  0.18466  0.50    9912    1830    8997    39281   3.96
1995-1999       96      0.21847  0.19696  0.50    8082    1592    7286    30284   3.75
1995-1999       97      0.23443  0.20983  0.50    6490    1362    5809    22998   3.54
1995-1999       98      0.25133  0.22327  0.50    5128    1145    4556    17189   3.35
1995-1999       99      0.26919  0.23726  0.50    3983     945    3511    12634   3.17
1995-1999      100      0.28800  0.25174  0.50    3038     765    2656     9123   3.00
1995-1999      101      0.30772  0.26669  0.50    2273     606    1970     6467   2.84
1995-1999      102      0.32834  0.28204  0.50    1667     470    1432     4497   2.70
1995-1999      103      0.34978  0.29771  0.50    1197     356    1019     3065   2.56
1995-1999      104      0.37199  0.31365  0.50     841     264     709     2046   2.43
1995-1999      105      0.39487  0.32976  0.50     577     190     482     1338   2.32
1995-1999      106      0.41833  0.34597  0.50     387     134     320      856   2.21
1995-1999      107      0.44226  0.36217  0.50     253      92     207      536   2.12
1995-1999      108      0.46654  0.37829  0.50     161      61     131      329   2.04
1995-1999      109      0.49104  0.39425  0.50     100      40      81      198   1.98
1995-1999      110+     0.51565  1.00000  1.94      61      61     118      118   1.94
2000-2004        0      0.00302  0.00301  0.14  100000     301   99742  8115726  81.16
2000-2004        1      0.00035  0.00035  0.50   99699      35   99681  8015984  80.40
2000-2004        2      0.00022  0.00022  0.50   99664      22   99653  7916303  79.43
2000-2004        3      0.00015  0.00015  0.50   99642      15   99634  7816650  78.45
2000-2004        4      0.00012  0.00012  0.50   99627      12   99621  7717016  77.46
2000-2004        5      0.00010  0.00010  0.50   99615      10   99610  7617395  76.47
2000-2004        6      0.00008  0.00008  0.50   99604       8   99600  7517785  75.48
2000-2004        7      0.00012  0.00012  0.50   99596      12   99591  7418185  74.48
2000-2004        8      0.00009  0.00009  0.50   99585       8   99581  7318594  73.49
2000-2004        9      0.00009  0.00009  0.50   99576       9   99572  7219014  72.50
2000-2004       10      0.00010  0.00010  0.50   99567      10   99563  7119442  71.50
2000-2004       11      0.00013  0.00013  0.50   99558      13   99551  7019879  70.51
2000-2004       12      0.00011  0.00011  0.50   99545      11   99540  6920328  69.52
2000-2004       13      0.00012  0.00012  0.50   99534      12   99528  6820788  68.53
2000-2004       14      0.00012  0.00012  0.50   99522      12   99516  6721260  67.54
2000-2004       15      0.00013  0.00013  0.50   99510      13   99503  6621743  66.54
2000-2004       16      0.00018  0.00018  0.50   99497      18   99488  6522240  65.55
2000-2004       17      0.00017  0.00017  0.50   99479      17   99470  6422752  64.56
2000-2004       18      0.00021  0.00021  0.50   99462      21   99451  6323282  63.57
2000-2004       19      0.00028  0.00028  0.50   99441      28   99427  6223831  62.59
2000-2004       20      0.00035  0.00035  0.50   99413      34   99396  6124404  61.61
2000-2004       21      0.00036  0.00036  0.50   99379      36   99361  6025008  60.63
2000-2004       22      0.00037  0.00037  0.50   99343      37   99324  5925648  59.65
2000-2004       23      0.00037  0.00037  0.50   99306      37   99288  5826323  58.67
2000-2004       24      0.00043  0.00043  0.50   99269      43   99248  5727036  57.69
2000-2004       25      0.00047  0.00047  0.50   99226      47   99203  5627788  56.72
2000-2004       26      0.00049  0.00049  0.50   99179      49   99155  5528585  55.74
2000-2004       27      0.00054  0.00054  0.50   99131      53   99104  5429430  54.77
2000-2004       28      0.00053  0.00053  0.50   99078      53   99051  5330326  53.80
2000-2004       29      0.00056  0.00056  0.50   99025      56   98997  5231274  52.83
2000-2004       30      0.00051  0.00051  0.50   98969      51   98944  5132277  51.86
2000-2004       31      0.00056  0.00056  0.50   98918      55   98891  5033334  50.88
2000-2004       32      0.00054  0.00054  0.50   98863      53   98836  4934443  49.91
2000-2004       33      0.00056  0.00056  0.50   98810      55   98782  4835607  48.94
2000-2004       34      0.00053  0.00053  0.50   98755      52   98729  4736824  47.97
2000-2004       35      0.00062  0.00062  0.50   98702      61   98672  4638096  46.99
2000-2004       36      0.00071  0.00071  0.50   98641      70   98607  4539424  46.02
2000-2004       37      0.00073  0.00073  0.50   98572      72   98535  4440817  45.05
2000-2004       38      0.00077  0.00077  0.50   98499      76   98461  4342282  44.08
2000-2004       39      0.00090  0.00090  0.50   98424      88   98379  4243820  43.12
2000-2004       40      0.00092  0.00092  0.50   98335      90   98290  4145441  42.16
2000-2004       41      0.00101  0.00101  0.50   98245      99   98195  4047151  41.19
2000-2004       42      0.00113  0.00113  0.50   98146     111   98090  3948955  40.24
2000-2004       43      0.00131  0.00131  0.50   98035     129   97970  3850865  39.28
2000-2004       44      0.00146  0.00146  0.50   97906     143   97834  3752895  38.33
2000-2004       45      0.00162  0.00162  0.50   97763     158   97684  3655060  37.39
2000-2004       46      0.00180  0.00179  0.50   97605     175   97517  3557377  36.45
2000-2004       47      0.00188  0.00188  0.50   97429     183   97338  3459860  35.51
2000-2004       48      0.00214  0.00214  0.50   97246     208   97142  3362522  34.58
2000-2004       49      0.00236  0.00235  0.50   97038     228   96924  3265379  33.65
2000-2004       50      0.00256  0.00255  0.50   96810     247   96686  3168455  32.73
2000-2004       51      0.00272  0.00272  0.50   96562     263   96431  3071769  31.81
2000-2004       52      0.00298  0.00298  0.50   96300     287   96157  2975338  30.90
2000-2004       53      0.00320  0.00319  0.50   96013     306   95860  2879181  29.99
2000-2004       54      0.00357  0.00357  0.50   95707     341   95536  2783321  29.08
2000-2004       55      0.00383  0.00382  0.50   95365     364   95183  2687785  28.18
2000-2004       56      0.00454  0.00453  0.50   95001     430   94786  2592602  27.29
2000-2004       57      0.00491  0.00490  0.50   94571     463   94339  2497816  26.41
2000-2004       58      0.00509  0.00508  0.50   94108     478   93869  2403477  25.54
2000-2004       59      0.00656  0.00654  0.50   93630     613   93323  2309608  24.67
2000-2004       60      0.00684  0.00682  0.50   93017     634   92700  2216284  23.83
2000-2004       61      0.00751  0.00748  0.50   92383     691   92037  2123584  22.99
2000-2004       62      0.00782  0.00779  0.50   91691     714   91334  2031547  22.16
2000-2004       63      0.00876  0.00872  0.50   90977     793   90581  1940213  21.33
2000-2004       64      0.00939  0.00934  0.50   90184     843   89763  1849632  20.51
2000-2004       65      0.01088  0.01082  0.50   89341     966   88858  1759870  19.70
2000-2004       66      0.01153  0.01146  0.50   88375    1013   87868  1671012  18.91
2000-2004       67      0.01288  0.01280  0.50   87362    1118   86803  1583143  18.12
2000-2004       68      0.01471  0.01460  0.50   86244    1259   85614  1496340  17.35
2000-2004       69      0.01611  0.01598  0.50   84985    1358   84306  1410726  16.60
2000-2004       70      0.01830  0.01814  0.50   83626    1517   82868  1326420  15.86
2000-2004       71      0.01982  0.01962  0.50   82110    1611   81304  1243552  15.15
2000-2004       72      0.02221  0.02196  0.50   80498    1768   79614  1162248  14.44
2000-2004       73      0.02472  0.02442  0.50   78730    1922   77769  1082634  13.75
2000-2004       74      0.02762  0.02724  0.50   76808    2092   75762  1004865  13.08
2000-2004       75      0.03058  0.03012  0.50   74716    2250   73590   929103  12.44
2000-2004       76      0.03332  0.03277  0.50   72465    2375   71278   855512  11.81
2000-2004       77      0.03626  0.03561  0.50   70090    2496   68842   784235  11.19
2000-2004       78      0.04137  0.04053  0.50   67594    2739   66224   715393  10.58
2000-2004       79      0.04543  0.04442  0.50   64855    2881   63414   649168  10.01
2000-2004       80      0.05195  0.05063  0.50   61974    3138   60405   585754   9.45
2000-2004       81      0.05740  0.05580  0.50   58836    3283   57194   525350   8.93
2000-2004       82      0.06556  0.06348  0.50   55553    3526   53790   468155   8.43
2000-2004       83      0.07136  0.06890  0.50   52026    3585   50234   414366   7.96
2000-2004       84      0.07669  0.07386  0.50   48442    3578   46653   364131   7.52
2000-2004       85      0.08424  0.08083  0.50   44864    3626   43051   317478   7.08
2000-2004       86      0.09492  0.09062  0.50   41238    3737   39369   274427   6.65
2000-2004       87      0.10423  0.09907  0.50   37501    3715   35643   235058   6.27
2000-2004       88      0.11468  0.10846  0.50   33786    3664   31953   199415   5.90
2000-2004       89      0.12754  0.11990  0.50   30121    3611   28315   167462   5.56
2000-2004       90      0.13476  0.12625  0.50   26510    3347   24836   139147   5.25
2000-2004       91      0.14661  0.13659  0.50   23163    3164   21581   114310   4.94
2000-2004       92      0.16021  0.14833  0.50   19999    2966   18516    92729   4.64
2000-2004       93      0.17612  0.16186  0.50   17032    2757   15654    74214   4.36
2000-2004       94      0.18593  0.17012  0.50   14276    2429   13061    58560   4.10
2000-2004       95      0.20571  0.18653  0.50   11847    2210   10742    45499   3.84
2000-2004       96      0.22335  0.20091  0.50    9637    1936    8669    34757   3.61
2000-2004       97      0.24217  0.21602  0.50    7701    1664    6869    26087   3.39
2000-2004       98      0.26221  0.23182  0.50    6037    1400    5338    19218   3.18
2000-2004       99      0.28345  0.24826  0.50    4638    1151    4062    13881   2.99
2000-2004      100      0.30588  0.26530  0.50    3486     925    3024     9818   2.82
2000-2004      101      0.32944  0.28285  0.50    2561     725    2199     6794   2.65
2000-2004      102      0.35406  0.30081  0.50    1837     553    1561     4595   2.50
2000-2004      103      0.37966  0.31909  0.50    1284     410    1079     3034   2.36
2000-2004      104      0.40611  0.33756  0.50     875     295     727     1955   2.24
2000-2004      105      0.43325  0.35611  0.50     579     206     476     1228   2.12
2000-2004      106      0.46095  0.37461  0.50     373     140     303      752   2.02
2000-2004      107      0.48900  0.39293  0.50     233      92     187      449   1.92
2000-2004      108      0.51722  0.41095  0.50     142      58     113      261   1.84
2000-2004      109      0.54543  0.42856  0.50      83      36      66      149   1.78
2000-2004      110+     0.57342  1.00000  1.74      48      48      83       83   1.74
2005-2009        0      0.00303  0.00303  0.14  100000     303   99741  8210376  82.10
2005-2009        1      0.00032  0.00032  0.50   99697      32   99681  8110635  81.35
2005-2009        2      0.00022  0.00022  0.50   99666      21   99655  8010954  80.38
2005-2009        3      0.00017  0.00017  0.50   99644      17   99636  7911299  79.40
2005-2009        4      0.00010  0.00010  0.50   99628      10   99623  7811663  78.41
2005-2009        5      0.00012  0.00012  0.50   99618      12   99612  7712040  77.42
2005-2009        6      0.00010  0.00010  0.50   99607      10   99601  7612428  76.42
2005-2009        7      0.00011  0.00011  0.50   99596      11   99591  7512826  75.43
2005-2009        8      0.00007  0.00007  0.50   99586       7   99582  7413235  74.44
2005-2009        9      0.00009  0.00009  0.50   99579       9   99574  7313653  73.45
2005-2009       10      0.00009  0.00009  0.50   99570       9   99565  7214079  72.45
2005-2009       11      0.00009  0.00009  0.50   99561       9   99557  7114514  71.46
2005-2009       12      0.00009  0.00009  0.50   99552       9   99548  7014957  70.47
2005-2009       13      0.00009  0.00009  0.50   99543       9   99539  6915409  69.47
2005-2009       14      0.00011  0.00011  0.50   99535      11   99529  6815870  68.48
2005-2009       15      0.00013  0.00013  0.50   99524      13   99517  6716341  67.48
2005-2009       16      0.00015  0.00015  0.50   99510      15   99503  6616824  66.49
2005-2009       17      0.00015  0.00015  0.50   99496      15   99488  6517321  65.50
2005-2009       18      0.00018  0.00018  0.50   99481      17   99472  6417833  64.51
2005-2009       19      0.00026  0.00026  0.50   99464      26   99451  6318360  63.52
2005-2009       20      0.00023  0.00023  0.50   99437      23   99426  6218910  62.54
2005-2009       21      0.00033  0.00033  0.50   99415      33   99398  6119484  61.56
2005-2009       22      0.00026  0.00026  0.50   99382      26   99369  6020085  60.58
2005-2009       23      0.00033  0.00033  0.50   99356      33   99339  5920717  59.59
2005-2009       24      0.00032  0.00032  0.50   99323      32   99307  5821377  58.61
2005-2009       25      0.00037  0.00037  0.50   99290      36   99272  5722071  57.63
2005-2009       26      0.00036  0.00036  0.50   99254      36   99236  5622799  56.65
2005-2009       27      0.00040  0.00040  0.50   99218      40   99198  5523562  55.67
2005-2009       28      0.00043  0.00043  0.50   99178      43   99157  5424364  54.69
2005-2009       29      0.00045  0.00045  0.50   99136      44   99113  5325207  53.72
2005-2009       30      0.00049  0.00049  0.50   99091      49   99067  5226094  52.74
2005-2009       31      0.00055  0.00055  0.50   99043      55   99015  5127027  51.77
2005-2009       32      0.00049  0.00049  0.50   98988      49   98963  5028012  50.79
2005-2009       33      0.00051  0.00051  0.50   98939      50   98914  4929048  49.82
2005-2009       34      0.00060  0.00060  0.50   98889      59   98859  4830134  48.84
2005-2009       35      0.00067  0.00067  0.50   98830      66   98797  4731275  47.87
2005-2009       36      0.00064  0.00064  0.50   98764      63   98732  4632478  46.90
2005-2009       37      0.00069  0.00069  0.50   98701      68   98666  4533746  45.93
2005-2009       38      0.00079  0.00079  0.50   98632      78   98593  4435080  44.97
2005-2009       39      0.00077  0.00077  0.50   98554      75   98516  4336486  44.00
2005-2009       40      0.00086  0.00086  0.50   98479      85   98436  4237970  43.03
2005-2009       41      0.00094  0.00094  0.50   98394      93   98348  4139534  42.07
2005-2009       42      0.00103  0.00102  0.50   98302     101   98251  4041186  41.11
2005-2009       43      0.00101  0.00101  0.50   98201      99   98151  3942935  40.15
2005-2009       44      0.00121  0.00121  0.50   98102     119   98043  3844783  39.19
2005-2009       45      0.00130  0.00130  0.50   97983     127   97919  3746741  38.24
2005-2009       46      0.00151  0.00151  0.50   97856     148   97782  3648821  37.29
2005-2009       47      0.00165  0.00165  0.50   97708     161   97628  3551039  36.34
2005-2009       48      0.00190  0.00189  0.50   97547     185   97455  3453412  35.40
2005-2009       49      0.00198  0.00198  0.50   97362     192   97266  3355957  34.47
2005-2009       50      0.00242  0.00242  0.50   97170     235   97052  3258691  33.54
2005-2009       51      0.00261  0.00260  0.50   96935     252   96809  3161639  32.62
2005-2009       52      0.00270  0.00270  0.50   96682     261   96552  3064830  31.70
2005-2009       53      0.00309  0.00309  0.50   96421     298   96273  2968278  30.78
2005-2009       54      0.00326  0.00326  0.50   96124     313   95967  2872006  29.88
2005-2009       55      0.00372  0.00371  0.50   95811     356   95633  2776038  28.97
2005-2009       56      0.00385  0.00385  0.50   95455     367   95271  2680406  28.08
2005-2009       57      0.00438  0.00438  0.50   95088     416   94880  2585134  27.19
2005-2009       58      0.00462  0.00461  0.50   94672     436   94454  2490255  26.30
2005-2009       59      0.00503  0.00502  0.50   94235     473   93999  2395801  25.42
2005-2009       60      0.00549  0.00548  0.50   93762     514   93505  2301802  24.55
2005-2009       61      0.00639  0.00637  0.50   93248     594   92952  2208297  23.68
2005-2009       62      0.00690  0.00688  0.50   92655     637   92336  2115346  22.83
2005-2009       63      0.00781  0.00778  0.50   92017     716   91659  2023009  21.99
2005-2009       64      0.00871  0.00868  0.50   91301     792   90905  1931350  21.15
2005-2009       65      0.00969  0.00964  0.50   90509     873   90073  1840445  20.33
2005-2009       66      0.01052  0.01047  0.50   89636     938   89167  1750373  19.53
2005-2009       67      0.01142  0.01136  0.50   88698    1007   88194  1661206  18.73
2005-2009       68      0.01236  0.01228  0.50   87690    1077   87152  1573012  17.94
2005-2009       69      0.01387  0.01378  0.50   86613    1193   86017  1485860  17.16
2005-2009       70      0.01598  0.01585  0.50   85420    1354   84743  1399843  16.39
2005-2009       71      0.01770  0.01755  0.50   84066    1475   83329  1315100  15.64
2005-2009       72      0.01977  0.01958  0.50   82591    1617   81782  1231771  14.91
2005-2009       73      0.02128  0.02105  0.50   80974    1705   80121  1149989  14.20
2005-2009       74      0.02411  0.02383  0.50   79269    1889   78325  1069868  13.50
2005-2009       75      0.02750  0.02713  0.50   77380    2099   76331   991543  12.81
2005-2009       76      0.03048  0.03002  0.50   75281    2260   74151   915212  12.16
2005-2009       77      0.03367  0.03311  0.50   73021    2418   71812   841061  11.52
2005-2009       78      0.03743  0.03674  0.50   70603    2594   69306   769249  10.90
2005-2009       79      0.04194  0.04107  0.50   68009    2793   66612   699942  10.29
2005-2009       80      0.04514  0.04415  0.50   65216    2879   63776   633330   9.71
2005-2009       81      0.05162  0.05033  0.50   62337    3137   60768   569554   9.14
2005-2009       82      0.05609  0.05456  0.50   59200    3230   57585   508786   8.59
2005-2009       83      0.06598  0.06388  0.50   55970    3575   54182   451201   8.06
2005-2009       84      0.07290  0.07034  0.50   52395    3685   50552   397019   7.58
2005-2009       85      0.08035  0.07725  0.50   48709    3763   46828   346467   7.11
2005-2009       86      0.08899  0.08520  0.50   44947    3829   43032   299639   6.67
2005-2009       87      0.09947  0.09476  0.50   41117    3896   39169   256607   6.24
2005-2009       88      0.11191  0.10598  0.50   37221    3945   35249   217438   5.84
2005-2009       89      0.11984  0.11306  0.50   33276    3762   31395   182189   5.48
2005-2009       90      0.13433  0.12587  0.50   29514    3715   27657   150794   5.11
2005-2009       91      0.15107  0.14046  0.50   25799    3624   23987   123137   4.77
2005-2009       92      0.16314  0.15084  0.50   22175    3345   20503    99150   4.47
2005-2009       93      0.17683  0.16246  0.50   18830    3059   17301    78648   4.18
2005-2009       94      0.19618  0.17865  0.50   15771    2818   14362    61347   3.89
2005-2009       95      0.21593  0.19489  0.50   12954    2525   11691    46984   3.63
2005-2009       96      0.23681  0.21174  0.50   10429    2208    9325    35293   3.38
2005-2009       97      0.25920  0.22946  0.50    8221    1886    7278    25968   3.16
2005-2009       98      0.28309  0.24799  0.50    6334    1571    5549    18691   2.95
2005-2009       99      0.30845  0.26724  0.50    4764    1273    4127    13142   2.76
2005-2009      100      0.33521  0.28709  0.50    3491    1002    2990     9015   2.58
2005-2009      101      0.36326  0.30742  0.50    2488     765    2106     6025   2.42
2005-2009      102      0.39245  0.32808  0.50    1723     565    1441     3919   2.27
2005-2009      103      0.42262  0.34889  0.50    1158     404     956     2478   2.14
2005-2009      104      0.45354  0.36970  0.50     754     279     615     1522   2.02
2005-2009      105      0.48497  0.39032  0.50     475     186     382      908   1.91
2005-2009      106      0.51667  0.41060  0.50     290     119     230      525   1.81
2005-2009      107      0.54836  0.43036  0.50     171      73     134      295   1.73
2005-2009      108      0.57976  0.44947  0.50      97      44      75      161   1.65
2005-2009      109      0.61063  0.46780  0.50      54      25      41       86   1.60
2005-2009      110+     0.64071  1.00000  1.56      29      29      44       44   1.56
2010-2014        0      0.00251  0.00250  0.14  100000     250   99786  8343903  83.44
2010-2014        1      0.00028  0.00028  0.50   99750      28   99736  8244117  82.65
2010-2014        2      0.00021  0.00021  0.50   99722      21   99711  8144381  81.67
2010-2014        3      0.00017  0.00017  0.50   99700      17   99692  8044670  80.69
2010-2014        4      0.00014  0.00014  0.50   99684      14   99676  7944978  79.70
2010-2014        5      0.00012  0.00012  0.50   99669      12   99663  7845302  78.71
2010-2014        6      0.00006  0.00006  0.50   99657       6   99654  7745639  77.72
2010-2014        7      0.00011  0.00011  0.50   99651      11   99646  7645984  76.73
2010-2014        8      0.00007  0.00007  0.50   99640       7   99637  7546339  75.74
2010-2014        9      0.00008  0.00008  0.50   99634       8   99630  7446702  74.74
2010-2014       10      0.00009  0.00009  0.50   99626       9   99621  7347072  73.75
2010-2014       11      0.00010  0.00010  0.50   99617      10   99612  7247450  72.75
2010-2014       12      0.00006  0.00006  0.50   99607       6   99604  7147838  71.76
2010-2014       13      0.00013  0.00013  0.50   99601      13   99594  7048235  70.76
2010-2014       14      0.00012  0.00012  0.50   99588      12   99582  6948640  69.77
2010-2014       15      0.00013  0.00013  0.50   99576      13   99569  6849059  68.78
2010-2014       16      0.00013  0.00013  0.50   99563      13   99556  6749489  67.79
2010-2014       17      0.00014  0.00014  0.50   99550      14   99543  6649933  66.80
2010-2014       18      0.00017  0.00017  0.50   99536      17   99528  6550390  65.81
2010-2014       19      0.00022  0.00022  0.50   99519      22   99508  6450862  64.82
2010-2014       20      0.00021  0.00021  0.50   99497      21   99487  6351354  63.83
2010-2014       21      0.00026  0.00026  0.50   99476      26   99463  6251867  62.85
2010-2014       22      0.00025  0.00025  0.50   99450      25   99438  6152404  61.86
2010-2014       23      0.00026  0.00026  0.50   99426      26   99413  6052966  60.88
2010-2014       24      0.00030  0.00030  0.50   99400      30   99385  5953553  59.89
2010-2014       25      0.00025  0.00025  0.50   99370      25   99358  5854168  58.91
2010-2014       26      0.00031  0.00031  0.50   99346      31   99330  5754810  57.93
2010-2014       27      0.00031  0.00031  0.50   99315      31   99300  5655480  56.94
2010-2014       28      0.00031  0.00031  0.50   99284      30   99269  5556180  55.96
2010-2014       29      0.00032  0.00032  0.50   99254      32   99238  5456911  54.98
2010-2014       30      0.00038  0.00038  0.50   99222      37   99203  5357673  54.00
2010-2014       31      0.00038  0.00038  0.50   99185      38   99166  5258470  53.02
2010-2014       32      0.00043  0.00043  0.50   99147      43   99126  5159304  52.04
2010-2014       33      0.00044  0.00044  0.50   99104      43   99082  5060178  51.06
2010-2014       34      0.00049  0.00049  0.50   99061      49   99036  4961096  50.08
2010-2014       35      0.00052  0.00052  0.50   99012      51   98986  4862059  49.11
2010-2014       36      0.00056  0.00056  0.50   98961      55   98933  4763073  48.13
2010-2014       37      0.00065  0.00065  0.50   98906      64   98874  4664140  47.16
2010-2014       38      0.00068  0.00068  0.50   98842      67   98808  4565266  46.19
2010-2014       39      0.00079  0.00079  0.50   98775      78   98736  4466458  45.22
2010-2014       40      0.00086  0.00086  0.50   98697      85   98654  4367722  44.25
2010-2014       41      0.00090  0.00090  0.50   98612      89   98568  4269068  43.29
2010-2014       42      0.00090  0.00090  0.50   98523      88   98479  4170500  42.33
2010-2014       43      0.00106  0.00106  0.50   98435     104   98383  4072021  41.37
2010-2014       44      0.00116  0.00116  0.50   98331     114   98274  3973638  40.41
2010-2014       45      0.00131  0.00131  0.50   98217     129   98153  3875365  39.46
2010-2014       46      0.00142  0.00142  0.50   98088     139   98019  3777212  38.51
2010-2014       47      0.00143  0.00143  0.50   97949     140   97879  3679193  37.56
2010-2014       48      0.00165  0.00165  0.50   97809     162   97729  3581314  36.62
2010-2014       49      0.00192  0.00191  0.50   97648     187   97554  3483585  35.68
2010-2014       50      0.00198  0.00198  0.50   97461     193   97365  3386031  34.74
2010-2014       51      0.00235  0.00234  0.50   97268     228   97154  3288666  33.81
2010-2014       52      0.00249  0.00249  0.50   97041     242   96920  3191512  32.89
2010-2014       53      0.00261  0.00261  0.50   96799     253   96673  3094592  31.97
2010-2014       54      0.00308  0.00308  0.50   96546     297   96398  2997919  31.05
2010-2014       55      0.00333  0.00332  0.50   96249     320   96089  2901522  30.15
2010-2014       56      0.00369  0.00368  0.50   95930     353   95753  2805432  29.24
2010-2014       57      0.00407  0.00406  0.50   95576     388   95382  2709679  28.35
2010-2014       58      0.00434  0.00433  0.50   95188     412   94982  2614297  27.46
2010-2014       59      0.00488  0.00487  0.50   94776     462   94545  2519315  26.58
2010-2014       60      0.00522  0.00521  0.50   94314     491   94069  2424770  25.71
2010-2014       61      0.00576  0.00574  0.50   93823     538   93554  2330701  24.84
2010-2014       62      0.00632  0.00631  0.50   93285     588   92991  2237146  23.98
2010-2014       63      0.00676  0.00674  0.50   92697     624   92385  2144156  23.13
2010-2014       64      0.00731  0.00728  0.50   92072     671   91737  2051771  22.28
2010-2014       65      0.00759  0.00756  0.50   91402     691   91056  1960034  21.44
2010-2014       66      0.00902  0.00897  0.50   90711     814   90304  1868978  20.60
2010-2014       67      0.00997  0.00992  0.50   89897     891   89451  1778674  19.79
2010-2014       68      0.01124  0.01117  0.50   89005     995   88508  1689223  18.98
2010-2014       69      0.01246  0.01238  0.50   88011    1090   87466  1600715  18.19
2010-2014       70      0.01389  0.01380  0.50   86921    1199   86321  1513250  17.41
2010-2014       71      0.01551  0.01539  0.50   85722    1319   85062  1426928  16.65
2010-2014       72      0.01663  0.01649  0.50   84402    1392   83706  1341866  15.90
2010-2014       73      0.01810  0.01794  0.50   83010    1489   82266  1258160  15.16
2010-2014       74      0.02034  0.02014  0.50   81521    1641   80700  1175895  14.42
2010-2014       75      0.02217  0.02193  0.50   79880    1752   79004  1095194  13.71
2010-2014       76      0.02564  0.02531  0.50   78128    1978   77139  1016191  13.01
2010-2014       77      0.02886  0.02845  0.50   76150    2167   75067   939052  12.33
2010-2014       78      0.03125  0.03077  0.50   73983    2276   72845   863985  11.68
2010-2014       79      0.03622  0.03557  0.50   71707    2551   70432   791140  11.03
2010-2014       80      0.03876  0.03802  0.50   69156    2630   67841   720708  10.42
2010-2014       81      0.04419  0.04324  0.50   66527    2876   65089   652866   9.81
2010-2014       82      0.04837  0.04722  0.50   63650    3006   62147   587778   9.23
2010-2014       83      0.05272  0.05136  0.50   60645    3115   59087   525630   8.67
2010-2014       84      0.05909  0.05739  0.50   57530    3302   55879   466543   8.11
2010-2014       85      0.06584  0.06374  0.50   54228    3457   52500   410664   7.57
2010-2014       86      0.07706  0.07420  0.50   50771    3767   48888   358165   7.05
2010-2014       87      0.08530  0.08181  0.50   47004    3845   45081   309277   6.58
2010-2014       88      0.09788  0.09332  0.50   43159    4027   41145   264196   6.12
2010-2014       89      0.10845  0.10287  0.50   39131    4026   37118   223051   5.70
2010-2014       90      0.12295  0.11583  0.50   35106    4066   33072   185932   5.30
2010-2014       91      0.13807  0.12915  0.50   31039    4009   29035   152860   4.92
2010-2014       92      0.15324  0.14233  0.50   27030    3847   25107   123825   4.58
2010-2014       93      0.16860  0.15549  0.50   23183    3605   21381    98718   4.26
2010-2014       94      0.19166  0.17490  0.50   19578    3424   17866    77337   3.95
2010-2014       95      0.20698  0.18757  0.50   16154    3030   14639    59471   3.68
2010-2014       96      0.22930  0.20572  0.50   13124    2700   11774    44832   3.42
2010-2014       97      0.25341  0.22492  0.50   10424    2345    9252    33058   3.17
2010-2014       98      0.27930  0.24507  0.50    8080    1980    7090    23806   2.95
2010-2014       99      0.30690  0.26607  0.50    6100    1623    5288    16716   2.74
2010-2014      100      0.33613  0.28777  0.50    4477    1288    3833    11428   2.55
2010-2014      101      0.36684  0.30998  0.50    3188     988    2694     7596   2.38
2010-2014      102      0.39883  0.33252  0.50    2200     732    1834     4901   2.23
2010-2014      103      0.43187  0.35518  0.50    1468     522    1208     3067   2.09
2010-2014      104      0.46568  0.37773  0.50     947     358     768     1859   1.96
2010-2014      105      0.49996  0.39997  0.50     589     236     471     1091   1.85
2010-2014      106      0.53436  0.42169  0.50     354     149     279      620   1.75
2010-2014      107      0.56856  0.44271  0.50     204      91     159      341   1.67
2010-2014      108      0.60222  0.46285  0.50     114      53      88      182   1.59
2010-2014      109      0.63504  0.48199  0.50      61      30      46       94   1.54
2010-2014      110+     0.66672  1.00000  1.50      32      32      48       48   1.50
2015-2019        0      0.00176  0.00175  0.15  100000     175   99850  8468599  84.69
2015-2019        1      0.00016  0.00016  0.50   99825      16   99816  8368749  83.83
2015-2019        2      0.00013  0.00013  0.50   99808      13   99802  8268932  82.85
2015-2019        3      0.00013  0.00013  0.50   99795      13   99789  8169131  81.86
2015-2019        4      0.00011  0.00011  0.50   99782      11   99777  8069342  80.87
2015-2019        5      0.00006  0.00006  0.50   99771       6   99768  7969565  79.88
2015-2019        6      0.00009  0.00009  0.50   99765       9   99761  7869797  78.88
2015-2019        7      0.00006  0.00006  0.50   99757       6   99754  7770036  77.89
2015-2019        8      0.00007  0.00007  0.50   99751       7   99747  7670282  76.89
2015-2019        9      0.00006  0.00006  0.50   99744       6   99740  7570535  75.90
2015-2019       10      0.00008  0.00008  0.50   99737       8   99734  7470795  74.90
2015-2019       11      0.00007  0.00007  0.50   99730       7   99726  7371061  73.91
2015-2019       12      0.00010  0.00010  0.50   99722      10   99717  7271335  72.92
2015-2019       13      0.00009  0.00009  0.50   99713       9   99708  7171617  71.92
2015-2019       14      0.00011  0.00011  0.50   99704      11   99698  7071909  70.93
2015-2019       15      0.00015  0.00015  0.50   99692      15   99685  6972211  69.94
2015-2019       16      0.00012  0.00012  0.50   99678      12   99672  6872526  68.95
2015-2019       17      0.00017  0.00017  0.50   99666      17   99657  6772855  67.96
2015-2019       18      0.00021  0.00021  0.50   99649      21   99638  6673198  66.97
2015-2019       19      0.00023  0.00023  0.50   99628      23   99616  6573559  65.98
2015-2019       20      0.00023  0.00023  0.50   99604      23   99593  6473943  65.00
2015-2019       21      0.00026  0.00026  0.50   99581      26   99568  6374351  64.01
2015-2019       22      0.00025  0.00025  0.50   99556      25   99543  6274782  63.03
2015-2019       23      0.00024  0.00024  0.50   99531      24   99519  6175239  62.04
2015-2019       24      0.00026  0.00026  0.50   99507      26   99494  6075720  61.06
2015-2019       25      0.00027  0.00027  0.50   99481      27   99467  5976226  60.07
2015-2019       26      0.00030  0.00030  0.50   99454      30   99439  5876759  59.09
2015-2019       27      0.00030  0.00030  0.50   99424      30   99409  5777320  58.11
2015-2019       28      0.00030  0.00030  0.50   99394      29   99379  5677911  57.13
2015-2019       29      0.00030  0.00030  0.50   99364      30   99349  5578532  56.14
2015-2019       30      0.00031  0.00031  0.50   99334      31   99319  5479183  55.16
2015-2019       31      0.00037  0.00037  0.50   99303      37   99285  5379864  54.18
2015-2019       32      0.00040  0.00040  0.50   99266      39   99247  5280579  53.20
2015-2019       33      0.00036  0.00036  0.50   99227      36   99209  5181332  52.22
2015-2019       34      0.00047  0.00047  0.50   99192      46   99168  5082123  51.24
2015-2019       35      0.00046  0.00045  0.50   99145      45   99123  4982954  50.26
2015-2019       36      0.00048  0.00048  0.50   99100      47   99077  4883832  49.28
2015-2019       37      0.00054  0.00054  0.50   99053      54   99026  4784755  48.30
2015-2019       38      0.00062  0.00062  0.50   98999      61   98969  4685729  47.33
2015-2019       39      0.00065  0.00065  0.50   98938      64   98906  4586760  46.36
2015-2019       40      0.00081  0.00081  0.50   98874      80   98834  4487854  45.39
2015-2019       41      0.00085  0.00085  0.50   98795      84   98752  4389019  44.43
2015-2019       42      0.00099  0.00099  0.50   98710      97   98662  4290267  43.46
2015-2019       43      0.00108  0.00108  0.50   98613     107   98560  4191605  42.51
2015-2019       44      0.00117  0.00117  0.50   98506     115   98449  4093045  41.55
2015-2019       45      0.00120  0.00120  0.50   98392     118   98332  3994596  40.60
2015-2019       46      0.00120  0.00120  0.50   98273     118   98214  3896264  39.65
2015-2019       47      0.00146  0.00146  0.50   98155     143   98083  3798050  38.69
2015-2019       48      0.00170  0.00170  0.50   98012     166   97928  3699966  37.75
2015-2019       49      0.00178  0.00178  0.50   97845     174   97758  3602038  36.81
2015-2019       50      0.00198  0.00198  0.50   97671     193   97574  3504280  35.88
2015-2019       51      0.00217  0.00217  0.50   97478     212   97372  3406705  34.95
2015-2019       52      0.00231  0.00231  0.50   97266     224   97154  3309333  34.02
2015-2019       53      0.00261  0.00261  0.50   97042     253   96916  3212179  33.10
2015-2019       54      0.00297  0.00297  0.50   96789     287   96646  3115263  32.19
2015-2019       55      0.00304  0.00303  0.50   96502     293   96356  3018618  31.28
2015-2019       56      0.00329  0.00328  0.50   96209     316   96051  2922262  30.37
2015-2019       57      0.00379  0.00378  0.50   95893     363   95712  2826211  29.47
2015-2019       58      0.00410  0.00409  0.50   95530     391   95335  2730499  28.58
2015-2019       59      0.00441  0.00441  0.50   95140     419   94930  2635164  27.70
2015-2019       60      0.00499  0.00498  0.50   94721     472   94485  2540233  26.82
2015-2019       61      0.00526  0.00524  0.50   94249     494   94002  2445748  25.95
2015-2019       62      0.00582  0.00581  0.50   93755     544   93483  2351746  25.08
2015-2019       63      0.00644  0.00642  0.50   93211     598   92911  2258263  24.23
2015-2019       64      0.00688  0.00686  0.50   92612     635   92295  2165352  23.38
2015-2019       65      0.00761  0.00758  0.50   91977     698   91628  2073057  22.54
2015-2019       66      0.00842  0.00839  0.50   91280     766   90897  1981429  21.71
2015-2019       67      0.00899  0.00895  0.50   90514     810   90109  1890532  20.89
2015-2019       68      0.00982  0.00977  0.50   89704     876   89265  1800423  20.07
2015-2019       69      0.01054  0.01048  0.50   88827     931   88362  1711158  19.26
2015-2019       70      0.01152  0.01145  0.50   87896    1007   87393  1622796  18.46
2015-2019       71      0.01295  0.01287  0.50   86890    1118   86331  1535403  17.67
2015-2019       72      0.01502  0.01490  0.50   85772    1278   85132  1449073  16.89
2015-2019       73      0.01655  0.01641  0.50   84493    1387   83800  1363940  16.14
2015-2019       74      0.01894  0.01876  0.50   83106    1559   82327  1280141  15.40
2015-2019       75      0.02084  0.02062  0.50   81547    1682   80706  1197814  14.69
2015-2019       76      0.02274  0.02249  0.50   79866    1796   78967  1117107  13.99
2015-2019       77      0.02458  0.02428  0.50   78069    1896   77122  1038140  13.30
2015-2019       78      0.02774  0.02736  0.50   76174    2084   75132   961018  12.62
2015-2019       79      0.03150  0.03101  0.50   74089    2297   72941   885887  11.96
2015-2019       80      0.03530  0.03468  0.50   71792    2490   70547   812946  11.32
2015-2019       81      0.03863  0.03790  0.50   69302    2627   67989   742399  10.71
2015-2019       82      0.04395  0.04301  0.50   66675    2867   65242   674410  10.11
2015-2019       83      0.04963  0.04843  0.50   63808    3090   62263   609168   9.55
2015-2019       84      0.05428  0.05284  0.50   60718    3209   59114   546905   9.01
2015-2019       85      0.05989  0.05815  0.50   57509    3344   55837   487792   8.48
2015-2019       86      0.06559  0.06351  0.50   54165    3440   52445   431954   7.97
2015-2019       87      0.07053  0.06812  0.50   50725    3456   48998   379509   7.48
2015-2019       88      0.07713  0.07426  0.50   47270    3510   45515   330511   6.99
2015-2019       89      0.08698  0.08335  0.50   43759    3647   41936   284997   6.51
2015-2019       90      0.09763  0.09308  0.50   40112    3734   38245   243061   6.06
2015-2019       91      0.11108  0.10523  0.50   36378    3828   34464   204816   5.63
2015-2019       92      0.12534  0.11794  0.50   32550    3839   30630   170352   5.23
2015-2019       93      0.14063  0.13139  0.50   28711    3772   26825   139722   4.87
2015-2019       94      0.16089  0.14891  0.50   24938    3714   23082   112897   4.53
2015-2019       95      0.17244  0.15875  0.50   21225    3369   19540    89816   4.23
2015-2019       96      0.19081  0.17419  0.50   17855    3110   16300    70276   3.94
2015-2019       97      0.21079  0.19069  0.50   14745    2812   13339    53975   3.66
2015-2019       98      0.23242  0.20822  0.50   11933    2485   10691    40636   3.41
2015-2019       99      0.25572  0.22673  0.50    9449    2142    8378    29945   3.17
2015-2019      100      0.28068  0.24613  0.50    7306    1798    6407    21568   2.95
2015-2019      101      0.30725  0.26633  0.50    5508    1467    4775    15160   2.75
2015-2019      102      0.33535  0.28719  0.50    4041    1161    3461    10386   2.57
2015-2019      103      0.36484  0.30856  0.50    2880     889    2436     6925   2.40
2015-2019      104      0.39556  0.33025  0.50    1992     658    1663     4489   2.25
2015-2019      105      0.42730  0.35208  0.50    1334     470    1099     2826   2.12
2015-2019      106      0.45980  0.37385  0.50     864     323     703     1727   2.00
2015-2019      107      0.49278  0.39537  0.50     541     214     434     1024   1.89
2015-2019      108      0.52596  0.41645  0.50     327     136     259      590   1.80
2015-2019      109      0.55903  0.43691  0.50     191      83     149      331   1.73
2015-2019      110+     0.59168  1.00000  1.69     108     108     182      182   1.69
