Israel, Total Population, Life tables (period 1x5), Total	Last modified: 31 Oct 2018;  Methods Protocol: v6 (2017)

  Year          Age         mx       qx    ax      lx      dx      Lx       Tx     ex
1983-1984        0      0.01343  0.01327  0.12  100000    1327   98835  7497525  74.98
1983-1984        1      0.00109  0.00109  0.50   98673     107   98619  7398690  74.98
1983-1984        2      0.00074  0.00074  0.50   98566      73   98529  7300071  74.06
1983-1984        3      0.00050  0.00050  0.50   98493      50   98468  7201541  73.12
1983-1984        4      0.00041  0.00041  0.50   98443      40   98423  7103073  72.15
1983-1984        5      0.00030  0.00030  0.50   98403      29   98389  7004650  71.18
1983-1984        6      0.00028  0.00028  0.50   98374      28   98360  6906261  70.20
1983-1984        7      0.00029  0.00029  0.50   98346      28   98332  6807901  69.22
1983-1984        8      0.00024  0.00024  0.50   98318      24   98306  6709569  68.24
1983-1984        9      0.00020  0.00020  0.50   98295      20   98285  6611262  67.26
1983-1984       10      0.00018  0.00018  0.50   98275      18   98266  6512978  66.27
1983-1984       11      0.00023  0.00023  0.50   98257      23   98245  6414712  65.29
1983-1984       12      0.00023  0.00023  0.50   98234      23   98222  6316466  64.30
1983-1984       13      0.00028  0.00028  0.50   98211      28   98197  6218244  63.32
1983-1984       14      0.00035  0.00035  0.50   98183      35   98166  6120046  62.33
1983-1984       15      0.00034  0.00034  0.50   98149      34   98132  6021880  61.35
1983-1984       16      0.00036  0.00036  0.50   98115      35   98098  5923748  60.38
1983-1984       17      0.00049  0.00049  0.50   98080      48   98056  5825650  59.40
1983-1984       18      0.00063  0.00063  0.50   98032      62   98001  5727595  58.43
1983-1984       19      0.00085  0.00085  0.50   97970      83   97928  5629594  57.46
1983-1984       20      0.00076  0.00076  0.50   97887      75   97850  5531665  56.51
1983-1984       21      0.00069  0.00069  0.50   97812      68   97778  5433815  55.55
1983-1984       22      0.00070  0.00070  0.50   97745      68   97710  5336037  54.59
1983-1984       23      0.00073  0.00073  0.50   97676      71   97641  5238327  53.63
1983-1984       24      0.00065  0.00065  0.50   97605      63   97574  5140686  52.67
1983-1984       25      0.00064  0.00064  0.50   97542      62   97511  5043112  51.70
1983-1984       26      0.00067  0.00067  0.50   97480      65   97447  4945601  50.73
1983-1984       27      0.00055  0.00055  0.50   97415      54   97388  4848154  49.77
1983-1984       28      0.00075  0.00075  0.50   97361      73   97325  4750767  48.80
1983-1984       29      0.00065  0.00065  0.50   97288      64   97257  4653442  47.83
1983-1984       30      0.00071  0.00071  0.50   97225      69   97190  4556185  46.86
1983-1984       31      0.00078  0.00078  0.50   97155      76   97117  4458995  45.90
1983-1984       32      0.00075  0.00075  0.50   97079      73   97043  4361878  44.93
1983-1984       33      0.00080  0.00080  0.50   97006      77   96967  4264835  43.96
1983-1984       34      0.00092  0.00092  0.50   96929      89   96884  4167868  43.00
1983-1984       35      0.00098  0.00098  0.50   96840      95   96792  4070984  42.04
1983-1984       36      0.00102  0.00102  0.50   96745      99   96696  3974191  41.08
1983-1984       37      0.00097  0.00097  0.50   96646      94   96599  3877495  40.12
1983-1984       38      0.00115  0.00115  0.50   96552     111   96497  3780896  39.16
1983-1984       39      0.00119  0.00119  0.50   96442     115   96384  3684399  38.20
1983-1984       40      0.00139  0.00139  0.50   96327     133   96260  3588015  37.25
1983-1984       41      0.00138  0.00138  0.50   96193     132   96127  3491755  36.30
1983-1984       42      0.00150  0.00150  0.50   96061     144   95989  3395627  35.35
1983-1984       43      0.00199  0.00199  0.50   95917     191   95822  3299638  34.40
1983-1984       44      0.00211  0.00211  0.50   95727     202   95626  3203816  33.47
1983-1984       45      0.00235  0.00235  0.50   95525     225   95412  3108190  32.54
1983-1984       46      0.00222  0.00221  0.50   95300     211   95195  3012778  31.61
1983-1984       47      0.00292  0.00291  0.50   95089     277   94951  2917583  30.68
1983-1984       48      0.00373  0.00372  0.50   94812     353   94636  2822633  29.77
1983-1984       49      0.00383  0.00382  0.50   94459     361   94279  2727997  28.88
1983-1984       50      0.00381  0.00380  0.50   94098     358   93919  2633719  27.99
1983-1984       51      0.00466  0.00465  0.50   93740     436   93523  2539799  27.09
1983-1984       52      0.00515  0.00513  0.50   93305     479   93065  2446277  26.22
1983-1984       53      0.00584  0.00582  0.50   92826     540   92556  2353211  25.35
1983-1984       54      0.00665  0.00663  0.50   92286     612   91980  2260655  24.50
1983-1984       55      0.00767  0.00764  0.50   91674     701   91324  2168675  23.66
1983-1984       56      0.00790  0.00787  0.50   90973     716   90615  2077352  22.83
1983-1984       57      0.00818  0.00815  0.50   90257     735   89890  1986736  22.01
1983-1984       58      0.00942  0.00937  0.50   89522     839   89103  1896847  21.19
1983-1984       59      0.01039  0.01033  0.50   88683     916   88225  1807744  20.38
1983-1984       60      0.01104  0.01097  0.50   87767     963   87285  1719519  19.59
1983-1984       61      0.01320  0.01311  0.50   86803    1138   86234  1632234  18.80
1983-1984       62      0.01382  0.01372  0.50   85665    1176   85077  1546000  18.05
1983-1984       63      0.01584  0.01572  0.50   84490    1328   83825  1460923  17.29
1983-1984       64      0.01619  0.01606  0.50   83161    1335   82494  1377097  16.56
1983-1984       65      0.02023  0.02003  0.50   81826    1639   81007  1294603  15.82
1983-1984       66      0.01994  0.01974  0.50   80187    1583   79396  1213597  15.13
1983-1984       67      0.02355  0.02327  0.50   78605    1829   77690  1134201  14.43
1983-1984       68      0.02408  0.02379  0.50   76775    1826   75862  1056511  13.76
1983-1984       69      0.02743  0.02706  0.50   74949    2028   73935   980649  13.08
1983-1984       70      0.03093  0.03046  0.50   72921    2221   71810   906714  12.43
1983-1984       71      0.03491  0.03431  0.50   70700    2426   69487   834904  11.81
1983-1984       72      0.03749  0.03680  0.50   68274    2512   67018   765418  11.21
1983-1984       73      0.04245  0.04157  0.50   65761    2734   64394   698400  10.62
1983-1984       74      0.04887  0.04771  0.50   63027    3007   61524   634006  10.06
1983-1984       75      0.05368  0.05228  0.50   60021    3138   58452   572482   9.54
1983-1984       76      0.06309  0.06116  0.50   56883    3479   55143   514030   9.04
1983-1984       77      0.06493  0.06289  0.50   53404    3358   51725   458887   8.59
1983-1984       78      0.07181  0.06932  0.50   50045    3469   48311   407162   8.14
1983-1984       79      0.08110  0.07794  0.50   46576    3630   44761   358852   7.70
1983-1984       80      0.08147  0.07828  0.50   42946    3362   41265   314091   7.31
1983-1984       81      0.08532  0.08183  0.50   39584    3239   37964   272826   6.89
1983-1984       82      0.09086  0.08691  0.50   36345    3159   34765   234861   6.46
1983-1984       83      0.11748  0.11096  0.50   33186    3682   31345   200096   6.03
1983-1984       84      0.12664  0.11910  0.50   29504    3514   27747   168751   5.72
1983-1984       85      0.12480  0.11747  0.50   25990    3053   24463   141004   5.43
1983-1984       86      0.14330  0.13372  0.50   22937    3067   21403   116541   5.08
1983-1984       87      0.15114  0.14052  0.50   19870    2792   18474    95138   4.79
1983-1984       88      0.17764  0.16315  0.50   17078    2786   15685    76664   4.49
1983-1984       89      0.18046  0.16552  0.50   14291    2366   13109    60980   4.27
1983-1984       90      0.19990  0.18174  0.50   11926    2167   10842    47871   4.01
1983-1984       91      0.22065  0.19873  0.50    9759    1939    8789    37029   3.79
1983-1984       92      0.19640  0.17884  0.50    7819    1398    7120    28240   3.61
1983-1984       93      0.24439  0.21778  0.50    6421    1398    5722    21120   3.29
1983-1984       94      0.29109  0.25410  0.50    5023    1276    4384    15398   3.07
1983-1984       95      0.29250  0.25518  0.50    3746     956    3268    11014   2.94
1983-1984       96      0.31422  0.27155  0.50    2790     758    2411     7746   2.78
1983-1984       97      0.33675  0.28822  0.50    2033     586    1740     5334   2.62
1983-1984       98      0.36001  0.30509  0.50    1447     441    1226     3594   2.48
1983-1984       99      0.38391  0.32208  0.50    1005     324     843     2368   2.36
1983-1984      100      0.40833  0.33910  0.50     682     231     566     1525   2.24
1983-1984      101      0.43314  0.35604  0.50     450     160     370      959   2.13
1983-1984      102      0.45823  0.37281  0.50     290     108     236      589   2.03
1983-1984      103      0.48344  0.38933  0.50     182      71     147      353   1.94
1983-1984      104      0.50866  0.40552  0.50     111      45      89      206   1.86
1983-1984      105      0.53373  0.42130  0.50      66      28      52      118   1.78
1983-1984      106      0.55853  0.43660  0.50      38      17      30       65   1.71
1983-1984      107      0.58293  0.45137  0.50      22      10      17       36   1.65
1983-1984      108      0.60682  0.46556  0.50      12       5       9       19   1.60
1983-1984      109      0.63010  0.47914  0.50       6       3       5       10   1.56
1983-1984      110+     0.65266  1.00000  1.53       3       3       5        5   1.53
1985-1989        0      0.01104  0.01093  0.13  100000    1093   99045  7581730  75.82
1985-1989        1      0.00091  0.00091  0.50   98907      90   98862  7482685  75.65
1985-1989        2      0.00049  0.00049  0.50   98817      48   98793  7383823  74.72
1985-1989        3      0.00039  0.00039  0.50   98769      39   98749  7285030  73.76
1985-1989        4      0.00029  0.00029  0.50   98730      28   98716  7186281  72.79
1985-1989        5      0.00028  0.00028  0.50   98702      27   98688  7087565  71.81
1985-1989        6      0.00025  0.00025  0.50   98674      24   98662  6988877  70.83
1985-1989        7      0.00025  0.00025  0.50   98650      25   98638  6890215  69.85
1985-1989        8      0.00023  0.00023  0.50   98625      23   98614  6791577  68.86
1985-1989        9      0.00021  0.00021  0.50   98603      20   98593  6692963  67.88
1985-1989       10      0.00022  0.00022  0.50   98582      21   98572  6594370  66.89
1985-1989       11      0.00020  0.00020  0.50   98561      20   98551  6495799  65.91
1985-1989       12      0.00017  0.00017  0.50   98541      17   98532  6397248  64.92
1985-1989       13      0.00021  0.00021  0.50   98524      21   98514  6298715  63.93
1985-1989       14      0.00020  0.00020  0.50   98503      20   98494  6200202  62.94
1985-1989       15      0.00031  0.00031  0.50   98484      30   98468  6101708  61.96
1985-1989       16      0.00040  0.00040  0.50   98453      40   98433  6003240  60.98
1985-1989       17      0.00041  0.00041  0.50   98413      40   98393  5904806  60.00
1985-1989       18      0.00066  0.00066  0.50   98373      65   98341  5806413  59.02
1985-1989       19      0.00073  0.00073  0.50   98308      71   98272  5708072  58.06
1985-1989       20      0.00075  0.00075  0.50   98237      73   98200  5609800  57.10
1985-1989       21      0.00062  0.00062  0.50   98163      60   98133  5511600  56.15
1985-1989       22      0.00056  0.00056  0.50   98103      55   98076  5413467  55.18
1985-1989       23      0.00059  0.00059  0.50   98048      58   98019  5315391  54.21
1985-1989       24      0.00055  0.00055  0.50   97990      54   97963  5217372  53.24
1985-1989       25      0.00060  0.00060  0.50   97936      59   97907  5119409  52.27
1985-1989       26      0.00063  0.00063  0.50   97877      62   97846  5021502  51.30
1985-1989       27      0.00064  0.00064  0.50   97815      63   97784  4923656  50.34
1985-1989       28      0.00066  0.00066  0.50   97752      64   97720  4825872  49.37
1985-1989       29      0.00063  0.00063  0.50   97688      61   97658  4728152  48.40
1985-1989       30      0.00065  0.00065  0.50   97627      64   97595  4630494  47.43
1985-1989       31      0.00072  0.00072  0.50   97563      70   97528  4532899  46.46
1985-1989       32      0.00079  0.00079  0.50   97493      77   97455  4435371  45.49
1985-1989       33      0.00080  0.00080  0.50   97416      78   97377  4337916  44.53
1985-1989       34      0.00087  0.00087  0.50   97338      85   97296  4240539  43.56
1985-1989       35      0.00084  0.00084  0.50   97254      81   97213  4143243  42.60
1985-1989       36      0.00087  0.00087  0.50   97173      84   97131  4046030  41.64
1985-1989       37      0.00097  0.00097  0.50   97089      94   97041  3948899  40.67
1985-1989       38      0.00110  0.00110  0.50   96994     107   96941  3851858  39.71
1985-1989       39      0.00114  0.00114  0.50   96888     110   96833  3754917  38.76
1985-1989       40      0.00126  0.00125  0.50   96777     121   96717  3658084  37.80
1985-1989       41      0.00160  0.00160  0.50   96656     155   96579  3561368  36.85
1985-1989       42      0.00164  0.00164  0.50   96502     158   96423  3464789  35.90
1985-1989       43      0.00176  0.00176  0.50   96344     170   96259  3368366  34.96
1985-1989       44      0.00193  0.00193  0.50   96174     186   96081  3272108  34.02
1985-1989       45      0.00226  0.00226  0.50   95988     217   95880  3176027  33.09
1985-1989       46      0.00242  0.00242  0.50   95771     232   95655  3080147  32.16
1985-1989       47      0.00262  0.00262  0.50   95539     250   95414  2984492  31.24
1985-1989       48      0.00310  0.00310  0.50   95289     295   95141  2889078  30.32
1985-1989       49      0.00330  0.00329  0.50   94994     313   94838  2793936  29.41
1985-1989       50      0.00383  0.00382  0.50   94681     362   94501  2699099  28.51
1985-1989       51      0.00421  0.00420  0.50   94320     397   94121  2604598  27.61
1985-1989       52      0.00455  0.00454  0.50   93923     426   93710  2510477  26.73
1985-1989       53      0.00535  0.00534  0.50   93497     499   93247  2416767  25.85
1985-1989       54      0.00590  0.00588  0.50   92998     547   92724  2323520  24.98
1985-1989       55      0.00667  0.00665  0.50   92451     615   92143  2230795  24.13
1985-1989       56      0.00721  0.00718  0.50   91836     660   91506  2138652  23.29
1985-1989       57      0.00842  0.00838  0.50   91177     764   90794  2047146  22.45
1985-1989       58      0.00907  0.00903  0.50   90412     816   90004  1956351  21.64
1985-1989       59      0.01068  0.01063  0.50   89596     952   89120  1866347  20.83
1985-1989       60      0.01110  0.01104  0.50   88644     979   88155  1777227  20.05
1985-1989       61      0.01224  0.01216  0.50   87665    1066   87132  1689073  19.27
1985-1989       62      0.01306  0.01298  0.50   86599    1124   86037  1601940  18.50
1985-1989       63      0.01481  0.01470  0.50   85475    1256   84847  1515903  17.73
1985-1989       64      0.01619  0.01606  0.50   84219    1352   83543  1431056  16.99
1985-1989       65      0.01748  0.01733  0.50   82866    1436   82149  1347514  16.26
1985-1989       66      0.02030  0.02010  0.50   81431    1637   80612  1265365  15.54
1985-1989       67      0.02208  0.02184  0.50   79794    1742   78923  1184753  14.85
1985-1989       68      0.02519  0.02487  0.50   78052    1941   77081  1105830  14.17
1985-1989       69      0.02619  0.02585  0.50   76110    1967   75127  1028749  13.52
1985-1989       70      0.02957  0.02914  0.50   74143    2161   73063   953623  12.86
1985-1989       71      0.03300  0.03247  0.50   71982    2337   70814   880560  12.23
1985-1989       72      0.03539  0.03478  0.50   69645    2422   68434   809747  11.63
1985-1989       73      0.04049  0.03969  0.50   67223    2668   65889   741313  11.03
1985-1989       74      0.04405  0.04310  0.50   64555    2782   63164   675424  10.46
1985-1989       75      0.04982  0.04861  0.50   61773    3003   60271   612260   9.91
1985-1989       76      0.05386  0.05245  0.50   58770    3083   57229   551989   9.39
1985-1989       77      0.06355  0.06159  0.50   55687    3430   53972   494760   8.88
1985-1989       78      0.07014  0.06777  0.50   52258    3541   50487   440788   8.43
1985-1989       79      0.07884  0.07585  0.50   48716    3695   46869   390301   8.01
1985-1989       80      0.07556  0.07281  0.50   45021    3278   43382   343432   7.63
1985-1989       81      0.08262  0.07935  0.50   41743    3312   40087   300050   7.19
1985-1989       82      0.08911  0.08530  0.50   38431    3278   36792   259963   6.76
1985-1989       83      0.10153  0.09663  0.50   35153    3397   33454   223171   6.35
1985-1989       84      0.10939  0.10371  0.50   31756    3294   30109   189716   5.97
1985-1989       85      0.12425  0.11698  0.50   28462    3330   26798   159607   5.61
1985-1989       86      0.13321  0.12489  0.50   25133    3139   23563   132810   5.28
1985-1989       87      0.14622  0.13626  0.50   21994    2997   20496   109246   4.97
1985-1989       88      0.15861  0.14695  0.50   18997    2792   17601    88750   4.67
1985-1989       89      0.18156  0.16645  0.50   16205    2697   14857    71149   4.39
1985-1989       90      0.18559  0.16983  0.50   13508    2294   12361    56292   4.17
1985-1989       91      0.20332  0.18456  0.50   11214    2070   10179    43931   3.92
1985-1989       92      0.21511  0.19422  0.50    9144    1776    8256    33752   3.69
1985-1989       93      0.23257  0.20834  0.50    7368    1535    6601    25496   3.46
1985-1989       94      0.22961  0.20596  0.50    5833    1201    5233    18895   3.24
1985-1989       95      0.28893  0.25246  0.50    4632    1169    4047    13662   2.95
1985-1989       96      0.31173  0.26969  0.50    3462     934    2996     9615   2.78
1985-1989       97      0.33547  0.28728  0.50    2529     726    2165     6620   2.62
1985-1989       98      0.36006  0.30513  0.50    1802     550    1527     4454   2.47
1985-1989       99      0.38538  0.32312  0.50    1252     405    1050     2927   2.34
1985-1989      100      0.41130  0.34115  0.50     848     289     703     1877   2.21
1985-1989      101      0.43769  0.35910  0.50     558     201     458     1174   2.10
1985-1989      102      0.46437  0.37687  0.50     358     135     290      715   2.00
1985-1989      103      0.49120  0.39435  0.50     223      88     179      425   1.91
1985-1989      104      0.51802  0.41145  0.50     135      56     107      246   1.82
1985-1989      105      0.54465  0.42807  0.50      80      34      62      139   1.74
1985-1989      106      0.57094  0.44415  0.50      45      20      35       76   1.68
1985-1989      107      0.59675  0.45961  0.50      25      12      19       41   1.61
1985-1989      108      0.62194  0.47441  0.50      14       6      10       21   1.56
1985-1989      109      0.64638  0.48850  0.50       7       4       5       11   1.52
1985-1989      110+     0.66998  1.00000  1.49       4       4       5        5   1.49
1990-1994        0      0.00884  0.00877  0.13  100000     877   99238  7717678  77.18
1990-1994        1      0.00074  0.00074  0.50   99123      73   99086  7618440  76.86
1990-1994        2      0.00040  0.00040  0.50   99050      40   99030  7519354  75.92
1990-1994        3      0.00034  0.00034  0.50   99010      34   98993  7420325  74.95
1990-1994        4      0.00029  0.00029  0.50   98976      28   98961  7321332  73.97
1990-1994        5      0.00025  0.00025  0.50   98947      25   98935  7222371  72.99
1990-1994        6      0.00018  0.00018  0.50   98922      18   98913  7123436  72.01
1990-1994        7      0.00024  0.00024  0.50   98904      23   98893  7024522  71.02
1990-1994        8      0.00016  0.00016  0.50   98881      16   98873  6925630  70.04
1990-1994        9      0.00016  0.00016  0.50   98866      16   98858  6826756  69.05
1990-1994       10      0.00016  0.00016  0.50   98850      15   98842  6727899  68.06
1990-1994       11      0.00015  0.00015  0.50   98834      15   98827  6629057  67.07
1990-1994       12      0.00016  0.00016  0.50   98819      16   98811  6530230  66.08
1990-1994       13      0.00017  0.00017  0.50   98803      17   98795  6431419  65.09
1990-1994       14      0.00018  0.00018  0.50   98786      18   98777  6332624  64.10
1990-1994       15      0.00022  0.00022  0.50   98769      22   98758  6233847  63.12
1990-1994       16      0.00033  0.00033  0.50   98747      32   98731  6135089  62.13
1990-1994       17      0.00042  0.00042  0.50   98715      41   98694  6036359  61.15
1990-1994       18      0.00056  0.00056  0.50   98673      55   98646  5937665  60.17
1990-1994       19      0.00058  0.00058  0.50   98618      57   98590  5839019  59.21
1990-1994       20      0.00067  0.00067  0.50   98561      66   98528  5740429  58.24
1990-1994       21      0.00063  0.00063  0.50   98495      62   98464  5641901  57.28
1990-1994       22      0.00059  0.00059  0.50   98432      58   98403  5543438  56.32
1990-1994       23      0.00061  0.00061  0.50   98374      60   98344  5445034  55.35
1990-1994       24      0.00055  0.00055  0.50   98314      54   98287  5346690  54.38
1990-1994       25      0.00059  0.00059  0.50   98260      58   98231  5248403  53.41
1990-1994       26      0.00062  0.00062  0.50   98202      61   98172  5150171  52.44
1990-1994       27      0.00059  0.00059  0.50   98141      58   98112  5051999  51.48
1990-1994       28      0.00059  0.00059  0.50   98083      58   98054  4953887  50.51
1990-1994       29      0.00053  0.00053  0.50   98026      52   97999  4855832  49.54
1990-1994       30      0.00067  0.00067  0.50   97973      65   97941  4757833  48.56
1990-1994       31      0.00068  0.00068  0.50   97908      67   97875  4659892  47.59
1990-1994       32      0.00071  0.00071  0.50   97841      70   97806  4562018  46.63
1990-1994       33      0.00071  0.00071  0.50   97771      69   97736  4464212  45.66
1990-1994       34      0.00075  0.00075  0.50   97702      73   97665  4366475  44.69
1990-1994       35      0.00083  0.00083  0.50   97629      81   97588  4268810  43.73
1990-1994       36      0.00089  0.00089  0.50   97547      87   97504  4171222  42.76
1990-1994       37      0.00094  0.00094  0.50   97460      92   97414  4073718  41.80
1990-1994       38      0.00095  0.00095  0.50   97368      92   97322  3976304  40.84
1990-1994       39      0.00101  0.00101  0.50   97276      98   97227  3878982  39.88
1990-1994       40      0.00125  0.00125  0.50   97178     121   97117  3781755  38.92
1990-1994       41      0.00131  0.00131  0.50   97057     128   96993  3684637  37.96
1990-1994       42      0.00152  0.00152  0.50   96929     147   96856  3587644  37.01
1990-1994       43      0.00168  0.00168  0.50   96782     163   96701  3490789  36.07
1990-1994       44      0.00169  0.00168  0.50   96619     163   96538  3394088  35.13
1990-1994       45      0.00191  0.00191  0.50   96456     184   96364  3297551  34.19
1990-1994       46      0.00226  0.00226  0.50   96273     217   96164  3201186  33.25
1990-1994       47      0.00258  0.00257  0.50   96055     247   95932  3105022  32.33
1990-1994       48      0.00257  0.00256  0.50   95808     246   95685  3009091  31.41
1990-1994       49      0.00292  0.00292  0.50   95562     279   95423  2913406  30.49
1990-1994       50      0.00330  0.00330  0.50   95284     314   95127  2817983  29.57
1990-1994       51      0.00347  0.00347  0.50   94970     329   94805  2722856  28.67
1990-1994       52      0.00401  0.00400  0.50   94640     379   94451  2628051  27.77
1990-1994       53      0.00445  0.00444  0.50   94262     419   94052  2533600  26.88
1990-1994       54      0.00481  0.00480  0.50   93843     450   93618  2439548  26.00
1990-1994       55      0.00541  0.00539  0.50   93393     504   93141  2345930  25.12
1990-1994       56      0.00662  0.00660  0.50   92889     613   92583  2252789  24.25
1990-1994       57      0.00737  0.00734  0.50   92276     678   91938  2160206  23.41
1990-1994       58      0.00784  0.00781  0.50   91599     715   91241  2068268  22.58
1990-1994       59      0.00865  0.00862  0.50   90884     783   90492  1977027  21.75
1990-1994       60      0.01002  0.00997  0.50   90100     899   89651  1886535  20.94
1990-1994       61      0.01080  0.01074  0.50   89202     958   88723  1796884  20.14
1990-1994       62      0.01231  0.01224  0.50   88244    1080   87704  1708161  19.36
1990-1994       63      0.01352  0.01342  0.50   87164    1170   86579  1620457  18.59
1990-1994       64      0.01468  0.01458  0.50   85994    1254   85367  1533879  17.84
1990-1994       65      0.01637  0.01623  0.50   84740    1376   84052  1448512  17.09
1990-1994       66      0.01751  0.01735  0.50   83364    1447   82641  1364460  16.37
1990-1994       67      0.01944  0.01926  0.50   81918    1578   81129  1281819  15.65
1990-1994       68      0.02081  0.02060  0.50   80340    1655   79513  1200690  14.95
1990-1994       69      0.02446  0.02417  0.50   78685    1902   77734  1121177  14.25
1990-1994       70      0.02631  0.02597  0.50   76784    1994   75787  1043443  13.59
1990-1994       71      0.02959  0.02916  0.50   74790    2181   73699   967656  12.94
1990-1994       72      0.03309  0.03255  0.50   72609    2363   71427   893957  12.31
1990-1994       73      0.03625  0.03561  0.50   70246    2501   68995   822530  11.71
1990-1994       74      0.03847  0.03774  0.50   67744    2557   66466   753535  11.12
1990-1994       75      0.04361  0.04268  0.50   65187    2782   63796   687069  10.54
1990-1994       76      0.04914  0.04796  0.50   62405    2993   60909   623273   9.99
1990-1994       77      0.05264  0.05129  0.50   59412    3047   57889   562364   9.47
1990-1994       78      0.05925  0.05755  0.50   56365    3244   54743   504475   8.95
1990-1994       79      0.06595  0.06384  0.50   53122    3391   51426   449731   8.47
1990-1994       80      0.06818  0.06593  0.50   49730    3279   48091   398305   8.01
1990-1994       81      0.07630  0.07350  0.50   46451    3414   44744   350215   7.54
1990-1994       82      0.08313  0.07981  0.50   43037    3435   41320   305470   7.10
1990-1994       83      0.09142  0.08743  0.50   39602    3462   37871   264150   6.67
1990-1994       84      0.10236  0.09738  0.50   36140    3519   34381   226279   6.26
1990-1994       85      0.11405  0.10790  0.50   32621    3520   30861   191899   5.88
1990-1994       86      0.12085  0.11396  0.50   29101    3316   27443   161037   5.53
1990-1994       87      0.13370  0.12532  0.50   25785    3231   24169   133594   5.18
1990-1994       88      0.14851  0.13825  0.50   22553    3118   20994   109425   4.85
1990-1994       89      0.16111  0.14910  0.50   19435    2898   17987    88431   4.55
1990-1994       90      0.17789  0.16336  0.50   16538    2702   15187    70444   4.26
1990-1994       91      0.19222  0.17537  0.50   13836    2426   12623    55257   3.99
1990-1994       92      0.20899  0.18922  0.50   11410    2159   10330    42635   3.74
1990-1994       93      0.22694  0.20381  0.50    9251    1885    8308    32304   3.49
1990-1994       94      0.25324  0.22478  0.50    7365    1656    6538    23996   3.26
1990-1994       95      0.27510  0.24183  0.50    5710    1381    5019    17459   3.06
1990-1994       96      0.29767  0.25910  0.50    4329    1122    3768    12439   2.87
1990-1994       97      0.32129  0.27682  0.50    3207     888    2763     8671   2.70
1990-1994       98      0.34590  0.29490  0.50    2319     684    1977     5908   2.55
1990-1994       99      0.37140  0.31323  0.50    1635     512    1379     3930   2.40
1990-1994      100      0.39767  0.33171  0.50    1123     373     937     2551   2.27
1990-1994      101      0.42458  0.35023  0.50     751     263     619     1614   2.15
1990-1994      102      0.45199  0.36867  0.50     488     180     398      995   2.04
1990-1994      103      0.47973  0.38692  0.50     308     119     248      597   1.94
1990-1994      104      0.50765  0.40488  0.50     189      76     151      349   1.85
1990-1994      105      0.53556  0.42244  0.50     112      47      89      198   1.77
1990-1994      106      0.56330  0.43951  0.50      65      29      51      110   1.69
1990-1994      107      0.59070  0.45601  0.50      36      17      28       59   1.63
1990-1994      108      0.61759  0.47188  0.50      20       9      15       31   1.57
1990-1994      109      0.64383  0.48704  0.50      10       5       8       16   1.52
1990-1994      110+     0.66927  1.00000  1.49       5       5       8        8   1.49
1995-1999        0      0.00633  0.00630  0.14  100000     630   99456  7821169  78.21
1995-1999        1      0.00060  0.00060  0.50   99370      60   99340  7721713  77.71
1995-1999        2      0.00038  0.00038  0.50   99310      38   99291  7622373  76.75
1995-1999        3      0.00029  0.00029  0.50   99273      28   99258  7523082  75.78
1995-1999        4      0.00025  0.00025  0.50   99244      25   99232  7423823  74.80
1995-1999        5      0.00021  0.00021  0.50   99220      20   99209  7324592  73.82
1995-1999        6      0.00015  0.00015  0.50   99199      15   99192  7225382  72.84
1995-1999        7      0.00013  0.00013  0.50   99184      12   99178  7126190  71.85
1995-1999        8      0.00014  0.00014  0.50   99172      14   99165  7027012  70.86
1995-1999        9      0.00015  0.00015  0.50   99158      14   99151  6927847  69.87
1995-1999       10      0.00013  0.00013  0.50   99144      13   99137  6828696  68.88
1995-1999       11      0.00014  0.00014  0.50   99130      14   99124  6729559  67.89
1995-1999       12      0.00017  0.00017  0.50   99117      16   99109  6630436  66.90
1995-1999       13      0.00017  0.00017  0.50   99100      16   99092  6531327  65.91
1995-1999       14      0.00023  0.00023  0.50   99084      23   99073  6432235  64.92
1995-1999       15      0.00022  0.00022  0.50   99061      21   99051  6333162  63.93
1995-1999       16      0.00029  0.00029  0.50   99040      29   99025  6234111  62.95
1995-1999       17      0.00035  0.00035  0.50   99011      34   98994  6135086  61.96
1995-1999       18      0.00050  0.00050  0.50   98977      49   98952  6036092  60.99
1995-1999       19      0.00061  0.00061  0.50   98927      61   98897  5937141  60.02
1995-1999       20      0.00076  0.00076  0.50   98867      75   98829  5838244  59.05
1995-1999       21      0.00061  0.00061  0.50   98791      60   98761  5739415  58.10
1995-1999       22      0.00061  0.00061  0.50   98732      61   98701  5640653  57.13
1995-1999       23      0.00059  0.00059  0.50   98671      59   98642  5541952  56.17
1995-1999       24      0.00053  0.00053  0.50   98612      53   98586  5443311  55.20
1995-1999       25      0.00059  0.00059  0.50   98560      59   98530  5344725  54.23
1995-1999       26      0.00058  0.00058  0.50   98501      57   98472  5246194  53.26
1995-1999       27      0.00055  0.00055  0.50   98444      54   98417  5147722  52.29
1995-1999       28      0.00058  0.00058  0.50   98390      57   98361  5049305  51.32
1995-1999       29      0.00054  0.00054  0.50   98332      53   98306  4950944  50.35
1995-1999       30      0.00066  0.00066  0.50   98279      65   98247  4852639  49.38
1995-1999       31      0.00062  0.00062  0.50   98214      61   98184  4754392  48.41
1995-1999       32      0.00075  0.00075  0.50   98153      73   98116  4656208  47.44
1995-1999       33      0.00076  0.00076  0.50   98080      75   98042  4558092  46.47
1995-1999       34      0.00084  0.00084  0.50   98005      83   97964  4460049  45.51
1995-1999       35      0.00080  0.00080  0.50   97922      78   97883  4362086  44.55
1995-1999       36      0.00096  0.00096  0.50   97844      94   97797  4264202  43.58
1995-1999       37      0.00094  0.00094  0.50   97750      92   97704  4166405  42.62
1995-1999       38      0.00104  0.00104  0.50   97658     102   97607  4068701  41.66
1995-1999       39      0.00110  0.00110  0.50   97557     107   97503  3971093  40.71
1995-1999       40      0.00116  0.00116  0.50   97450     113   97393  3873590  39.75
1995-1999       41      0.00132  0.00132  0.50   97336     129   97272  3776197  38.80
1995-1999       42      0.00147  0.00147  0.50   97208     143   97136  3678925  37.85
1995-1999       43      0.00148  0.00148  0.50   97065     144   96993  3581789  36.90
1995-1999       44      0.00164  0.00164  0.50   96922     159   96842  3484795  35.95
1995-1999       45      0.00188  0.00187  0.50   96762     181   96672  3387953  35.01
1995-1999       46      0.00193  0.00192  0.50   96581     186   96488  3291281  34.08
1995-1999       47      0.00214  0.00214  0.50   96395     206   96292  3194793  33.14
1995-1999       48      0.00248  0.00247  0.50   96189     238   96071  3098501  32.21
1995-1999       49      0.00278  0.00278  0.50   95952     266   95818  3002430  31.29
1995-1999       50      0.00298  0.00297  0.50   95685     285   95543  2906612  30.38
1995-1999       51      0.00327  0.00327  0.50   95400     312   95245  2811069  29.47
1995-1999       52      0.00374  0.00373  0.50   95089     355   94911  2715825  28.56
1995-1999       53      0.00411  0.00410  0.50   94734     388   94540  2620913  27.67
1995-1999       54      0.00458  0.00457  0.50   94346     431   94130  2526374  26.78
1995-1999       55      0.00500  0.00499  0.50   93914     469   93680  2432244  25.90
1995-1999       56      0.00572  0.00570  0.50   93446     533   93179  2338564  25.03
1995-1999       57      0.00605  0.00603  0.50   92913     560   92633  2245385  24.17
1995-1999       58      0.00682  0.00680  0.50   92352     628   92038  2152752  23.31
1995-1999       59      0.00731  0.00728  0.50   91724     668   91390  2060714  22.47
1995-1999       60      0.00820  0.00816  0.50   91056     743   90685  1969323  21.63
1995-1999       61      0.00947  0.00942  0.50   90313     851   89888  1878639  20.80
1995-1999       62      0.01053  0.01047  0.50   89462     937   88994  1788751  19.99
1995-1999       63      0.01194  0.01187  0.50   88525    1051   88000  1699757  19.20
1995-1999       64      0.01311  0.01303  0.50   87474    1140   86905  1611757  18.43
1995-1999       65      0.01447  0.01437  0.50   86335    1240   85715  1524853  17.66
1995-1999       66      0.01602  0.01589  0.50   85095    1352   84419  1439138  16.91
1995-1999       67      0.01739  0.01724  0.50   83743    1444   83021  1354719  16.18
1995-1999       68      0.01955  0.01936  0.50   82299    1594   81502  1271699  15.45
1995-1999       69      0.02184  0.02160  0.50   80705    1743   79834  1190197  14.75
1995-1999       70      0.02321  0.02295  0.50   78962    1812   78056  1110363  14.06
1995-1999       71      0.02584  0.02551  0.50   77150    1968   76166  1032307  13.38
1995-1999       72      0.02858  0.02817  0.50   75182    2118   74123   956141  12.72
1995-1999       73      0.03057  0.03011  0.50   73064    2200   71964   882018  12.07
1995-1999       74      0.03446  0.03387  0.50   70864    2401   69664   810054  11.43
1995-1999       75      0.03879  0.03806  0.50   68464    2605   67161   740390  10.81
1995-1999       76      0.04334  0.04242  0.50   65858    2794   64462   673229  10.22
1995-1999       77      0.04897  0.04780  0.50   63065    3015   61557   608767   9.65
1995-1999       78      0.05397  0.05256  0.50   60050    3156   58472   547210   9.11
1995-1999       79      0.05999  0.05824  0.50   56894    3314   55237   488738   8.59
1995-1999       80      0.06442  0.06241  0.50   53581    3344   51909   433500   8.09
1995-1999       81      0.07187  0.06937  0.50   50237    3485   48494   381592   7.60
1995-1999       82      0.08049  0.07737  0.50   46751    3617   44943   333098   7.12
1995-1999       83      0.09227  0.08820  0.50   43134    3804   41232   288155   6.68
1995-1999       84      0.09875  0.09410  0.50   39330    3701   37479   246923   6.28
1995-1999       85      0.10969  0.10398  0.50   35629    3705   33776   209444   5.88
1995-1999       86      0.12438  0.11710  0.50   31924    3738   30055   175667   5.50
1995-1999       87      0.13815  0.12922  0.50   28186    3642   26365   145612   5.17
1995-1999       88      0.15234  0.14156  0.50   24544    3474   22806   119248   4.86
1995-1999       89      0.16391  0.15150  0.50   21069    3192   19473    96441   4.58
1995-1999       90      0.17836  0.16376  0.50   17877    2928   16414    76968   4.31
1995-1999       91      0.18939  0.17301  0.50   14950    2586   13657    60554   4.05
1995-1999       92      0.20465  0.18565  0.50   12363    2295   11216    46898   3.79
1995-1999       93      0.21806  0.19662  0.50   10068    1980    9078    35682   3.54
1995-1999       94      0.23757  0.21235  0.50    8088    1718    7230    26604   3.29
1995-1999       95      0.27610  0.24261  0.50    6371    1546    5598    19374   3.04
1995-1999       96      0.29926  0.26031  0.50    4825    1256    4197    13776   2.86
1995-1999       97      0.32349  0.27845  0.50    3569     994    3072     9579   2.68
1995-1999       98      0.34870  0.29693  0.50    2575     765    2193     6507   2.53
1995-1999       99      0.37478  0.31564  0.50    1811     572    1525     4314   2.38
1995-1999      100      0.40161  0.33445  0.50    1239     414    1032     2789   2.25
1995-1999      101      0.42902  0.35324  0.50     825     291     679     1757   2.13
1995-1999      102      0.45685  0.37190  0.50     533     198     434     1078   2.02
1995-1999      103      0.48493  0.39030  0.50     335     131     270      644   1.92
1995-1999      104      0.51308  0.40833  0.50     204      83     163      374   1.83
1995-1999      105      0.54112  0.42589  0.50     121      51      95      211   1.75
1995-1999      106      0.56886  0.44289  0.50      69      31      54      116   1.68
1995-1999      107      0.59614  0.45925  0.50      39      18      30       62   1.61
1995-1999      108      0.62280  0.47491  0.50      21      10      16       33   1.56
1995-1999      109      0.64869  0.48982  0.50      11       5       8       17   1.51
1995-1999      110+     0.67368  1.00000  1.48       6       6       8        8   1.48
2000-2004        0      0.00516  0.00514  0.14  100000     514   99557  7943364  79.43
2000-2004        1      0.00054  0.00054  0.50   99486      53   99459  7843807  78.84
2000-2004        2      0.00031  0.00031  0.50   99432      31   99417  7744347  77.89
2000-2004        3      0.00020  0.00020  0.50   99401      20   99391  7644931  76.91
2000-2004        4      0.00018  0.00018  0.50   99381      17   99373  7545539  75.93
2000-2004        5      0.00016  0.00016  0.50   99364      16   99356  7446166  74.94
2000-2004        6      0.00015  0.00015  0.50   99348      15   99341  7346810  73.95
2000-2004        7      0.00017  0.00017  0.50   99333      17   99325  7247470  72.96
2000-2004        8      0.00014  0.00014  0.50   99317      14   99310  7148145  71.97
2000-2004        9      0.00011  0.00011  0.50   99303      11   99297  7048835  70.98
2000-2004       10      0.00018  0.00018  0.50   99292      18   99283  6949538  69.99
2000-2004       11      0.00014  0.00014  0.50   99274      14   99268  6850254  69.00
2000-2004       12      0.00014  0.00014  0.50   99261      14   99254  6750987  68.01
2000-2004       13      0.00014  0.00014  0.50   99247      14   99240  6651733  67.02
2000-2004       14      0.00017  0.00017  0.50   99233      17   99225  6552492  66.03
2000-2004       15      0.00024  0.00024  0.50   99216      23   99205  6453268  65.04
2000-2004       16      0.00030  0.00030  0.50   99193      30   99178  6354063  64.06
2000-2004       17      0.00040  0.00040  0.50   99163      39   99144  6254885  63.08
2000-2004       18      0.00050  0.00050  0.50   99124      49   99099  6155741  62.10
2000-2004       19      0.00074  0.00074  0.50   99075      73   99038  6056642  61.13
2000-2004       20      0.00071  0.00071  0.50   99002      71   98967  5957604  60.18
2000-2004       21      0.00069  0.00069  0.50   98931      68   98897  5858637  59.22
2000-2004       22      0.00064  0.00064  0.50   98863      63   98831  5759740  58.26
2000-2004       23      0.00056  0.00056  0.50   98800      56   98772  5660909  57.30
2000-2004       24      0.00059  0.00059  0.50   98744      58   98715  5562137  56.33
2000-2004       25      0.00052  0.00052  0.50   98686      52   98660  5463422  55.36
2000-2004       26      0.00056  0.00056  0.50   98634      56   98606  5364762  54.39
2000-2004       27      0.00052  0.00052  0.50   98578      52   98553  5266156  53.42
2000-2004       28      0.00060  0.00060  0.50   98527      59   98497  5167604  52.45
2000-2004       29      0.00065  0.00065  0.50   98468      64   98436  5069106  51.48
2000-2004       30      0.00056  0.00056  0.50   98404      55   98377  4970670  50.51
2000-2004       31      0.00059  0.00059  0.50   98349      58   98320  4872294  49.54
2000-2004       32      0.00065  0.00065  0.50   98291      64   98259  4773973  48.57
2000-2004       33      0.00074  0.00074  0.50   98227      73   98191  4675714  47.60
2000-2004       34      0.00073  0.00073  0.50   98154      71   98119  4577523  46.64
2000-2004       35      0.00082  0.00082  0.50   98083      80   98043  4479404  45.67
2000-2004       36      0.00083  0.00083  0.50   98003      81   97962  4381362  44.71
2000-2004       37      0.00091  0.00091  0.50   97922      89   97877  4283399  43.74
2000-2004       38      0.00105  0.00105  0.50   97833     103   97781  4185522  42.78
2000-2004       39      0.00113  0.00113  0.50   97730     111   97674  4087741  41.83
2000-2004       40      0.00114  0.00114  0.50   97619     111   97563  3990067  40.87
2000-2004       41      0.00125  0.00125  0.50   97508     122   97447  3892503  39.92
2000-2004       42      0.00140  0.00140  0.50   97386     136   97317  3795057  38.97
2000-2004       43      0.00150  0.00150  0.50   97249     146   97176  3697739  38.02
2000-2004       44      0.00164  0.00164  0.50   97104     159   97024  3600563  37.08
2000-2004       45      0.00178  0.00178  0.50   96945     172   96859  3503539  36.14
2000-2004       46      0.00198  0.00198  0.50   96772     192   96677  3406680  35.20
2000-2004       47      0.00203  0.00202  0.50   96581     195   96483  3310003  34.27
2000-2004       48      0.00230  0.00229  0.50   96385     221   96275  3213520  33.34
2000-2004       49      0.00233  0.00233  0.50   96164     224   96052  3117245  32.42
2000-2004       50      0.00267  0.00266  0.50   95940     255   95813  3021193  31.49
2000-2004       51      0.00299  0.00299  0.50   95685     286   95542  2925381  30.57
2000-2004       52      0.00311  0.00311  0.50   95399     296   95251  2829839  29.66
2000-2004       53      0.00366  0.00365  0.50   95102     348   94929  2734588  28.75
2000-2004       54      0.00402  0.00401  0.50   94755     380   94565  2639659  27.86
2000-2004       55      0.00421  0.00420  0.50   94375     396   94177  2545094  26.97
2000-2004       56      0.00489  0.00488  0.50   93979     458   93750  2450918  26.08
2000-2004       57      0.00543  0.00542  0.50   93520     506   93267  2357168  25.20
2000-2004       58      0.00575  0.00574  0.50   93014     534   92747  2263901  24.34
2000-2004       59      0.00679  0.00677  0.50   92480     626   92167  2171154  23.48
2000-2004       60      0.00734  0.00732  0.50   91855     672   91519  2078986  22.63
2000-2004       61      0.00774  0.00771  0.50   91183     703   90831  1987468  21.80
2000-2004       62      0.00849  0.00846  0.50   90479     765   90097  1896637  20.96
2000-2004       63      0.00958  0.00953  0.50   89714     855   89287  1806540  20.14
2000-2004       64      0.01069  0.01063  0.50   88859     944   88387  1717253  19.33
2000-2004       65      0.01201  0.01194  0.50   87915    1050   87390  1628866  18.53
2000-2004       66      0.01312  0.01303  0.50   86865    1132   86299  1541476  17.75
2000-2004       67      0.01461  0.01451  0.50   85733    1244   85111  1455177  16.97
2000-2004       68      0.01675  0.01661  0.50   84489    1403   83788  1370066  16.22
2000-2004       69      0.01867  0.01850  0.50   83086    1537   82317  1286278  15.48
2000-2004       70      0.02089  0.02067  0.50   81549    1686   80706  1203961  14.76
2000-2004       71      0.02215  0.02191  0.50   79863    1750   78988  1123255  14.06
2000-2004       72      0.02534  0.02502  0.50   78113    1954   77136  1044266  13.37
2000-2004       73      0.02811  0.02772  0.50   76159    2111   75103   967131  12.70
2000-2004       74      0.03092  0.03045  0.50   74048    2255   72920   892027  12.05
2000-2004       75      0.03367  0.03311  0.50   71793    2377   70604   819107  11.41
2000-2004       76      0.03850  0.03778  0.50   69416    2622   68104   748503  10.78
2000-2004       77      0.04210  0.04123  0.50   66793    2754   65416   680399  10.19
2000-2004       78      0.04590  0.04487  0.50   64039    2873   62602   614982   9.60
2000-2004       79      0.05245  0.05111  0.50   61166    3126   59603   552380   9.03
2000-2004       80      0.05599  0.05447  0.50   58040    3161   56459   492777   8.49
2000-2004       81      0.06488  0.06284  0.50   54879    3449   53154   436318   7.95
2000-2004       82      0.07212  0.06961  0.50   51430    3580   49640   383164   7.45
2000-2004       83      0.07841  0.07546  0.50   47850    3611   46045   333524   6.97
2000-2004       84      0.08960  0.08575  0.50   44239    3794   42343   287479   6.50
2000-2004       85      0.09768  0.09313  0.50   40446    3767   38562   245136   6.06
2000-2004       86      0.11019  0.10444  0.50   36679    3831   34763   206574   5.63
2000-2004       87      0.12600  0.11853  0.50   32848    3894   30901   171811   5.23
2000-2004       88      0.14156  0.13220  0.50   28954    3828   27041   140910   4.87
2000-2004       89      0.16188  0.14976  0.50   25127    3763   23245   113869   4.53
2000-2004       90      0.17510  0.16101  0.50   21364    3440   19644    90624   4.24
2000-2004       91      0.19657  0.17898  0.50   17924    3208   16320    70980   3.96
2000-2004       92      0.21706  0.19580  0.50   14716    2881   13275    54660   3.71
2000-2004       93      0.23064  0.20680  0.50   11835    2447   10611    41385   3.50
2000-2004       94      0.24813  0.22074  0.50    9387    2072    8351    30774   3.28
2000-2004       95      0.27022  0.23806  0.50    7315    1741    6444    22423   3.07
2000-2004       96      0.29468  0.25684  0.50    5574    1432    4858    15979   2.87
2000-2004       97      0.32039  0.27615  0.50    4142    1144    3570    11121   2.68
2000-2004       98      0.34725  0.29588  0.50    2998     887    2555     7550   2.52
2000-2004       99      0.37512  0.31587  0.50    2111     667    1778     4996   2.37
2000-2004      100      0.40384  0.33600  0.50    1444     485    1202     3218   2.23
2000-2004      101      0.43324  0.35610  0.50     959     342     788     2016   2.10
2000-2004      102      0.46311  0.37603  0.50     618     232     501     1228   1.99
2000-2004      103      0.49323  0.39566  0.50     385     152     309      727   1.89
2000-2004      104      0.52338  0.41483  0.50     233      97     185      418   1.79
2000-2004      105      0.55335  0.43343  0.50     136      59     107      233   1.71
2000-2004      106      0.58291  0.45136  0.50      77      35      60      126   1.64
2000-2004      107      0.61185  0.46852  0.50      42      20      32       67   1.57
2000-2004      108      0.63999  0.48485  0.50      23      11      17       34   1.52
2000-2004      109      0.66717  0.50028  0.50      12       6       9       17   1.47
2000-2004      110+     0.69324  1.00000  1.44       6       6       8        8   1.44
2005-2009        0      0.00405  0.00403  0.14  100000     403   99654  8080280  80.80
2005-2009        1      0.00043  0.00043  0.50   99597      42   99575  7980626  80.13
2005-2009        2      0.00027  0.00027  0.50   99554      27   99541  7881051  79.16
2005-2009        3      0.00020  0.00020  0.50   99528      20   99518  7781510  78.18
2005-2009        4      0.00017  0.00017  0.50   99508      16   99500  7681992  77.20
2005-2009        5      0.00016  0.00016  0.50   99491      16   99484  7582493  76.21
2005-2009        6      0.00012  0.00012  0.50   99476      12   99470  7483009  75.22
2005-2009        7      0.00012  0.00012  0.50   99464      12   99458  7383539  74.23
2005-2009        8      0.00012  0.00012  0.50   99452      12   99446  7284081  73.24
2005-2009        9      0.00011  0.00011  0.50   99440      11   99434  7184636  72.25
2005-2009       10      0.00012  0.00012  0.50   99429      12   99423  7085202  71.26
2005-2009       11      0.00010  0.00010  0.50   99417      10   99412  6985779  70.27
2005-2009       12      0.00013  0.00013  0.50   99407      13   99400  6886367  69.27
2005-2009       13      0.00012  0.00012  0.50   99394      12   99388  6786967  68.28
2005-2009       14      0.00017  0.00017  0.50   99382      17   99373  6687579  67.29
2005-2009       15      0.00022  0.00022  0.50   99364      22   99353  6588206  66.30
2005-2009       16      0.00022  0.00022  0.50   99342      22   99331  6488853  65.32
2005-2009       17      0.00027  0.00027  0.50   99320      27   99307  6389521  64.33
2005-2009       18      0.00038  0.00038  0.50   99293      38   99275  6290214  63.35
2005-2009       19      0.00043  0.00043  0.50   99256      42   99234  6190940  62.37
2005-2009       20      0.00051  0.00051  0.50   99213      50   99188  6091705  61.40
2005-2009       21      0.00046  0.00046  0.50   99163      45   99140  5992517  60.43
2005-2009       22      0.00053  0.00053  0.50   99118      53   99091  5893377  59.46
2005-2009       23      0.00047  0.00047  0.50   99065      47   99042  5794286  58.49
2005-2009       24      0.00047  0.00047  0.50   99019      46   98995  5695244  57.52
2005-2009       25      0.00046  0.00046  0.50   98972      45   98950  5596248  56.54
2005-2009       26      0.00043  0.00043  0.50   98927      43   98906  5497298  55.57
2005-2009       27      0.00041  0.00041  0.50   98885      41   98864  5398392  54.59
2005-2009       28      0.00041  0.00041  0.50   98844      40   98824  5299528  53.62
2005-2009       29      0.00048  0.00048  0.50   98804      48   98780  5200704  52.64
2005-2009       30      0.00052  0.00052  0.50   98756      51   98731  5101924  51.66
2005-2009       31      0.00046  0.00046  0.50   98705      46   98682  5003194  50.69
2005-2009       32      0.00053  0.00053  0.50   98659      52   98633  4904511  49.71
2005-2009       33      0.00055  0.00055  0.50   98607      55   98580  4805878  48.74
2005-2009       34      0.00066  0.00066  0.50   98553      65   98520  4707298  47.76
2005-2009       35      0.00064  0.00064  0.50   98487      63   98456  4608778  46.80
2005-2009       36      0.00074  0.00074  0.50   98424      73   98388  4510323  45.83
2005-2009       37      0.00074  0.00074  0.50   98351      72   98315  4411935  44.86
2005-2009       38      0.00075  0.00075  0.50   98279      74   98242  4313620  43.89
2005-2009       39      0.00088  0.00088  0.50   98205      87   98162  4215378  42.92
2005-2009       40      0.00096  0.00096  0.50   98118      94   98071  4117217  41.96
2005-2009       41      0.00116  0.00116  0.50   98024     114   97967  4019145  41.00
2005-2009       42      0.00119  0.00119  0.50   97910     116   97852  3921178  40.05
2005-2009       43      0.00127  0.00127  0.50   97794     124   97732  3823325  39.10
2005-2009       44      0.00142  0.00142  0.50   97670     138   97601  3725593  38.14
2005-2009       45      0.00157  0.00157  0.50   97532     153   97455  3627992  37.20
2005-2009       46      0.00178  0.00178  0.50   97379     173   97292  3530537  36.26
2005-2009       47      0.00197  0.00197  0.50   97206     192   97110  3433245  35.32
2005-2009       48      0.00213  0.00212  0.50   97014     206   96911  3336135  34.39
2005-2009       49      0.00229  0.00229  0.50   96808     222   96697  3239224  33.46
2005-2009       50      0.00243  0.00243  0.50   96586     235   96469  3142527  32.54
2005-2009       51      0.00280  0.00280  0.50   96351     270   96217  3046058  31.61
2005-2009       52      0.00308  0.00308  0.50   96082     295   95934  2949841  30.70
2005-2009       53      0.00332  0.00332  0.50   95786     318   95627  2853907  29.79
2005-2009       54      0.00362  0.00361  0.50   95469     345   95296  2758280  28.89
2005-2009       55      0.00416  0.00415  0.50   95124     395   94926  2662984  27.99
2005-2009       56      0.00440  0.00439  0.50   94728     416   94521  2568058  27.11
2005-2009       57      0.00464  0.00463  0.50   94313     437   94094  2473537  26.23
2005-2009       58      0.00518  0.00516  0.50   93876     485   93633  2379443  25.35
2005-2009       59      0.00571  0.00569  0.50   93391     531   93125  2285810  24.48
2005-2009       60      0.00619  0.00617  0.50   92859     573   92573  2192685  23.61
2005-2009       61      0.00699  0.00697  0.50   92286     643   91965  2100112  22.76
2005-2009       62      0.00732  0.00730  0.50   91643     669   91309  2008147  21.91
2005-2009       63      0.00843  0.00839  0.50   90974     764   90593  1916839  21.07
2005-2009       64      0.00917  0.00913  0.50   90211     823   89799  1826246  20.24
2005-2009       65      0.01008  0.01003  0.50   89388     896   88939  1736447  19.43
2005-2009       66      0.01114  0.01108  0.50   88491     981   88001  1647508  18.62
2005-2009       67      0.01267  0.01259  0.50   87510    1101   86960  1559507  17.82
2005-2009       68      0.01389  0.01380  0.50   86409    1192   85813  1472547  17.04
2005-2009       69      0.01508  0.01497  0.50   85217    1276   84579  1386734  16.27
2005-2009       70      0.01685  0.01671  0.50   83941    1402   83240  1302155  15.51
2005-2009       71      0.01895  0.01877  0.50   82539    1549   81764  1218915  14.77
2005-2009       72      0.02092  0.02070  0.50   80990    1677   80151  1137150  14.04
2005-2009       73      0.02406  0.02377  0.50   79313    1886   78370  1056999  13.33
2005-2009       74      0.02721  0.02684  0.50   77428    2078   76388   978629  12.64
2005-2009       75      0.03048  0.03002  0.50   75349    2262   74218   902240  11.97
2005-2009       76      0.03257  0.03205  0.50   73087    2343   71916   828022  11.33
2005-2009       77      0.03759  0.03689  0.50   70745    2610   69440   756106  10.69
2005-2009       78      0.04183  0.04097  0.50   68135    2792   66739   686666  10.08
2005-2009       79      0.04703  0.04595  0.50   65343    3002   63842   619927   9.49
2005-2009       80      0.05116  0.04989  0.50   62341    3110   60786   556085   8.92
2005-2009       81      0.05865  0.05698  0.50   59231    3375   57543   495300   8.36
2005-2009       82      0.06349  0.06154  0.50   55856    3437   54137   437757   7.84
2005-2009       83      0.07156  0.06909  0.50   52418    3622   50607   383620   7.32
2005-2009       84      0.07959  0.07654  0.50   48796    3735   46929   333012   6.82
2005-2009       85      0.09154  0.08753  0.50   45061    3944   43089   286083   6.35
2005-2009       86      0.10019  0.09541  0.50   41117    3923   39156   242994   5.91
2005-2009       87      0.11583  0.10949  0.50   37194    4072   35158   203839   5.48
2005-2009       88      0.12457  0.11727  0.50   33122    3884   31180   168681   5.09
2005-2009       89      0.14047  0.13125  0.50   29237    3838   27319   137501   4.70
2005-2009       90      0.15512  0.14396  0.50   25400    3657   23572   110182   4.34
2005-2009       91      0.18162  0.16650  0.50   21743    3620   19933    86611   3.98
2005-2009       92      0.20690  0.18750  0.50   18123    3398   16424    66678   3.68
2005-2009       93      0.22876  0.20528  0.50   14725    3023   13214    50254   3.41
2005-2009       94      0.26402  0.23323  0.50   11702    2729   10337    37040   3.17
2005-2009       95      0.27571  0.24230  0.50    8973    2174    7886    26703   2.98
2005-2009       96      0.30323  0.26331  0.50    6799    1790    5904    18817   2.77
2005-2009       97      0.33227  0.28493  0.50    5009    1427    4295    12913   2.58
2005-2009       98      0.36268  0.30701  0.50    3581    1100    3032     8618   2.41
2005-2009       99      0.39427  0.32935  0.50    2482     817    2073     5586   2.25
2005-2009      100      0.42681  0.35174  0.50    1665     585    1372     3513   2.11
2005-2009      101      0.46002  0.37400  0.50    1079     404     877     2142   1.98
2005-2009      102      0.49362  0.39591  0.50     675     267     542     1264   1.87
2005-2009      103      0.52732  0.41729  0.50     408     170     323      723   1.77
2005-2009      104      0.56079  0.43798  0.50     238     104     186      400   1.68
2005-2009      105      0.59375  0.45783  0.50     134      61     103      214   1.60
2005-2009      106      0.62591  0.47672  0.50      72      35      55      111   1.53
2005-2009      107      0.65703  0.49456  0.50      38      19      29       56   1.47
2005-2009      108      0.68687  0.51128  0.50      19      10      14       27   1.42
2005-2009      109      0.71528  0.52685  0.50       9       5       7       13   1.37
2005-2009      110+     0.74209  1.00000  1.35       4       4       6        6   1.35
2010-2014        0      0.00344  0.00343  0.14  100000     343   99706  8191606  81.92
2010-2014        1      0.00033  0.00033  0.50   99657      32   99641  8091900  81.20
2010-2014        2      0.00021  0.00021  0.50   99625      21   99615  7992258  80.22
2010-2014        3      0.00015  0.00015  0.50   99604      15   99597  7892644  79.24
2010-2014        4      0.00014  0.00014  0.50   99589      14   99583  7793047  78.25
2010-2014        5      0.00013  0.00013  0.50   99576      13   99569  7693464  77.26
2010-2014        6      0.00010  0.00010  0.50   99563      10   99558  7593895  76.27
2010-2014        7      0.00007  0.00007  0.50   99553       7   99549  7494337  75.28
2010-2014        8      0.00011  0.00011  0.50   99545      11   99540  7394788  74.29
2010-2014        9      0.00009  0.00009  0.50   99534       9   99530  7295248  73.29
2010-2014       10      0.00008  0.00008  0.50   99525       8   99521  7195718  72.30
2010-2014       11      0.00009  0.00009  0.50   99517       9   99513  7096197  71.31
2010-2014       12      0.00010  0.00010  0.50   99508      10   99504  6996684  70.31
2010-2014       13      0.00013  0.00013  0.50   99499      13   99492  6897181  69.32
2010-2014       14      0.00015  0.00015  0.50   99486      15   99479  6797688  68.33
2010-2014       15      0.00018  0.00018  0.50   99471      18   99462  6698210  67.34
2010-2014       16      0.00021  0.00021  0.50   99453      21   99443  6598748  66.35
2010-2014       17      0.00022  0.00022  0.50   99432      22   99421  6499305  65.36
2010-2014       18      0.00031  0.00031  0.50   99410      30   99395  6399884  64.38
2010-2014       19      0.00032  0.00032  0.50   99380      32   99364  6300489  63.40
2010-2014       20      0.00042  0.00042  0.50   99348      42   99327  6201125  62.42
2010-2014       21      0.00034  0.00034  0.50   99306      34   99290  6101798  61.44
2010-2014       22      0.00036  0.00036  0.50   99273      36   99255  6002508  60.46
2010-2014       23      0.00035  0.00035  0.50   99237      35   99219  5903253  59.49
2010-2014       24      0.00036  0.00036  0.50   99202      35   99184  5804034  58.51
2010-2014       25      0.00036  0.00036  0.50   99167      36   99149  5704850  57.53
2010-2014       26      0.00040  0.00040  0.50   99131      39   99111  5605701  56.55
2010-2014       27      0.00041  0.00040  0.50   99092      40   99072  5506590  55.57
2010-2014       28      0.00042  0.00042  0.50   99051      41   99031  5407518  54.59
2010-2014       29      0.00039  0.00039  0.50   99010      39   98991  5308487  53.62
2010-2014       30      0.00043  0.00043  0.50   98971      43   98950  5209497  52.64
2010-2014       31      0.00046  0.00046  0.50   98928      46   98906  5110547  51.66
2010-2014       32      0.00045  0.00045  0.50   98883      45   98861  5011641  50.68
2010-2014       33      0.00050  0.00050  0.50   98838      50   98813  4912781  49.71
2010-2014       34      0.00053  0.00053  0.50   98788      53   98762  4813967  48.73
2010-2014       35      0.00061  0.00061  0.50   98736      60   98706  4715205  47.76
2010-2014       36      0.00053  0.00053  0.50   98676      53   98649  4616499  46.78
2010-2014       37      0.00062  0.00062  0.50   98623      61   98593  4517850  45.81
2010-2014       38      0.00075  0.00075  0.50   98562      74   98525  4419258  44.84
2010-2014       39      0.00075  0.00075  0.50   98488      74   98452  4320732  43.87
2010-2014       40      0.00082  0.00082  0.50   98415      81   98374  4222281  42.90
2010-2014       41      0.00091  0.00091  0.50   98334      89   98289  4123906  41.94
2010-2014       42      0.00103  0.00103  0.50   98245     101   98194  4025617  40.98
2010-2014       43      0.00105  0.00105  0.50   98144     103   98092  3927423  40.02
2010-2014       44      0.00116  0.00116  0.50   98041     114   97984  3829330  39.06
2010-2014       45      0.00130  0.00130  0.50   97927     128   97863  3731346  38.10
2010-2014       46      0.00152  0.00151  0.50   97799     148   97725  3633483  37.15
2010-2014       47      0.00164  0.00164  0.50   97651     160   97571  3535758  36.21
2010-2014       48      0.00186  0.00186  0.50   97492     182   97401  3438186  35.27
2010-2014       49      0.00189  0.00188  0.50   97310     183   97218  3340786  34.33
2010-2014       50      0.00216  0.00216  0.50   97127     210   97022  3243567  33.40
2010-2014       51      0.00261  0.00261  0.50   96917     253   96790  3146546  32.47
2010-2014       52      0.00285  0.00285  0.50   96664     275   96526  3049755  31.55
2010-2014       53      0.00311  0.00311  0.50   96389     300   96239  2953229  30.64
2010-2014       54      0.00341  0.00340  0.50   96089     327   95926  2856990  29.73
2010-2014       55      0.00367  0.00367  0.50   95762     351   95587  2761065  28.83
2010-2014       56      0.00400  0.00399  0.50   95411     381   95221  2665478  27.94
2010-2014       57      0.00431  0.00430  0.50   95030     409   94826  2570257  27.05
2010-2014       58      0.00488  0.00487  0.50   94622     461   94391  2475431  26.16
2010-2014       59      0.00517  0.00516  0.50   94161     486   93918  2381040  25.29
2010-2014       60      0.00597  0.00595  0.50   93675     557   93396  2287123  24.42
2010-2014       61      0.00635  0.00633  0.50   93117     590   92823  2193726  23.56
2010-2014       62      0.00694  0.00692  0.50   92528     640   92208  2100904  22.71
2010-2014       63      0.00745  0.00742  0.50   91888     682   91547  2008696  21.86
2010-2014       64      0.00817  0.00814  0.50   91206     742   90834  1917149  21.02
2010-2014       65      0.00912  0.00907  0.50   90463     821   90053  1826315  20.19
2010-2014       66      0.01022  0.01016  0.50   89642     911   89187  1736262  19.37
2010-2014       67      0.01095  0.01089  0.50   88731     967   88248  1647075  18.56
2010-2014       68      0.01195  0.01188  0.50   87765    1043   87243  1558827  17.76
2010-2014       69      0.01340  0.01331  0.50   86722    1155   86145  1471584  16.97
2010-2014       70      0.01500  0.01488  0.50   85567    1274   84931  1385439  16.19
2010-2014       71      0.01646  0.01633  0.50   84294    1376   83606  1300508  15.43
2010-2014       72      0.01870  0.01852  0.50   82918    1536   82150  1216903  14.68
2010-2014       73      0.02102  0.02080  0.50   81382    1693   80535  1134753  13.94
2010-2014       74      0.02304  0.02278  0.50   79689    1815   78781  1054218  13.23
2010-2014       75      0.02522  0.02490  0.50   77874    1939   76904   975437  12.53
2010-2014       76      0.02849  0.02809  0.50   75934    2133   74868   898533  11.83
2010-2014       77      0.03287  0.03234  0.50   73801    2386   72608   823665  11.16
2010-2014       78      0.03722  0.03654  0.50   71415    2610   70110   751057  10.52
2010-2014       79      0.04084  0.04002  0.50   68805    2754   67428   680948   9.90
2010-2014       80      0.04854  0.04739  0.50   66051    3130   64486   613520   9.29
2010-2014       81      0.05381  0.05240  0.50   62921    3297   61272   549034   8.73
2010-2014       82      0.06039  0.05862  0.50   59624    3495   57876   487762   8.18
2010-2014       83      0.06836  0.06610  0.50   56129    3710   54274   429886   7.66
2010-2014       84      0.07532  0.07259  0.50   52419    3805   50516   375612   7.17
2010-2014       85      0.08428  0.08087  0.50   48614    3931   46648   325096   6.69
2010-2014       86      0.09436  0.09011  0.50   44682    4026   42669   278448   6.23
2010-2014       87      0.10606  0.10072  0.50   40656    4095   38608   235779   5.80
2010-2014       88      0.11936  0.11264  0.50   36561    4118   34502   197171   5.39
2010-2014       89      0.13014  0.12219  0.50   32443    3964   30461   162669   5.01
2010-2014       90      0.14823  0.13800  0.50   28479    3930   26514   132208   4.64
2010-2014       91      0.16319  0.15088  0.50   24549    3704   22697   105695   4.31
2010-2014       92      0.18387  0.16839  0.50   20845    3510   19090    82998   3.98
2010-2014       93      0.20373  0.18489  0.50   17335    3205   15732    63908   3.69
2010-2014       94      0.21552  0.19456  0.50   14130    2749   12755    48176   3.41
2010-2014       95      0.26024  0.23028  0.50   11381    2621   10070    35421   3.11
2010-2014       96      0.28673  0.25078  0.50    8760    2197    7661    25351   2.89
2010-2014       97      0.31472  0.27193  0.50    6563    1785    5671    17690   2.70
2010-2014       98      0.34402  0.29353  0.50    4778    1403    4077    12019   2.52
2010-2014       99      0.37445  0.31540  0.50    3376    1065    2843     7942   2.35
2010-2014      100      0.40577  0.33733  0.50    2311     780    1921     5098   2.21
2010-2014      101      0.43769  0.35910  0.50    1531     550    1256     3177   2.07
2010-2014      102      0.46994  0.38053  0.50     982     373     795     1921   1.96
2010-2014      103      0.50221  0.40141  0.50     608     244     486     1126   1.85
2010-2014      104      0.53421  0.42160  0.50     364     153     287      640   1.76
2010-2014      105      0.56565  0.44094  0.50     211      93     164      353   1.68
2010-2014      106      0.59628  0.45933  0.50     118      54      91      189   1.60
2010-2014      107      0.62587  0.47670  0.50      64      30      48       98   1.54
2010-2014      108      0.65425  0.49298  0.50      33      16      25       49   1.48
2010-2014      109      0.68126  0.50816  0.50      17       9      13       24   1.44
2010-2014      110+     0.70680  1.00000  1.41       8       8      12       12   1.41
2015-2016        0      0.00316  0.00315  0.14  100000     315   99730  8232944  82.33
2015-2016        1      0.00032  0.00032  0.50   99685      32   99669  8133214  81.59
2015-2016        2      0.00017  0.00017  0.50   99653      17   99645  8033545  80.62
2015-2016        3      0.00011  0.00011  0.50   99636      11   99631  7933900  79.63
2015-2016        4      0.00008  0.00008  0.50   99625       8   99621  7834270  78.64
2015-2016        5      0.00012  0.00012  0.50   99617      12   99611  7734649  77.64
2015-2016        6      0.00009  0.00009  0.50   99604       9   99600  7635038  76.65
2015-2016        7      0.00008  0.00008  0.50   99596       8   99591  7535438  75.66
2015-2016        8      0.00012  0.00012  0.50   99587      12   99581  7435847  74.67
2015-2016        9      0.00009  0.00009  0.50   99575       9   99571  7336266  73.68
2015-2016       10      0.00009  0.00009  0.50   99566       9   99562  7236695  72.68
2015-2016       11      0.00010  0.00010  0.50   99557      10   99552  7137133  71.69
2015-2016       12      0.00011  0.00011  0.50   99547      11   99542  7037582  70.70
2015-2016       13      0.00013  0.00013  0.50   99537      13   99530  6938040  69.70
2015-2016       14      0.00016  0.00016  0.50   99524      16   99516  6838510  68.71
2015-2016       15      0.00020  0.00020  0.50   99508      19   99498  6738994  67.72
2015-2016       16      0.00018  0.00018  0.50   99488      18   99479  6639496  66.74
2015-2016       17      0.00021  0.00021  0.50   99470      21   99460  6540017  65.75
2015-2016       18      0.00035  0.00035  0.50   99449      35   99432  6440557  64.76
2015-2016       19      0.00031  0.00031  0.50   99414      31   99399  6341126  63.78
2015-2016       20      0.00033  0.00033  0.50   99384      33   99367  6241727  62.80
2015-2016       21      0.00035  0.00035  0.50   99350      35   99333  6142360  61.83
2015-2016       22      0.00028  0.00028  0.50   99315      28   99301  6043027  60.85
2015-2016       23      0.00037  0.00037  0.50   99287      37   99269  5943726  59.86
2015-2016       24      0.00033  0.00033  0.50   99250      33   99234  5844457  58.89
2015-2016       25      0.00034  0.00034  0.50   99217      34   99200  5745223  57.91
2015-2016       26      0.00039  0.00039  0.50   99183      38   99164  5646023  56.93
2015-2016       27      0.00034  0.00034  0.50   99145      34   99128  5546859  55.95
2015-2016       28      0.00039  0.00039  0.50   99111      38   99092  5447730  54.97
2015-2016       29      0.00038  0.00038  0.50   99073      38   99054  5348638  53.99
2015-2016       30      0.00039  0.00039  0.50   99035      38   99016  5249584  53.01
2015-2016       31      0.00038  0.00038  0.50   98997      37   98978  5150569  52.03
2015-2016       32      0.00048  0.00048  0.50   98959      47   98936  5051591  51.05
2015-2016       33      0.00045  0.00045  0.50   98912      45   98890  4952655  50.07
2015-2016       34      0.00056  0.00056  0.50   98867      56   98840  4853765  49.09
2015-2016       35      0.00051  0.00051  0.50   98812      50   98787  4754926  48.12
2015-2016       36      0.00054  0.00054  0.50   98762      54   98735  4656139  47.15
2015-2016       37      0.00063  0.00063  0.50   98708      62   98677  4557404  46.17
2015-2016       38      0.00055  0.00055  0.50   98646      55   98619  4458726  45.20
2015-2016       39      0.00073  0.00073  0.50   98592      72   98556  4360108  44.22
2015-2016       40      0.00076  0.00076  0.50   98520      75   98482  4261552  43.26
2015-2016       41      0.00078  0.00078  0.50   98445      77   98406  4163070  42.29
2015-2016       42      0.00100  0.00100  0.50   98368      98   98319  4064663  41.32
2015-2016       43      0.00110  0.00110  0.50   98269     108   98215  3966345  40.36
2015-2016       44      0.00124  0.00124  0.50   98161     122   98100  3868130  39.41
2015-2016       45      0.00124  0.00124  0.50   98039     122   97978  3770029  38.45
2015-2016       46      0.00146  0.00146  0.50   97918     143   97846  3672051  37.50
2015-2016       47      0.00144  0.00144  0.50   97775     141   97704  3574205  36.56
2015-2016       48      0.00159  0.00159  0.50   97634     155   97556  3476500  35.61
2015-2016       49      0.00186  0.00186  0.50   97479     182   97388  3378944  34.66
2015-2016       50      0.00212  0.00212  0.50   97297     206   97194  3281556  33.73
2015-2016       51      0.00256  0.00256  0.50   97091     248   96967  3184362  32.80
2015-2016       52      0.00263  0.00262  0.50   96842     254   96715  3087395  31.88
2015-2016       53      0.00312  0.00312  0.50   96588     301   96438  2990680  30.96
2015-2016       54      0.00344  0.00343  0.50   96288     331   96122  2894242  30.06
2015-2016       55      0.00370  0.00369  0.50   95957     355   95780  2798120  29.16
2015-2016       56      0.00374  0.00374  0.50   95602     357   95424  2702340  28.27
2015-2016       57      0.00414  0.00413  0.50   95245     393   95048  2606917  27.37
2015-2016       58      0.00476  0.00475  0.50   94852     450   94627  2511868  26.48
2015-2016       59      0.00452  0.00451  0.50   94401     425   94189  2417242  25.61
2015-2016       60      0.00585  0.00583  0.50   93976     548   93702  2323053  24.72
2015-2016       61      0.00577  0.00576  0.50   93428     538   93159  2229351  23.86
2015-2016       62      0.00627  0.00625  0.50   92890     581   92600  2136192  23.00
2015-2016       63      0.00704  0.00701  0.50   92309     648   91986  2043593  22.14
2015-2016       64      0.00800  0.00796  0.50   91662     730   91297  1951607  21.29
2015-2016       65      0.00898  0.00894  0.50   90932     813   90525  1860310  20.46
2015-2016       66      0.00940  0.00936  0.50   90118     843   89697  1769785  19.64
2015-2016       67      0.01033  0.01028  0.50   89275     918   88816  1680089  18.82
2015-2016       68      0.01156  0.01149  0.50   88357    1016   87850  1591272  18.01
2015-2016       69      0.01307  0.01298  0.50   87342    1134   86775  1503423  17.21
2015-2016       70      0.01404  0.01394  0.50   86208    1202   85607  1416648  16.43
2015-2016       71      0.01592  0.01579  0.50   85006    1342   84335  1331041  15.66
2015-2016       72      0.01785  0.01769  0.50   83664    1480   82924  1246706  14.90
2015-2016       73      0.02041  0.02020  0.50   82184    1660   81354  1163782  14.16
2015-2016       74      0.02205  0.02181  0.50   80523    1756   79645  1082428  13.44
2015-2016       75      0.02535  0.02503  0.50   78767    1971   77781  1002783  12.73
2015-2016       76      0.02716  0.02680  0.50   76796    2058   75767   925002  12.04
2015-2016       77      0.03044  0.02998  0.50   74738    2241   73617   849235  11.36
2015-2016       78      0.03341  0.03286  0.50   72497    2383   71306   775618  10.70
2015-2016       79      0.03885  0.03811  0.50   70115    2672   68779   704312  10.05
2015-2016       80      0.04342  0.04249  0.50   67442    2866   66009   635533   9.42
2015-2016       81      0.05083  0.04957  0.50   64577    3201   62976   569524   8.82
2015-2016       82      0.05715  0.05556  0.50   61375    3410   59670   506548   8.25
2015-2016       83      0.06621  0.06409  0.50   57965    3715   56108   446878   7.71
2015-2016       84      0.07272  0.07017  0.50   54250    3807   52347   390770   7.20
2015-2016       85      0.08277  0.07948  0.50   50443    4009   48439   338423   6.71
2015-2016       86      0.09401  0.08979  0.50   46434    4169   44350   289984   6.25
2015-2016       87      0.11073  0.10492  0.50   42265    4435   40048   245635   5.81
2015-2016       88      0.12206  0.11504  0.50   37831    4352   35655   205587   5.43
2015-2016       89      0.12706  0.11947  0.50   33479    4000   31479   169932   5.08
2015-2016       90      0.14397  0.13430  0.50   29479    3959   27499   138454   4.70
2015-2016       91      0.16005  0.14819  0.50   25520    3782   23629   110954   4.35
2015-2016       92      0.17964  0.16483  0.50   21738    3583   19946    87326   4.02
2015-2016       93      0.19804  0.18020  0.50   18155    3271   16519    67379   3.71
2015-2016       94      0.21397  0.19329  0.50   14883    2877   13445    50860   3.42
2015-2016       95      0.25849  0.22890  0.50   12006    2748   10632    37415   3.12
2015-2016       96      0.28554  0.24986  0.50    9258    2313    8102    26783   2.89
2015-2016       97      0.31418  0.27152  0.50    6945    1886    6002    18682   2.69
2015-2016       98      0.34425  0.29369  0.50    5059    1486    4316    12680   2.51
2015-2016       99      0.37553  0.31617  0.50    3573    1130    3008     8363   2.34
2015-2016      100      0.40778  0.33872  0.50    2444     828    2030     5355   2.19
2015-2016      101      0.44071  0.36113  0.50    1616     584    1324     3325   2.06
2015-2016      102      0.47401  0.38319  0.50    1032     396     835     2001   1.94
2015-2016      103      0.50736  0.40469  0.50     637     258     508     1167   1.83
2015-2016      104      0.54042  0.42546  0.50     379     161     298      659   1.74
2015-2016      105      0.57291  0.44534  0.50     218      97     169      360   1.65
2015-2016      106      0.60452  0.46421  0.50     121      56      93      191   1.58
2015-2016      107      0.63503  0.48199  0.50      65      31      49       98   1.52
2015-2016      108      0.66423  0.49863  0.50      34      17      25       49   1.46
2015-2016      109      0.69196  0.51409  0.50      17       9      12       24   1.42
2015-2016      110+     0.71810  1.00000  1.39       8       8      11       11   1.39
