Republic of Korea, Life tables (period 1x5), Total	Last modified: 20 Jul 2022;  Methods Protocol: v6 (2017)

  Year          Age         mx       qx    ax      lx      dx      Lx       Tx     ex
2003-2004        0      0.00515  0.00512  0.14  100000     512   99559  7759001  77.59
2003-2004        1      0.00044  0.00044  0.50   99488      43   99466  7659442  76.99
2003-2004        2      0.00036  0.00036  0.50   99444      36   99427  7559976  76.02
2003-2004        3      0.00030  0.00030  0.50   99409      30   99394  7460549  75.05
2003-2004        4      0.00028  0.00028  0.50   99379      28   99365  7361156  74.07
2003-2004        5      0.00022  0.00022  0.50   99351      22   99340  7261791  73.09
2003-2004        6      0.00022  0.00022  0.50   99329      22   99318  7162450  72.11
2003-2004        7      0.00021  0.00021  0.50   99307      21   99297  7063132  71.12
2003-2004        8      0.00017  0.00017  0.50   99287      17   99278  6963835  70.14
2003-2004        9      0.00015  0.00015  0.50   99270      15   99262  6864557  69.15
2003-2004       10      0.00015  0.00015  0.50   99255      15   99247  6765295  68.16
2003-2004       11      0.00015  0.00015  0.50   99239      15   99232  6666048  67.17
2003-2004       12      0.00013  0.00013  0.50   99224      13   99218  6566816  66.18
2003-2004       13      0.00015  0.00015  0.50   99212      15   99204  6467598  65.19
2003-2004       14      0.00018  0.00018  0.50   99196      18   99187  6368394  64.20
2003-2004       15      0.00024  0.00024  0.50   99178      24   99166  6269207  63.21
2003-2004       16      0.00030  0.00030  0.50   99154      30   99139  6170041  62.23
2003-2004       17      0.00035  0.00035  0.50   99124      34   99107  6070902  61.25
2003-2004       18      0.00042  0.00042  0.50   99090      41   99069  5971795  60.27
2003-2004       19      0.00047  0.00047  0.50   99049      46   99025  5872726  59.29
2003-2004       20      0.00046  0.00046  0.50   99002      46   98979  5773701  58.32
2003-2004       21      0.00043  0.00043  0.50   98957      42   98936  5674721  57.35
2003-2004       22      0.00049  0.00049  0.50   98914      48   98890  5575786  56.37
2003-2004       23      0.00051  0.00051  0.50   98866      50   98841  5476896  55.40
2003-2004       24      0.00055  0.00055  0.50   98816      55   98788  5378055  54.43
2003-2004       25      0.00056  0.00056  0.50   98761      55   98733  5279266  53.46
2003-2004       26      0.00062  0.00062  0.50   98706      62   98675  5180533  52.48
2003-2004       27      0.00059  0.00059  0.50   98644      59   98615  5081858  51.52
2003-2004       28      0.00063  0.00063  0.50   98586      62   98555  4983243  50.55
2003-2004       29      0.00068  0.00068  0.50   98524      67   98490  4884688  49.58
2003-2004       30      0.00069  0.00069  0.50   98457      68   98423  4786198  48.61
2003-2004       31      0.00072  0.00071  0.50   98389      70   98354  4687775  47.65
2003-2004       32      0.00076  0.00076  0.50   98319      75   98281  4589421  46.68
2003-2004       33      0.00085  0.00085  0.50   98244      84   98202  4491140  45.71
2003-2004       34      0.00098  0.00098  0.50   98160      96   98112  4392937  44.75
2003-2004       35      0.00102  0.00102  0.50   98064     100   98014  4294826  43.80
2003-2004       36      0.00116  0.00116  0.50   97964     114   97907  4196812  42.84
2003-2004       37      0.00125  0.00125  0.50   97850     122   97789  4098904  41.89
2003-2004       38      0.00144  0.00143  0.50   97728     140   97658  4001115  40.94
2003-2004       39      0.00153  0.00153  0.50   97588     149   97513  3903458  40.00
2003-2004       40      0.00167  0.00167  0.50   97438     163   97357  3805945  39.06
2003-2004       41      0.00187  0.00187  0.50   97275     182   97185  3708588  38.12
2003-2004       42      0.00203  0.00203  0.50   97094     197   96995  3611403  37.19
2003-2004       43      0.00235  0.00235  0.50   96897     228   96783  3514408  36.27
2003-2004       44      0.00253  0.00253  0.50   96669     244   96547  3417625  35.35
2003-2004       45      0.00263  0.00263  0.50   96425     254   96298  3321078  34.44
2003-2004       46      0.00296  0.00296  0.50   96171     285   96029  3224780  33.53
2003-2004       47      0.00329  0.00328  0.50   95886     315   95729  3128751  32.63
2003-2004       48      0.00345  0.00345  0.50   95572     329   95407  3033022  31.74
2003-2004       49      0.00374  0.00373  0.50   95242     355   95065  2937615  30.84
2003-2004       50      0.00396  0.00395  0.50   94887     375   94700  2842550  29.96
2003-2004       51      0.00447  0.00446  0.50   94512     422   94301  2747850  29.07
2003-2004       52      0.00482  0.00480  0.50   94091     452   93865  2653549  28.20
2003-2004       53      0.00509  0.00508  0.50   93639     475   93401  2559684  27.34
2003-2004       54      0.00553  0.00551  0.50   93163     514   92906  2466283  26.47
2003-2004       55      0.00567  0.00565  0.50   92650     524   92388  2373377  25.62
2003-2004       56      0.00625  0.00623  0.50   92126     574   91839  2280989  24.76
2003-2004       57      0.00664  0.00662  0.50   91552     606   91249  2189150  23.91
2003-2004       58      0.00715  0.00712  0.50   90946     648   90622  2097901  23.07
2003-2004       59      0.00778  0.00775  0.50   90298     700   89948  2007279  22.23
2003-2004       60      0.00862  0.00859  0.50   89598     769   89213  1917331  21.40
2003-2004       61      0.00959  0.00955  0.50   88829     848   88405  1828117  20.58
2003-2004       62      0.01071  0.01066  0.50   87981     938   87512  1739712  19.77
2003-2004       63      0.01123  0.01116  0.50   87043     972   86557  1652200  18.98
2003-2004       64      0.01277  0.01269  0.50   86072    1093   85525  1565643  18.19
2003-2004       65      0.01368  0.01359  0.50   84979    1155   84402  1480117  17.42
2003-2004       66      0.01535  0.01523  0.50   83824    1277   83186  1395716  16.65
2003-2004       67      0.01729  0.01714  0.50   82547    1415   81840  1312530  15.90
2003-2004       68      0.01904  0.01886  0.50   81133    1530   80368  1230690  15.17
2003-2004       69      0.02080  0.02059  0.50   79603    1639   78783  1150322  14.45
2003-2004       70      0.02313  0.02286  0.50   77964    1782   77073  1071538  13.74
2003-2004       71      0.02525  0.02493  0.50   76182    1900   75232   994466  13.05
2003-2004       72      0.02838  0.02798  0.50   74282    2079   73243   919234  12.37
2003-2004       73      0.03087  0.03040  0.50   72203    2195   71106   845991  11.72
2003-2004       74      0.03543  0.03481  0.50   70008    2437   68790   774885  11.07
2003-2004       75      0.03933  0.03857  0.50   67571    2607   66268   706095  10.45
2003-2004       76      0.04415  0.04320  0.50   64965    2806   63561   639828   9.85
2003-2004       77      0.05014  0.04892  0.50   62158    3041   60638   576266   9.27
2003-2004       78      0.05568  0.05417  0.50   59117    3202   57516   515629   8.72
2003-2004       79      0.06108  0.05927  0.50   55915    3314   54258   458112   8.19
2003-2004       80      0.07082  0.06839  0.50   52601    3598   50802   403854   7.68
2003-2004       81      0.08040  0.07729  0.50   49003    3787   47110   353052   7.20
2003-2004       82      0.08599  0.08245  0.50   45216    3728   43352   305942   6.77
2003-2004       83      0.09787  0.09330  0.50   41488    3871   39553   262590   6.33
2003-2004       84      0.10682  0.10141  0.50   37617    3815   35710   223038   5.93
2003-2004       85      0.11902  0.11234  0.50   33803    3797   31904   187328   5.54
2003-2004       86      0.13451  0.12604  0.50   30005    3782   28114   155424   5.18
2003-2004       87      0.14830  0.13806  0.50   26224    3620   24413   127309   4.85
2003-2004       88      0.16163  0.14954  0.50   22603    3380   20913   102896   4.55
2003-2004       89      0.17242  0.15874  0.50   19223    3051   17697    81983   4.26
2003-2004       90      0.19350  0.17643  0.50   16172    2853   14745    64286   3.98
2003-2004       91      0.21372  0.19309  0.50   13318    2572   12033    49541   3.72
2003-2004       92      0.23108  0.20714  0.50   10747    2226    9634    37508   3.49
2003-2004       93      0.25345  0.22494  0.50    8521    1917    7562    27875   3.27
2003-2004       94      0.26255  0.23208  0.50    6604    1533    5838    20312   3.08
2003-2004       95      0.29739  0.25890  0.50    5071    1313    4415    14475   2.85
2003-2004       96      0.32248  0.27771  0.50    3758    1044    3236    10060   2.68
2003-2004       97      0.34875  0.29697  0.50    2715     806    2312     6823   2.51
2003-2004       98      0.37608  0.31655  0.50    1908     604    1606     4512   2.36
2003-2004       99      0.40433  0.33633  0.50    1304     439    1085     2905   2.23
2003-2004      100      0.43333  0.35616  0.50     866     308     711     1820   2.10
2003-2004      101      0.46289  0.37589  0.50     557     210     453     1109   1.99
2003-2004      102      0.49281  0.39539  0.50     348     138     279      656   1.89
2003-2004      103      0.52287  0.41450  0.50     210      87     167      377   1.79
2003-2004      104      0.55283  0.43311  0.50     123      53      96      211   1.71
2003-2004      105      0.58249  0.45111  0.50      70      31      54      114   1.63
2003-2004      106      0.61163  0.46839  0.50      38      18      29       60   1.57
2003-2004      107      0.64004  0.48487  0.50      20      10      15       31   1.51
2003-2004      108      0.66756  0.50050  0.50      10       5       8       15   1.46
2003-2004      109      0.69401  0.51523  0.50       5       3       4        7   1.42
2003-2004      110+     0.71928  1.00000  1.39       3       3       4        4   1.39
2005-2009        0      0.00376  0.00375  0.14  100000     375   99678  7932711  79.33
2005-2009        1      0.00040  0.00040  0.50   99625      40   99605  7833033  78.63
2005-2009        2      0.00026  0.00026  0.50   99585      26   99572  7733428  77.66
2005-2009        3      0.00023  0.00023  0.50   99559      22   99548  7633856  76.68
2005-2009        4      0.00018  0.00018  0.50   99537      18   99528  7534308  75.69
2005-2009        5      0.00018  0.00018  0.50   99519      18   99510  7434781  74.71
2005-2009        6      0.00017  0.00017  0.50   99501      17   99493  7335271  73.72
2005-2009        7      0.00016  0.00016  0.50   99484      16   99476  7235778  72.73
2005-2009        8      0.00014  0.00014  0.50   99468      14   99462  7136301  71.74
2005-2009        9      0.00012  0.00012  0.50   99455      12   99449  7036840  70.75
2005-2009       10      0.00011  0.00011  0.50   99443      11   99437  6937391  69.76
2005-2009       11      0.00011  0.00011  0.50   99431      11   99426  6837954  68.77
2005-2009       12      0.00014  0.00014  0.50   99421      14   99414  6738528  67.78
2005-2009       13      0.00015  0.00015  0.50   99407      15   99400  6639115  66.79
2005-2009       14      0.00017  0.00017  0.50   99392      17   99383  6539715  65.80
2005-2009       15      0.00022  0.00022  0.50   99375      22   99364  6440332  64.81
2005-2009       16      0.00028  0.00028  0.50   99353      28   99339  6340968  63.82
2005-2009       17      0.00033  0.00033  0.50   99325      33   99309  6241629  62.84
2005-2009       18      0.00037  0.00036  0.50   99292      36   99274  6142320  61.86
2005-2009       19      0.00038  0.00038  0.50   99256      37   99237  6043046  60.88
2005-2009       20      0.00040  0.00040  0.50   99219      40   99199  5943809  59.91
2005-2009       21      0.00041  0.00041  0.50   99179      41   99159  5844610  58.93
2005-2009       22      0.00048  0.00048  0.50   99138      47   99114  5745451  57.95
2005-2009       23      0.00051  0.00051  0.50   99091      51   99065  5646336  56.98
2005-2009       24      0.00052  0.00052  0.50   99040      52   99014  5547271  56.01
2005-2009       25      0.00058  0.00058  0.50   98988      57   98960  5448257  55.04
2005-2009       26      0.00057  0.00057  0.50   98931      56   98903  5349297  54.07
2005-2009       27      0.00060  0.00060  0.50   98875      59   98845  5250394  53.10
2005-2009       28      0.00061  0.00061  0.50   98816      60   98786  5151549  52.13
2005-2009       29      0.00063  0.00063  0.50   98756      62   98724  5052763  51.16
2005-2009       30      0.00067  0.00067  0.50   98693      66   98660  4954039  50.20
2005-2009       31      0.00069  0.00069  0.50   98627      68   98593  4855379  49.23
2005-2009       32      0.00072  0.00072  0.50   98559      71   98524  4756786  48.26
2005-2009       33      0.00075  0.00075  0.50   98488      74   98451  4658262  47.30
2005-2009       34      0.00080  0.00080  0.50   98414      79   98375  4559811  46.33
2005-2009       35      0.00084  0.00084  0.50   98335      83   98294  4461436  45.37
2005-2009       36      0.00096  0.00096  0.50   98252      94   98205  4363142  44.41
2005-2009       37      0.00103  0.00103  0.50   98158     101   98108  4264937  43.45
2005-2009       38      0.00115  0.00115  0.50   98057     113   98001  4166829  42.49
2005-2009       39      0.00125  0.00125  0.50   97944     122   97883  4068829  41.54
2005-2009       40      0.00141  0.00141  0.50   97822     138   97753  3970945  40.59
2005-2009       41      0.00150  0.00150  0.50   97684     147   97611  3873192  39.65
2005-2009       42      0.00170  0.00169  0.50   97538     165   97455  3775581  38.71
2005-2009       43      0.00189  0.00189  0.50   97372     184   97281  3678126  37.77
2005-2009       44      0.00203  0.00203  0.50   97189     197   97090  3580845  36.84
2005-2009       45      0.00227  0.00227  0.50   96992     220   96882  3483755  35.92
2005-2009       46      0.00249  0.00248  0.50   96772     240   96652  3386873  35.00
2005-2009       47      0.00265  0.00265  0.50   96531     256   96403  3290221  34.08
2005-2009       48      0.00293  0.00292  0.50   96276     281   96135  3193818  33.17
2005-2009       49      0.00314  0.00314  0.50   95994     301   95843  3097683  32.27
2005-2009       50      0.00343  0.00342  0.50   95693     328   95529  3001840  31.37
2005-2009       51      0.00365  0.00365  0.50   95365     348   95191  2906311  30.48
2005-2009       52      0.00390  0.00389  0.50   95018     370   94833  2811119  29.59
2005-2009       53      0.00426  0.00425  0.50   94648     402   94446  2716287  28.70
2005-2009       54      0.00460  0.00459  0.50   94245     433   94029  2621840  27.82
2005-2009       55      0.00495  0.00494  0.50   93812     463   93581  2527811  26.95
2005-2009       56      0.00531  0.00529  0.50   93349     494   93102  2434230  26.08
2005-2009       57      0.00567  0.00565  0.50   92855     525   92593  2341128  25.21
2005-2009       58      0.00611  0.00609  0.50   92330     562   92049  2248535  24.35
2005-2009       59      0.00652  0.00650  0.50   91768     597   91470  2156486  23.50
2005-2009       60      0.00710  0.00707  0.50   91171     645   90849  2065017  22.65
2005-2009       61      0.00761  0.00758  0.50   90527     687   90183  1974168  21.81
2005-2009       62      0.00857  0.00853  0.50   89840     766   89457  1883984  20.97
2005-2009       63      0.00930  0.00926  0.50   89074     824   88661  1794527  20.15
2005-2009       64      0.01036  0.01031  0.50   88249     910   87794  1705866  19.33
2005-2009       65      0.01136  0.01129  0.50   87340     986   86847  1618072  18.53
2005-2009       66      0.01273  0.01265  0.50   86353    1093   85807  1531225  17.73
2005-2009       67      0.01403  0.01393  0.50   85261    1188   84667  1445418  16.95
2005-2009       68      0.01554  0.01542  0.50   84073    1296   83425  1360751  16.19
2005-2009       69      0.01749  0.01734  0.50   82777    1435   82059  1277326  15.43
2005-2009       70      0.01943  0.01924  0.50   81341    1565   80559  1195267  14.69
2005-2009       71      0.02160  0.02137  0.50   79776    1704   78924  1114708  13.97
2005-2009       72      0.02405  0.02376  0.50   78072    1855   77144  1035784  13.27
2005-2009       73      0.02651  0.02616  0.50   76217    1994   75220   958640  12.58
2005-2009       74      0.02923  0.02881  0.50   74223    2138   73154   883420  11.90
2005-2009       75      0.03306  0.03252  0.50   72085    2344   70913   810266  11.24
2005-2009       76      0.03738  0.03669  0.50   69741    2559   68461   739353  10.60
2005-2009       77      0.04202  0.04115  0.50   67182    2765   65799   670892   9.99
2005-2009       78      0.04707  0.04599  0.50   64417    2962   62936   605093   9.39
2005-2009       79      0.05303  0.05166  0.50   61455    3175   59867   542157   8.82
2005-2009       80      0.06022  0.05846  0.50   58280    3407   56576   482290   8.28
2005-2009       81      0.06667  0.06451  0.50   54873    3540   53103   425713   7.76
2005-2009       82      0.07606  0.07327  0.50   51333    3761   49452   372611   7.26
2005-2009       83      0.08484  0.08139  0.50   47571    3872   45635   323159   6.79
2005-2009       84      0.09573  0.09136  0.50   43699    3992   41703   277523   6.35
2005-2009       85      0.10662  0.10123  0.50   39707    4019   37698   235820   5.94
2005-2009       86      0.11755  0.11103  0.50   35688    3962   33707   198123   5.55
2005-2009       87      0.12990  0.12198  0.50   31725    3870   29791   164416   5.18
2005-2009       88      0.14525  0.13541  0.50   27856    3772   25970   134625   4.83
2005-2009       89      0.16262  0.15039  0.50   24084    3622   22273   108656   4.51
2005-2009       90      0.17563  0.16145  0.50   20462    3304   18810    86383   4.22
2005-2009       91      0.19247  0.17557  0.50   17158    3012   15652    67573   3.94
2005-2009       92      0.21756  0.19621  0.50   14146    2776   12758    51921   3.67
2005-2009       93      0.22856  0.20512  0.50   11370    2332   10204    39164   3.44
2005-2009       94      0.24968  0.22197  0.50    9038    2006    8035    28960   3.20
2005-2009       95      0.27959  0.24530  0.50    7032    1725    6169    20925   2.98
2005-2009       96      0.30504  0.26468  0.50    5307    1405    4605    14756   2.78
2005-2009       97      0.33188  0.28464  0.50    3902    1111    3347    10151   2.60
2005-2009       98      0.35998  0.30507  0.50    2791     852    2366     6804   2.44
2005-2009       99      0.38921  0.32580  0.50    1940     632    1624     4439   2.29
2005-2009      100      0.41938  0.34668  0.50    1308     453    1081     2815   2.15
2005-2009      101      0.45029  0.36754  0.50     854     314     697     1734   2.03
2005-2009      102      0.48171  0.38821  0.50     540     210     436     1036   1.92
2005-2009      103      0.51338  0.40852  0.50     331     135     263      601   1.82
2005-2009      104      0.54504  0.42832  0.50     196      84     154      338   1.73
2005-2009      105      0.57644  0.44747  0.50     112      50      87      184   1.65
2005-2009      106      0.60731  0.46585  0.50      62      29      47       97   1.57
2005-2009      107      0.63742  0.48336  0.50      33      16      25       50   1.51
2005-2009      108      0.66654  0.49993  0.50      17       9      13       25   1.46
2005-2009      109      0.69451  0.51550  0.50       9       4       6       12   1.41
2005-2009      110+     0.72116  1.00000  1.39       4       4       6        6   1.39
2010-2014        0      0.00315  0.00314  0.14  100000     314   99731  8116639  81.17
2010-2014        1      0.00030  0.00030  0.50   99686      30   99671  8016909  80.42
2010-2014        2      0.00018  0.00018  0.50   99655      18   99646  7917238  79.45
2010-2014        3      0.00016  0.00016  0.50   99637      16   99629  7817592  78.46
2010-2014        4      0.00012  0.00012  0.50   99622      12   99616  7717962  77.47
2010-2014        5      0.00012  0.00012  0.50   99610      12   99604  7618347  76.48
2010-2014        6      0.00010  0.00010  0.50   99598      10   99592  7518743  75.49
2010-2014        7      0.00011  0.00011  0.50   99587      11   99582  7419151  74.50
2010-2014        8      0.00009  0.00009  0.50   99576       9   99571  7319569  73.51
2010-2014        9      0.00009  0.00009  0.50   99567       9   99562  7219998  72.51
2010-2014       10      0.00009  0.00009  0.50   99558       9   99553  7120435  71.52
2010-2014       11      0.00009  0.00009  0.50   99549       9   99544  7020882  70.53
2010-2014       12      0.00010  0.00010  0.50   99540      10   99535  6921338  69.53
2010-2014       13      0.00012  0.00012  0.50   99530      12   99524  6821803  68.54
2010-2014       14      0.00014  0.00014  0.50   99518      14   99511  6722279  67.55
2010-2014       15      0.00018  0.00018  0.50   99504      18   99495  6622768  66.56
2010-2014       16      0.00025  0.00025  0.50   99486      25   99474  6523273  65.57
2010-2014       17      0.00027  0.00027  0.50   99461      27   99448  6423799  64.59
2010-2014       18      0.00029  0.00029  0.50   99434      29   99420  6324352  63.60
2010-2014       19      0.00034  0.00034  0.50   99405      33   99389  6224932  62.62
2010-2014       20      0.00033  0.00033  0.50   99372      33   99355  6125544  61.64
2010-2014       21      0.00035  0.00035  0.50   99339      34   99321  6026188  60.66
2010-2014       22      0.00041  0.00041  0.50   99304      41   99284  5926867  59.68
2010-2014       23      0.00040  0.00040  0.50   99264      40   99244  5827583  58.71
2010-2014       24      0.00046  0.00046  0.50   99224      45   99201  5728339  57.73
2010-2014       25      0.00049  0.00049  0.50   99178      49   99154  5629138  56.76
2010-2014       26      0.00051  0.00051  0.50   99130      50   99105  5529984  55.79
2010-2014       27      0.00052  0.00052  0.50   99079      52   99054  5430879  54.81
2010-2014       28      0.00056  0.00056  0.50   99028      55   99000  5331826  53.84
2010-2014       29      0.00061  0.00061  0.50   98973      60   98943  5232826  52.87
2010-2014       30      0.00061  0.00061  0.50   98913      60   98883  5133883  51.90
2010-2014       31      0.00066  0.00066  0.50   98853      65   98820  5035000  50.93
2010-2014       32      0.00069  0.00069  0.50   98787      68   98753  4936181  49.97
2010-2014       33      0.00070  0.00070  0.50   98719      69   98685  4837428  49.00
2010-2014       34      0.00073  0.00073  0.50   98650      72   98614  4738743  48.04
2010-2014       35      0.00081  0.00081  0.50   98578      80   98538  4640129  47.07
2010-2014       36      0.00087  0.00087  0.50   98498      85   98455  4541591  46.11
2010-2014       37      0.00091  0.00090  0.50   98413      89   98368  4443136  45.15
2010-2014       38      0.00097  0.00097  0.50   98324      95   98276  4344767  44.19
2010-2014       39      0.00109  0.00109  0.50   98228     107   98175  4246491  43.23
2010-2014       40      0.00118  0.00118  0.50   98122     116   98064  4148317  42.28
2010-2014       41      0.00127  0.00127  0.50   98006     124   97944  4050253  41.33
2010-2014       42      0.00140  0.00140  0.50   97882     137   97813  3952309  40.38
2010-2014       43      0.00153  0.00153  0.50   97745     150   97670  3854496  39.43
2010-2014       44      0.00171  0.00171  0.50   97595     167   97511  3756826  38.49
2010-2014       45      0.00187  0.00187  0.50   97428     182   97337  3659315  37.56
2010-2014       46      0.00204  0.00204  0.50   97246     198   97147  3561978  36.63
2010-2014       47      0.00223  0.00222  0.50   97048     216   96940  3464831  35.70
2010-2014       48      0.00243  0.00243  0.50   96832     235   96715  3367891  34.78
2010-2014       49      0.00268  0.00268  0.50   96597     259   96468  3271176  33.86
2010-2014       50      0.00286  0.00286  0.50   96338     275   96201  3174708  32.95
2010-2014       51      0.00316  0.00315  0.50   96063     303   95911  3078508  32.05
2010-2014       52      0.00334  0.00333  0.50   95760     319   95601  2982596  31.15
2010-2014       53      0.00360  0.00359  0.50   95441     343   95270  2886996  30.25
2010-2014       54      0.00388  0.00387  0.50   95098     368   94914  2791726  29.36
2010-2014       55      0.00407  0.00406  0.50   94730     385   94538  2696812  28.47
2010-2014       56      0.00439  0.00438  0.50   94346     413   94139  2602274  27.58
2010-2014       57      0.00464  0.00463  0.50   93933     435   93715  2508135  26.70
2010-2014       58      0.00514  0.00513  0.50   93498     480   93258  2414419  25.82
2010-2014       59      0.00549  0.00548  0.50   93018     509   92764  2321161  24.95
2010-2014       60      0.00588  0.00586  0.50   92509     542   92238  2228397  24.09
2010-2014       61      0.00647  0.00645  0.50   91967     593   91670  2136160  23.23
2010-2014       62      0.00696  0.00694  0.50   91374     634   91057  2044489  22.37
2010-2014       63      0.00761  0.00758  0.50   90740     687   90396  1953432  21.53
2010-2014       64      0.00798  0.00795  0.50   90053     716   89695  1863036  20.69
2010-2014       65      0.00872  0.00868  0.50   89337     776   88949  1773341  19.85
2010-2014       66      0.00950  0.00945  0.50   88561     837   88143  1684392  19.02
2010-2014       67      0.01089  0.01083  0.50   87724     950   87249  1596249  18.20
2010-2014       68      0.01207  0.01200  0.50   86774    1041   86253  1509000  17.39
2010-2014       69      0.01361  0.01352  0.50   85733    1159   85153  1422747  16.60
2010-2014       70      0.01547  0.01536  0.50   84574    1299   83924  1337594  15.82
2010-2014       71      0.01722  0.01708  0.50   83275    1422   82564  1253669  15.05
2010-2014       72      0.01937  0.01918  0.50   81853    1570   81068  1171105  14.31
2010-2014       73      0.02158  0.02135  0.50   80283    1714   79426  1090038  13.58
2010-2014       74      0.02453  0.02423  0.50   78569    1904   77617  1010612  12.86
2010-2014       75      0.02774  0.02736  0.50   76665    2097   75616   932995  12.17
2010-2014       76      0.03067  0.03021  0.50   74568    2252   73441   857379  11.50
2010-2014       77      0.03483  0.03423  0.50   72315    2476   71077   783937  10.84
2010-2014       78      0.03923  0.03847  0.50   69840    2687   68496   712860  10.21
2010-2014       79      0.04416  0.04321  0.50   67153    2902   65702   644364   9.60
2010-2014       80      0.05025  0.04902  0.50   64251    3150   62676   578662   9.01
2010-2014       81      0.05611  0.05458  0.50   61102    3335   59434   515985   8.44
2010-2014       82      0.06395  0.06197  0.50   57766    3580   55977   456551   7.90
2010-2014       83      0.07169  0.06921  0.50   54187    3750   52312   400575   7.39
2010-2014       84      0.08060  0.07747  0.50   50436    3907   48483   348263   6.91
2010-2014       85      0.09172  0.08769  0.50   46529    4080   44489   299781   6.44
2010-2014       86      0.09976  0.09502  0.50   42449    4033   40432   255292   6.01
2010-2014       87      0.11480  0.10857  0.50   38415    4171   36330   214860   5.59
2010-2014       88      0.12758  0.11993  0.50   34245    4107   32191   178530   5.21
2010-2014       89      0.14246  0.13299  0.50   30138    4008   28134   146339   4.86
2010-2014       90      0.15756  0.14605  0.50   26130    3816   24221   118206   4.52
2010-2014       91      0.17464  0.16062  0.50   22313    3584   20521    93984   4.21
2010-2014       92      0.18964  0.17321  0.50   18729    3244   17107    73463   3.92
2010-2014       93      0.21158  0.19134  0.50   15485    2963   14004    56355   3.64
2010-2014       94      0.23170  0.20765  0.50   12522    2600   11222    42352   3.38
2010-2014       95      0.25822  0.22869  0.50    9922    2269    8788    31129   3.14
2010-2014       96      0.28388  0.24860  0.50    7653    1903    6702    22342   2.92
2010-2014       97      0.31115  0.26926  0.50    5750    1548    4976    15640   2.72
2010-2014       98      0.33990  0.29053  0.50    4202    1221    3592    10664   2.54
2010-2014       99      0.37000  0.31223  0.50    2981     931    2516     7072   2.37
2010-2014      100      0.40125  0.33420  0.50    2050     685    1708     4556   2.22
2010-2014      101      0.43342  0.35622  0.50    1365     486    1122     2848   2.09
2010-2014      102      0.46626  0.37811  0.50     879     332     713     1726   1.96
2010-2014      103      0.49948  0.39966  0.50     547     218     437     1014   1.85
2010-2014      104      0.53278  0.42071  0.50     328     138     259      576   1.76
2010-2014      105      0.56585  0.44106  0.50     190      84     148      317   1.67
2010-2014      106      0.59842  0.46060  0.50     106      49      82      169   1.59
2010-2014      107      0.63018  0.47919  0.50      57      27      44       87   1.52
2010-2014      108      0.66091  0.49676  0.50      30      15      22       44   1.47
2010-2014      109      0.69038  0.51322  0.50      15       8      11       21   1.42
2010-2014      110+     0.71841  1.00000  1.39       7       7      10       10   1.39
2015-2019        0      0.00277  0.00276  0.14  100000     276   99763  8279985  82.80
2015-2019        1      0.00023  0.00023  0.50   99724      23   99712  8180221  82.03
2015-2019        2      0.00015  0.00015  0.50   99700      15   99693  8080509  81.05
2015-2019        3      0.00011  0.00011  0.50   99685      11   99680  7980817  80.06
2015-2019        4      0.00010  0.00010  0.50   99674      10   99669  7881137  79.07
2015-2019        5      0.00010  0.00010  0.50   99664      10   99659  7781468  78.08
2015-2019        6      0.00010  0.00010  0.50   99654       9   99649  7681809  77.08
2015-2019        7      0.00008  0.00008  0.50   99645       8   99641  7582159  76.09
2015-2019        8      0.00007  0.00007  0.50   99637       7   99633  7482519  75.10
2015-2019        9      0.00007  0.00007  0.50   99630       7   99626  7382885  74.10
2015-2019       10      0.00007  0.00007  0.50   99623       7   99619  7283259  73.11
2015-2019       11      0.00007  0.00007  0.50   99616       7   99612  7183640  72.11
2015-2019       12      0.00008  0.00008  0.50   99609       8   99605  7084028  71.12
2015-2019       13      0.00010  0.00010  0.50   99600      10   99596  6984423  70.12
2015-2019       14      0.00010  0.00010  0.50   99591      10   99586  6884828  69.13
2015-2019       15      0.00014  0.00014  0.50   99580      14   99573  6785242  68.14
2015-2019       16      0.00019  0.00019  0.50   99566      19   99557  6685669  67.15
2015-2019       17      0.00021  0.00021  0.50   99547      21   99537  6586112  66.16
2015-2019       18      0.00025  0.00025  0.50   99527      25   99514  6486575  65.17
2015-2019       19      0.00027  0.00027  0.50   99502      27   99488  6387061  64.19
2015-2019       20      0.00030  0.00030  0.50   99475      30   99460  6287573  63.21
2015-2019       21      0.00027  0.00027  0.50   99445      27   99431  6188113  62.23
2015-2019       22      0.00033  0.00033  0.50   99418      32   99402  6088682  61.24
2015-2019       23      0.00036  0.00036  0.50   99385      36   99368  5989280  60.26
2015-2019       24      0.00037  0.00037  0.50   99350      37   99331  5889912  59.28
2015-2019       25      0.00039  0.00039  0.50   99313      39   99294  5790581  58.31
2015-2019       26      0.00042  0.00042  0.50   99274      42   99253  5691288  57.33
2015-2019       27      0.00043  0.00043  0.50   99232      43   99211  5592034  56.35
2015-2019       28      0.00045  0.00045  0.50   99189      44   99167  5492824  55.38
2015-2019       29      0.00047  0.00047  0.50   99145      47   99121  5393657  54.40
2015-2019       30      0.00049  0.00049  0.50   99098      49   99073  5294536  53.43
2015-2019       31      0.00054  0.00054  0.50   99049      54   99022  5195462  52.45
2015-2019       32      0.00059  0.00059  0.50   98995      59   98966  5096440  51.48
2015-2019       33      0.00061  0.00061  0.50   98937      60   98906  4997474  50.51
2015-2019       34      0.00064  0.00064  0.50   98876      63   98845  4898568  49.54
2015-2019       35      0.00068  0.00068  0.50   98813      67   98779  4799723  48.57
2015-2019       36      0.00071  0.00071  0.50   98746      70   98711  4700944  47.61
2015-2019       37      0.00077  0.00077  0.50   98675      76   98637  4602233  46.64
2015-2019       38      0.00083  0.00083  0.50   98599      82   98558  4503596  45.68
2015-2019       39      0.00092  0.00092  0.50   98517      90   98472  4405038  44.71
2015-2019       40      0.00099  0.00099  0.50   98427      98   98378  4306566  43.75
2015-2019       41      0.00107  0.00107  0.50   98329     105   98277  4208188  42.80
2015-2019       42      0.00115  0.00115  0.50   98224     113   98168  4109911  41.84
2015-2019       43      0.00125  0.00125  0.50   98111     123   98050  4011743  40.89
2015-2019       44      0.00137  0.00136  0.50   97988     134   97921  3913694  39.94
2015-2019       45      0.00148  0.00148  0.50   97854     144   97782  3815772  38.99
2015-2019       46      0.00167  0.00167  0.50   97710     163   97628  3717990  38.05
2015-2019       47      0.00180  0.00179  0.50   97547     175   97459  3620362  37.11
2015-2019       48      0.00196  0.00196  0.50   97372     191   97276  3522903  36.18
2015-2019       49      0.00218  0.00218  0.50   97181     212   97075  3425627  35.25
2015-2019       50      0.00240  0.00240  0.50   96969     233   96853  3328552  34.33
2015-2019       51      0.00251  0.00251  0.50   96736     243   96615  3231699  33.41
2015-2019       52      0.00282  0.00281  0.50   96494     271   96358  3135084  32.49
2015-2019       53      0.00296  0.00296  0.50   96222     285   96080  3038726  31.58
2015-2019       54      0.00317  0.00317  0.50   95938     304   95786  2942646  30.67
2015-2019       55      0.00338  0.00338  0.50   95634     323   95472  2846860  29.77
2015-2019       56      0.00370  0.00370  0.50   95311     352   95135  2751388  28.87
2015-2019       57      0.00396  0.00395  0.50   94958     375   94771  2656253  27.97
2015-2019       58      0.00430  0.00430  0.50   94583     406   94380  2561483  27.08
2015-2019       59      0.00455  0.00454  0.50   94177     427   93963  2467103  26.20
2015-2019       60      0.00490  0.00489  0.50   93749     458   93520  2373140  25.31
2015-2019       61      0.00524  0.00523  0.50   93291     488   93047  2279620  24.44
2015-2019       62      0.00572  0.00570  0.50   92803     529   92539  2186572  23.56
2015-2019       63      0.00625  0.00623  0.50   92274     575   91987  2094034  22.69
2015-2019       64      0.00676  0.00674  0.50   91699     618   91390  2002047  21.83
2015-2019       65      0.00726  0.00723  0.50   91082     659   90752  1910656  20.98
2015-2019       66      0.00804  0.00801  0.50   90423     724   90061  1819904  20.13
2015-2019       67      0.00888  0.00885  0.50   89699     793   89302  1729843  19.29
2015-2019       68      0.00989  0.00984  0.50   88905     875   88468  1640541  18.45
2015-2019       69      0.01071  0.01065  0.50   88030     938   87561  1552074  17.63
2015-2019       70      0.01188  0.01181  0.50   87092    1028   86578  1464512  16.82
2015-2019       71      0.01323  0.01314  0.50   86064    1131   85499  1377934  16.01
2015-2019       72      0.01498  0.01487  0.50   84933    1263   84302  1292436  15.22
2015-2019       73      0.01718  0.01704  0.50   83670    1425   82958  1208134  14.44
2015-2019       74      0.01975  0.01956  0.50   82245    1609   81441  1125176  13.68
2015-2019       75      0.02243  0.02218  0.50   80636    1788   79742  1043736  12.94
2015-2019       76      0.02556  0.02524  0.50   78848    1990   77853   963993  12.23
2015-2019       77      0.02876  0.02835  0.50   76858    2179   75769   886140  11.53
2015-2019       78      0.03306  0.03252  0.50   74679    2429   73465   810372  10.85
2015-2019       79      0.03755  0.03685  0.50   72250    2663   70919   736907  10.20
2015-2019       80      0.04249  0.04160  0.50   69588    2895   68140   665988   9.57
2015-2019       81      0.04822  0.04709  0.50   66692    3140   65122   597848   8.96
2015-2019       82      0.05541  0.05392  0.50   63552    3427   61839   532725   8.38
2015-2019       83      0.06268  0.06078  0.50   60126    3654   58298   470887   7.83
2015-2019       84      0.07102  0.06858  0.50   56471    3873   54535   412588   7.31
2015-2019       85      0.08024  0.07714  0.50   52598    4058   50570   358053   6.81
2015-2019       86      0.09071  0.08678  0.50   48541    4212   46435   307484   6.33
2015-2019       87      0.10285  0.09782  0.50   44328    4336   42160   261049   5.89
2015-2019       88      0.11609  0.10972  0.50   39992    4388   37798   218889   5.47
2015-2019       89      0.12979  0.12188  0.50   35604    4340   33435   181090   5.09
2015-2019       90      0.14678  0.13674  0.50   31265    4275   29127   147656   4.72
2015-2019       91      0.16004  0.14818  0.50   26990    3999   24990   118529   4.39
2015-2019       92      0.17823  0.16365  0.50   22990    3762   21109    93539   4.07
2015-2019       93      0.19696  0.17930  0.50   19228    3448   17504    72430   3.77
2015-2019       94      0.21811  0.19666  0.50   15780    3103   14228    54926   3.48
2015-2019       95      0.24680  0.21969  0.50   12677    2785   11284    40698   3.21
2015-2019       96      0.27358  0.24066  0.50    9892    2381    8702    29413   2.97
2015-2019       97      0.30223  0.26256  0.50    7511    1972    6525    20712   2.76
2015-2019       98      0.33264  0.28520  0.50    5539    1580    4749    14187   2.56
2015-2019       99      0.36462  0.30840  0.50    3959    1221    3349     9437   2.38
2015-2019      100      0.39796  0.33191  0.50    2738     909    2284     6089   2.22
2015-2019      101      0.43235  0.35550  0.50    1829     650    1504     3805   2.08
2015-2019      102      0.46750  0.37892  0.50    1179     447     956     2300   1.95
2015-2019      103      0.50303  0.40194  0.50     732     294     585     1345   1.84
2015-2019      104      0.53858  0.42432  0.50     438     186     345      760   1.73
2015-2019      105      0.57379  0.44587  0.50     252     112     196      415   1.64
2015-2019      106      0.60829  0.46643  0.50     140      65     107      219   1.57
2015-2019      107      0.64176  0.48586  0.50      75      36      56      112   1.50
2015-2019      108      0.67391  0.50407  0.50      38      19      29       55   1.44
2015-2019      109      0.70451  0.52099  0.50      19      10      14       26   1.39
2015-2019      110+     0.73336  1.00000  1.36       9       9      12       12   1.36
