Taiwan, Life tables (period 1x5), Total	Last modified: 18 Dec 2020;  Methods Protocol: v6 (2017)

  Year          Age         mx       qx    ax      lx      dx      Lx       Tx     ex
1970-1974        0      0.01490  0.01471  0.12  100000    1471   98704  6951447  69.51
1970-1974        1      0.00420  0.00419  0.50   98529     413   98323  6852744  69.55
1970-1974        2      0.00250  0.00249  0.50   98116     245   97994  6754421  68.84
1970-1974        3      0.00151  0.00151  0.50   97871     148   97798  6656427  68.01
1970-1974        4      0.00101  0.00101  0.50   97724      98   97675  6558630  67.11
1970-1974        5      0.00079  0.00079  0.50   97626      77   97587  6460955  66.18
1970-1974        6      0.00065  0.00065  0.50   97549      64   97517  6363368  65.23
1970-1974        7      0.00055  0.00055  0.50   97485      53   97458  6265851  64.28
1970-1974        8      0.00048  0.00048  0.50   97431      46   97408  6168393  63.31
1970-1974        9      0.00044  0.00044  0.50   97385      43   97364  6070985  62.34
1970-1974       10      0.00042  0.00042  0.50   97342      41   97322  5973622  61.37
1970-1974       11      0.00044  0.00044  0.50   97301      43   97280  5876300  60.39
1970-1974       12      0.00048  0.00048  0.50   97258      47   97235  5779020  59.42
1970-1974       13      0.00055  0.00054  0.50   97212      53   97185  5681785  58.45
1970-1974       14      0.00063  0.00063  0.50   97159      62   97128  5584600  57.48
1970-1974       15      0.00074  0.00074  0.50   97097      72   97061  5487472  56.52
1970-1974       16      0.00085  0.00085  0.50   97025      83   96984  5390411  55.56
1970-1974       17      0.00094  0.00094  0.50   96942      91   96896  5293428  54.60
1970-1974       18      0.00101  0.00101  0.50   96851      98   96802  5196531  53.65
1970-1974       19      0.00108  0.00108  0.50   96753     105   96700  5099730  52.71
1970-1974       20      0.00116  0.00115  0.50   96648     112   96592  5003029  51.77
1970-1974       21      0.00122  0.00122  0.50   96536     118   96477  4906437  50.82
1970-1974       22      0.00130  0.00130  0.50   96418     125   96356  4809960  49.89
1970-1974       23      0.00139  0.00139  0.50   96293     134   96226  4713604  48.95
1970-1974       24      0.00149  0.00149  0.50   96159     143   96087  4617379  48.02
1970-1974       25      0.00152  0.00152  0.50   96016     146   95943  4521291  47.09
1970-1974       26      0.00154  0.00154  0.50   95870     148   95796  4425349  46.16
1970-1974       27      0.00156  0.00156  0.50   95722     150   95647  4329553  45.23
1970-1974       28      0.00159  0.00159  0.50   95573     152   95497  4233905  44.30
1970-1974       29      0.00162  0.00162  0.50   95421     155   95343  4138409  43.37
1970-1974       30      0.00171  0.00171  0.50   95266     163   95184  4043066  42.44
1970-1974       31      0.00183  0.00183  0.50   95103     174   95016  3947881  41.51
1970-1974       32      0.00195  0.00195  0.50   94929     185   94837  3852865  40.59
1970-1974       33      0.00207  0.00207  0.50   94744     196   94646  3758028  39.66
1970-1974       34      0.00219  0.00218  0.50   94548     206   94445  3663382  38.75
1970-1974       35      0.00229  0.00229  0.50   94341     216   94233  3568937  37.83
1970-1974       36      0.00242  0.00242  0.50   94125     228   94012  3474704  36.92
1970-1974       37      0.00258  0.00258  0.50   93898     242   93777  3380692  36.00
1970-1974       38      0.00276  0.00276  0.50   93656     258   93527  3286915  35.10
1970-1974       39      0.00296  0.00296  0.50   93397     276   93259  3193388  34.19
1970-1974       40      0.00319  0.00318  0.50   93121     296   92973  3100129  33.29
1970-1974       41      0.00341  0.00341  0.50   92825     316   92667  3007156  32.40
1970-1974       42      0.00363  0.00362  0.50   92509     335   92341  2914489  31.51
1970-1974       43      0.00388  0.00387  0.50   92173     357   91995  2822148  30.62
1970-1974       44      0.00417  0.00416  0.50   91817     382   91625  2730153  29.73
1970-1974       45      0.00451  0.00450  0.50   91434     411   91229  2638528  28.86
1970-1974       46      0.00492  0.00490  0.50   91023     446   90800  2547299  27.99
1970-1974       47      0.00536  0.00534  0.50   90577     484   90335  2456499  27.12
1970-1974       48      0.00580  0.00578  0.50   90093     521   89832  2366165  26.26
1970-1974       49      0.00631  0.00629  0.50   89572     563   89290  2276332  25.41
1970-1974       50      0.00694  0.00691  0.50   89009     615   88701  2187042  24.57
1970-1974       51      0.00763  0.00760  0.50   88393     672   88058  2098341  23.74
1970-1974       52      0.00840  0.00836  0.50   87722     733   87355  2010283  22.92
1970-1974       53      0.00934  0.00929  0.50   86988     808   86584  1922928  22.11
1970-1974       54      0.01038  0.01032  0.50   86180     890   85735  1836344  21.31
1970-1974       55      0.01133  0.01126  0.50   85290     961   84810  1750609  20.53
1970-1974       56      0.01221  0.01214  0.50   84330    1024   83818  1665799  19.75
1970-1974       57      0.01311  0.01303  0.50   83306    1085   82763  1581982  18.99
1970-1974       58      0.01407  0.01397  0.50   82221    1149   81646  1499218  18.23
1970-1974       59      0.01523  0.01511  0.50   81072    1225   80459  1417572  17.49
1970-1974       60      0.01669  0.01655  0.50   79847    1322   79186  1337113  16.75
1970-1974       61      0.01853  0.01836  0.50   78525    1442   77804  1257928  16.02
1970-1974       62      0.02095  0.02073  0.50   77083    1598   76284  1180124  15.31
1970-1974       63      0.02357  0.02329  0.50   75485    1758   74605  1103840  14.62
1970-1974       64      0.02603  0.02570  0.50   73726    1894   72779  1029235  13.96
1970-1974       65      0.02887  0.02846  0.50   71832    2044   70810   956456  13.32
1970-1974       66      0.03207  0.03156  0.50   69788    2203   68686   885646  12.69
1970-1974       67      0.03538  0.03476  0.50   67585    2349   66410   816960  12.09
1970-1974       68      0.03892  0.03818  0.50   65236    2490   63990   750550  11.51
1970-1974       69      0.04306  0.04216  0.50   62745    2645   61422   686559  10.94
1970-1974       70      0.04758  0.04647  0.50   60100    2793   58703   625137  10.40
1970-1974       71      0.05149  0.05020  0.50   57307    2877   55869   566433   9.88
1970-1974       72      0.05562  0.05412  0.50   54430    2946   52957   510565   9.38
1970-1974       73      0.06154  0.05970  0.50   51484    3074   49948   457608   8.89
1970-1974       74      0.06796  0.06573  0.50   48411    3182   46820   407660   8.42
1970-1974       75      0.07396  0.07132  0.50   45229    3226   43616   360840   7.98
1970-1974       76      0.08172  0.07851  0.50   42003    3298   40354   317224   7.55
1970-1974       77      0.08916  0.08535  0.50   38705    3304   37054   276870   7.15
1970-1974       78      0.09513  0.09081  0.50   35402    3215   33794   239816   6.77
1970-1974       79      0.10329  0.09822  0.50   32187    3161   30606   206022   6.40
1970-1974       80      0.11537  0.10907  0.50   29026    3166   27443   175416   6.04
1970-1974       81      0.12490  0.11756  0.50   25860    3040   24340   147973   5.72
1970-1974       82      0.13458  0.12609  0.50   22820    2877   21381   123634   5.42
1970-1974       83      0.14503  0.13523  0.50   19942    2697   18594   102253   5.13
1970-1974       84      0.15549  0.14428  0.50   17245    2488   16001    83659   4.85
1970-1974       85      0.16497  0.15240  0.50   14757    2249   13633    67657   4.58
1970-1974       86      0.17750  0.16303  0.50   12508    2039   11489    54025   4.32
1970-1974       87      0.19209  0.17526  0.50   10469    1835    9552    42536   4.06
1970-1974       88      0.20771  0.18817  0.50    8634    1625    7822    32984   3.82
1970-1974       89      0.22389  0.20135  0.50    7010    1411    6304    25162   3.59
1970-1974       90      0.24250  0.21628  0.50    5598    1211    4993    18858   3.37
1970-1974       91      0.26431  0.23346  0.50    4387    1024    3875    13866   3.16
1970-1974       92      0.28799  0.25174  0.50    3363     847    2940     9990   2.97
1970-1974       93      0.31323  0.27082  0.50    2516     682    2176     7051   2.80
1970-1974       94      0.34060  0.29104  0.50    1835     534    1568     4875   2.66
1970-1974       95      0.35069  0.29837  0.50    1301     388    1107     3307   2.54
1970-1974       96      0.37380  0.31494  0.50     913     287     769     2200   2.41
1970-1974       97      0.39759  0.33166  0.50     625     207     522     1431   2.29
1970-1974       98      0.42196  0.34844  0.50     418     146     345      909   2.18
1970-1974       99      0.44680  0.36521  0.50     272      99     223      564   2.07
1970-1974      100      0.47199  0.38187  0.50     173      66     140      342   1.98
1970-1974      101      0.49740  0.39833  0.50     107      43      86      202   1.89
1970-1974      102      0.52289  0.41452  0.50      64      27      51      116   1.81
1970-1974      103      0.54833  0.43034  0.50      38      16      30       65   1.73
1970-1974      104      0.57358  0.44574  0.50      21      10      17       36   1.67
1970-1974      105      0.59850  0.46065  0.50      12       5       9       19   1.61
1970-1974      106      0.62298  0.47502  0.50       6       3       5       10   1.55
1970-1974      107      0.64689  0.48879  0.50       3       2       3        5   1.50
1970-1974      108      0.67014  0.50195  0.50       2       1       1        3   1.46
1970-1974      109      0.69262  0.51446  0.50       1       0       1        1   1.42
1970-1974      110+     0.71426  1.00000  1.40       0       0       1        1   1.40
1975-1979        0      0.01208  0.01196  0.12  100000    1196   98953  7115688  71.16
1975-1979        1      0.00288  0.00288  0.50   98804     284   98662  7016735  71.02
1975-1979        2      0.00148  0.00147  0.50   98520     145   98447  6918073  70.22
1975-1979        3      0.00094  0.00094  0.50   98375      92   98329  6819625  69.32
1975-1979        4      0.00069  0.00069  0.50   98282      68   98248  6721297  68.39
1975-1979        5      0.00058  0.00058  0.50   98214      57   98186  6623048  67.43
1975-1979        6      0.00052  0.00052  0.50   98157      51   98132  6524863  66.47
1975-1979        7      0.00049  0.00049  0.50   98106      48   98082  6426731  65.51
1975-1979        8      0.00046  0.00046  0.50   98058      45   98035  6328649  64.54
1975-1979        9      0.00041  0.00041  0.50   98012      40   97992  6230615  63.57
1975-1979       10      0.00042  0.00042  0.50   97972      41   97951  6132623  62.60
1975-1979       11      0.00039  0.00039  0.50   97931      38   97912  6034671  61.62
1975-1979       12      0.00043  0.00043  0.50   97892      42   97871  5936760  60.65
1975-1979       13      0.00045  0.00045  0.50   97850      44   97828  5838888  59.67
1975-1979       14      0.00049  0.00049  0.50   97806      48   97782  5741060  58.70
1975-1979       15      0.00065  0.00065  0.50   97758      64   97726  5643278  57.73
1975-1979       16      0.00084  0.00084  0.50   97694      82   97653  5545552  56.76
1975-1979       17      0.00100  0.00100  0.50   97612      97   97564  5447899  55.81
1975-1979       18      0.00123  0.00123  0.50   97515     120   97455  5350335  54.87
1975-1979       19      0.00127  0.00127  0.50   97395     123   97333  5252880  53.93
1975-1979       20      0.00117  0.00117  0.50   97272     114   97215  5155546  53.00
1975-1979       21      0.00115  0.00115  0.50   97158     112   97102  5058332  52.06
1975-1979       22      0.00125  0.00125  0.50   97046     121   96985  4961230  51.12
1975-1979       23      0.00136  0.00136  0.50   96925     132   96859  4864245  50.19
1975-1979       24      0.00137  0.00137  0.50   96793     133   96726  4767386  49.25
1975-1979       25      0.00130  0.00130  0.50   96660     126   96597  4670660  48.32
1975-1979       26      0.00130  0.00130  0.50   96534     125   96471  4574063  47.38
1975-1979       27      0.00128  0.00128  0.50   96409     124   96347  4477592  46.44
1975-1979       28      0.00138  0.00138  0.50   96285     133   96219  4381245  45.50
1975-1979       29      0.00133  0.00133  0.50   96153     128   96089  4285026  44.56
1975-1979       30      0.00138  0.00138  0.50   96024     133   95958  4188937  43.62
1975-1979       31      0.00152  0.00152  0.50   95892     146   95819  4092979  42.68
1975-1979       32      0.00167  0.00166  0.50   95746     159   95667  3997160  41.75
1975-1979       33      0.00172  0.00172  0.50   95587     164   95505  3901493  40.82
1975-1979       34      0.00186  0.00186  0.50   95423     177   95334  3805988  39.89
1975-1979       35      0.00197  0.00197  0.50   95246     188   95152  3710654  38.96
1975-1979       36      0.00216  0.00216  0.50   95058     205   94955  3615503  38.03
1975-1979       37      0.00222  0.00221  0.50   94853     210   94748  3520547  37.12
1975-1979       38      0.00241  0.00241  0.50   94643     228   94529  3425800  36.20
1975-1979       39      0.00273  0.00273  0.50   94415     258   94286  3331271  35.28
1975-1979       40      0.00292  0.00292  0.50   94157     275   94020  3236985  34.38
1975-1979       41      0.00316  0.00316  0.50   93882     296   93734  3142965  33.48
1975-1979       42      0.00347  0.00346  0.50   93586     324   93424  3049231  32.58
1975-1979       43      0.00359  0.00359  0.50   93262     335   93095  2955807  31.69
1975-1979       44      0.00408  0.00408  0.50   92927     379   92738  2862713  30.81
1975-1979       45      0.00419  0.00418  0.50   92548     387   92355  2769975  29.93
1975-1979       46      0.00457  0.00456  0.50   92162     421   91951  2677620  29.05
1975-1979       47      0.00491  0.00490  0.50   91741     450   91516  2585668  28.18
1975-1979       48      0.00544  0.00542  0.50   91291     495   91044  2494152  27.32
1975-1979       49      0.00582  0.00580  0.50   90796     527   90533  2403108  26.47
1975-1979       50      0.00639  0.00637  0.50   90269     575   89982  2312576  25.62
1975-1979       51      0.00701  0.00699  0.50   89694     627   89381  2222594  24.78
1975-1979       52      0.00763  0.00760  0.50   89068     677   88729  2133213  23.95
1975-1979       53      0.00832  0.00829  0.50   88391     733   88024  2044484  23.13
1975-1979       54      0.00910  0.00906  0.50   87658     794   87261  1956459  22.32
1975-1979       55      0.01015  0.01010  0.50   86864     877   86425  1869198  21.52
1975-1979       56      0.01092  0.01086  0.50   85987     934   85520  1782773  20.73
1975-1979       57      0.01187  0.01180  0.50   85053    1004   84551  1697253  19.96
1975-1979       58      0.01317  0.01308  0.50   84049    1100   83499  1612702  19.19
1975-1979       59      0.01447  0.01437  0.50   82950    1192   82354  1529203  18.44
1975-1979       60      0.01565  0.01553  0.50   81758    1270   81123  1446849  17.70
1975-1979       61      0.01682  0.01668  0.50   80488    1342   79817  1365726  16.97
1975-1979       62      0.01907  0.01889  0.50   79146    1495   78399  1285908  16.25
1975-1979       63      0.02035  0.02014  0.50   77651    1564   76869  1207509  15.55
1975-1979       64      0.02317  0.02291  0.50   76087    1743   75216  1130640  14.86
1975-1979       65      0.02506  0.02475  0.50   74344    1840   73424  1055425  14.20
1975-1979       66      0.02754  0.02717  0.50   72504    1970   71519   982001  13.54
1975-1979       67      0.03053  0.03007  0.50   70534    2121   69474   910482  12.91
1975-1979       68      0.03324  0.03270  0.50   68413    2237   67295   841008  12.29
1975-1979       69      0.03669  0.03603  0.50   66176    2384   64984   773713  11.69
1975-1979       70      0.04015  0.03936  0.50   63792    2511   62537   708729  11.11
1975-1979       71      0.04436  0.04340  0.50   61281    2660   59951   646193  10.54
1975-1979       72      0.04929  0.04810  0.50   58622    2820   57212   586241  10.00
1975-1979       73      0.05382  0.05241  0.50   55802    2925   54339   529030   9.48
1975-1979       74      0.05986  0.05812  0.50   52877    3073   51340   474690   8.98
1975-1979       75      0.06445  0.06244  0.50   49804    3110   48249   423350   8.50
1975-1979       76      0.07137  0.06891  0.50   46694    3218   45085   375101   8.03
1975-1979       77      0.07560  0.07284  0.50   43476    3167   41893   330016   7.59
1975-1979       78      0.08480  0.08136  0.50   40309    3279   38670   288124   7.15
1975-1979       79      0.09463  0.09035  0.50   37030    3346   35357   249454   6.74
1975-1979       80      0.10598  0.10065  0.50   33684    3390   31989   214097   6.36
1975-1979       81      0.11789  0.11132  0.50   30294    3372   28608   182108   6.01
1975-1979       82      0.12329  0.11613  0.50   26921    3126   25358   153501   5.70
1975-1979       83      0.13547  0.12688  0.50   23795    3019   22286   128143   5.39
1975-1979       84      0.14879  0.13849  0.50   20776    2877   19337   105857   5.10
1975-1979       85      0.15530  0.14411  0.50   17899    2579   16609    86520   4.83
1975-1979       86      0.16945  0.15621  0.50   15319    2393   14123    69911   4.56
1975-1979       87      0.19139  0.17467  0.50   12926    2258   11797    55788   4.32
1975-1979       88      0.19278  0.17583  0.50   10668    1876    9731    43990   4.12
1975-1979       89      0.21990  0.19812  0.50    8793    1742    7922    34260   3.90
1975-1979       90      0.22836  0.20496  0.50    7051    1445    6328    26338   3.74
1975-1979       91      0.24786  0.22053  0.50    5606    1236    4987    20010   3.57
1975-1979       92      0.24857  0.22109  0.50    4369     966    3886    15022   3.44
1975-1979       93      0.25517  0.22630  0.50    3403     770    3018    11136   3.27
1975-1979       94      0.27438  0.24128  0.50    2633     635    2316     8118   3.08
1975-1979       95      0.30372  0.26368  0.50    1998     527    1734     5802   2.90
1975-1979       96      0.32239  0.27763  0.50    1471     408    1267     4068   2.77
1975-1979       97      0.34158  0.29175  0.50    1063     310     908     2801   2.64
1975-1979       98      0.36122  0.30596  0.50     753     230     637     1893   2.52
1975-1979       99      0.38122  0.32019  0.50     522     167     439     1256   2.40
1975-1979      100      0.40149  0.33436  0.50     355     119     296      817   2.30
1975-1979      101      0.42192  0.34842  0.50     236      82     195      521   2.21
1975-1979      102      0.44243  0.36229  0.50     154      56     126      326   2.12
1975-1979      103      0.46289  0.37589  0.50      98      37      80      200   2.04
1975-1979      104      0.48322  0.38919  0.50      61      24      49      120   1.96
1975-1979      105      0.50329  0.40210  0.50      37      15      30       71   1.90
1975-1979      106      0.52302  0.41460  0.50      22       9      18       41   1.84
1975-1979      107      0.54231  0.42663  0.50      13       6      10       23   1.78
1975-1979      108      0.56107  0.43815  0.50       8       3       6       13   1.74
1975-1979      109      0.57924  0.44915  0.50       4       2       3        7   1.70
1975-1979      110+     0.59674  1.00000  1.68       2       2       4        4   1.68
1980-1984        0      0.00922  0.00914  0.13  100000     914   99205  7224028  72.24
1980-1984        1      0.00206  0.00206  0.50   99086     204   98984  7124824  71.91
1980-1984        2      0.00118  0.00118  0.50   98882     117   98823  7025840  71.05
1980-1984        3      0.00081  0.00081  0.50   98765      80   98725  6927017  70.14
1980-1984        4      0.00064  0.00064  0.50   98685      63   98654  6828292  69.19
1980-1984        5      0.00050  0.00050  0.50   98622      50   98597  6729638  68.24
1980-1984        6      0.00044  0.00044  0.50   98572      43   98551  6631041  67.27
1980-1984        7      0.00045  0.00045  0.50   98529      44   98507  6532490  66.30
1980-1984        8      0.00043  0.00043  0.50   98485      42   98464  6433983  65.33
1980-1984        9      0.00040  0.00040  0.50   98443      39   98423  6335519  64.36
1980-1984       10      0.00037  0.00037  0.50   98404      37   98385  6237096  63.38
1980-1984       11      0.00038  0.00038  0.50   98367      38   98348  6138710  62.41
1980-1984       12      0.00040  0.00040  0.50   98329      39   98309  6040362  61.43
1980-1984       13      0.00041  0.00041  0.50   98290      41   98270  5942053  60.45
1980-1984       14      0.00045  0.00045  0.50   98249      44   98227  5843783  59.48
1980-1984       15      0.00062  0.00062  0.50   98205      60   98175  5745556  58.51
1980-1984       16      0.00080  0.00080  0.50   98145      79   98106  5647381  57.54
1980-1984       17      0.00095  0.00095  0.50   98066      94   98020  5549275  56.59
1980-1984       18      0.00110  0.00110  0.50   97973     108   97919  5451256  55.64
1980-1984       19      0.00115  0.00115  0.50   97865     112   97809  5353337  54.70
1980-1984       20      0.00105  0.00105  0.50   97753     103   97701  5255528  53.76
1980-1984       21      0.00108  0.00108  0.50   97650     105   97597  5157827  52.82
1980-1984       22      0.00119  0.00119  0.50   97544     116   97486  5060230  51.88
1980-1984       23      0.00129  0.00129  0.50   97428     125   97366  4962744  50.94
1980-1984       24      0.00127  0.00127  0.50   97303     124   97241  4865378  50.00
1980-1984       25      0.00122  0.00122  0.50   97179     118   97120  4768138  49.07
1980-1984       26      0.00127  0.00127  0.50   97061     123   96999  4671018  48.12
1980-1984       27      0.00125  0.00125  0.50   96937     122   96877  4574019  47.19
1980-1984       28      0.00127  0.00127  0.50   96816     123   96755  4477142  46.24
1980-1984       29      0.00134  0.00134  0.50   96693     129   96629  4380388  45.30
1980-1984       30      0.00134  0.00134  0.50   96564     130   96499  4283759  44.36
1980-1984       31      0.00143  0.00143  0.50   96434     138   96365  4187260  43.42
1980-1984       32      0.00149  0.00148  0.50   96296     143   96225  4090895  42.48
1980-1984       33      0.00159  0.00158  0.50   96153     152   96077  3994670  41.54
1980-1984       34      0.00169  0.00169  0.50   96001     162   95920  3898592  40.61
1980-1984       35      0.00184  0.00184  0.50   95839     177   95751  3802672  39.68
1980-1984       36      0.00201  0.00201  0.50   95663     192   95567  3706921  38.75
1980-1984       37      0.00223  0.00222  0.50   95470     212   95364  3611355  37.83
1980-1984       38      0.00230  0.00230  0.50   95258     219   95149  3515990  36.91
1980-1984       39      0.00249  0.00249  0.50   95039     237   94921  3420842  35.99
1980-1984       40      0.00262  0.00262  0.50   94803     248   94679  3325921  35.08
1980-1984       41      0.00293  0.00292  0.50   94554     276   94416  3231242  34.17
1980-1984       42      0.00313  0.00312  0.50   94278     295   94131  3136826  33.27
1980-1984       43      0.00339  0.00338  0.50   93984     318   93825  3042695  32.37
1980-1984       44      0.00368  0.00368  0.50   93666     344   93493  2948870  31.48
1980-1984       45      0.00408  0.00407  0.50   93321     380   93131  2855377  30.60
1980-1984       46      0.00450  0.00449  0.50   92941     417   92733  2762245  29.72
1980-1984       47      0.00485  0.00483  0.50   92524     447   92300  2669513  28.85
1980-1984       48      0.00515  0.00514  0.50   92077     473   91840  2577212  27.99
1980-1984       49      0.00568  0.00566  0.50   91604     519   91344  2485372  27.13
1980-1984       50      0.00597  0.00595  0.50   91085     542   90814  2394028  26.28
1980-1984       51      0.00649  0.00647  0.50   90543     586   90250  2303214  25.44
1980-1984       52      0.00727  0.00724  0.50   89957     652   89631  2212964  24.60
1980-1984       53      0.00769  0.00766  0.50   89305     684   88963  2123333  23.78
1980-1984       54      0.00843  0.00839  0.50   88621     744   88249  2034371  22.96
1980-1984       55      0.00911  0.00907  0.50   87877     797   87478  1946122  22.15
1980-1984       56      0.01008  0.01003  0.50   87080     874   86643  1858643  21.34
1980-1984       57      0.01079  0.01074  0.50   86206     926   85744  1772000  20.56
1980-1984       58      0.01177  0.01170  0.50   85281     998   84782  1686257  19.77
1980-1984       59      0.01346  0.01337  0.50   84283    1127   83719  1601475  19.00
1980-1984       60      0.01470  0.01459  0.50   83156    1213   82549  1517756  18.25
1980-1984       61      0.01604  0.01592  0.50   81943    1304   81291  1435206  17.51
1980-1984       62      0.01751  0.01736  0.50   80639    1400   79939  1353916  16.79
1980-1984       63      0.01879  0.01861  0.50   79239    1475   78502  1273977  16.08
1980-1984       64      0.02110  0.02088  0.50   77764    1623   76953  1195475  15.37
1980-1984       65      0.02320  0.02293  0.50   76141    1746   75268  1118522  14.69
1980-1984       66      0.02598  0.02565  0.50   74395    1908   73441  1043255  14.02
1980-1984       67      0.02815  0.02776  0.50   72487    2012   71481   969814  13.38
1980-1984       68      0.03149  0.03100  0.50   70475    2185   69382   898333  12.75
1980-1984       69      0.03400  0.03343  0.50   68290    2283   67148   828951  12.14
1980-1984       70      0.03730  0.03662  0.50   66007    2417   64798   761803  11.54
1980-1984       71      0.04032  0.03952  0.50   63590    2513   62333   697004  10.96
1980-1984       72      0.04466  0.04368  0.50   61077    2668   59743   634671  10.39
1980-1984       73      0.04993  0.04871  0.50   58409    2845   56986   574929   9.84
1980-1984       74      0.05425  0.05282  0.50   55563    2935   54096   517943   9.32
1980-1984       75      0.05969  0.05796  0.50   52629    3051   51103   463847   8.81
1980-1984       76      0.06647  0.06433  0.50   49578    3189   47983   412743   8.33
1980-1984       77      0.07369  0.07107  0.50   46389    3297   44740   364760   7.86
1980-1984       78      0.07889  0.07590  0.50   43092    3271   41456   320020   7.43
1980-1984       79      0.08621  0.08265  0.50   39821    3291   38176   278563   7.00
1980-1984       80      0.09759  0.09305  0.50   36530    3399   34830   240388   6.58
1980-1984       81      0.10800  0.10247  0.50   33131    3395   31433   205557   6.20
1980-1984       82      0.12115  0.11423  0.50   29736    3397   28038   174124   5.86
1980-1984       83      0.12911  0.12128  0.50   26339    3194   24742   146086   5.55
1980-1984       84      0.13808  0.12916  0.50   23145    2989   21650   121345   5.24
1980-1984       85      0.15190  0.14118  0.50   20155    2846   18733    99695   4.95
1980-1984       86      0.17184  0.15825  0.50   17310    2739   15940    80962   4.68
1980-1984       87      0.17763  0.16314  0.50   14571    2377   13382    65022   4.46
1980-1984       88      0.18669  0.17076  0.50   12194    2082   11152    51640   4.24
1980-1984       89      0.20553  0.18638  0.50   10111    1885    9169    40487   4.00
1980-1984       90      0.21406  0.19337  0.50    8227    1591    7431    31318   3.81
1980-1984       91      0.23073  0.20687  0.50    6636    1373    5950    23887   3.60
1980-1984       92      0.24846  0.22101  0.50    5263    1163    4682    17937   3.41
1980-1984       93      0.26012  0.23018  0.50    4100     944    3628    13256   3.23
1980-1984       94      0.25517  0.22630  0.50    3156     714    2799     9627   3.05
1980-1984       95      0.31418  0.27152  0.50    2442     663    2110     6828   2.80
1980-1984       96      0.33520  0.28709  0.50    1779     511    1524     4718   2.65
1980-1984       97      0.35686  0.30282  0.50    1268     384    1076     3194   2.52
1980-1984       98      0.37904  0.31865  0.50     884     282     743     2118   2.40
1980-1984       99      0.40165  0.33448  0.50     602     202     502     1375   2.28
1980-1984      100      0.42457  0.35022  0.50     401     140     331      873   2.18
1980-1984      101      0.44768  0.36580  0.50     261      95     213      542   2.08
1980-1984      102      0.47085  0.38112  0.50     165      63     134      329   1.99
1980-1984      103      0.49395  0.39612  0.50     102      41      82      196   1.91
1980-1984      104      0.51687  0.41072  0.50      62      25      49      114   1.84
1980-1984      105      0.53948  0.42487  0.50      36      15      29       64   1.77
1980-1984      106      0.56166  0.43851  0.50      21       9      16       36   1.71
1980-1984      107      0.58332  0.45161  0.50      12       5       9       19   1.66
1980-1984      108      0.60437  0.46412  0.50       6       3       5       10   1.61
1980-1984      109      0.62472  0.47603  0.50       3       2       3        5   1.58
1980-1984      110+     0.64433  1.00000  1.55       2       2       3        3   1.55
1985-1989        0      0.00641  0.00637  0.14  100000     637   99449  7333612  73.34
1985-1989        1      0.00143  0.00143  0.50   99363     142   99292  7234163  72.81
1985-1989        2      0.00093  0.00093  0.50   99221      92   99174  7134871  71.91
1985-1989        3      0.00067  0.00067  0.50   99128      66   99095  7035697  70.98
1985-1989        4      0.00052  0.00052  0.50   99062      51   99036  6936601  70.02
1985-1989        5      0.00045  0.00045  0.50   99011      45   98989  6837565  69.06
1985-1989        6      0.00041  0.00041  0.50   98966      41   98946  6738577  68.09
1985-1989        7      0.00037  0.00037  0.50   98926      37   98907  6639631  67.12
1985-1989        8      0.00039  0.00039  0.50   98889      39   98869  6540723  66.14
1985-1989        9      0.00035  0.00035  0.50   98850      35   98833  6441854  65.17
1985-1989       10      0.00035  0.00035  0.50   98815      35   98798  6343021  64.19
1985-1989       11      0.00032  0.00032  0.50   98780      32   98764  6244224  63.21
1985-1989       12      0.00035  0.00035  0.50   98748      34   98731  6145459  62.23
1985-1989       13      0.00041  0.00041  0.50   98714      41   98693  6046728  61.26
1985-1989       14      0.00047  0.00047  0.50   98673      46   98650  5948035  60.28
1985-1989       15      0.00066  0.00066  0.50   98627      65   98594  5849385  59.31
1985-1989       16      0.00089  0.00088  0.50   98562      87   98518  5750791  58.35
1985-1989       17      0.00104  0.00103  0.50   98474     102   98423  5652273  57.40
1985-1989       18      0.00122  0.00122  0.50   98372     120   98313  5553849  56.46
1985-1989       19      0.00121  0.00121  0.50   98253     119   98193  5455537  55.53
1985-1989       20      0.00108  0.00108  0.50   98134     106   98081  5357343  54.59
1985-1989       21      0.00098  0.00098  0.50   98028      97   97980  5259262  53.65
1985-1989       22      0.00114  0.00114  0.50   97932     112   97876  5161282  52.70
1985-1989       23      0.00119  0.00119  0.50   97820     117   97761  5063407  51.76
1985-1989       24      0.00121  0.00121  0.50   97703     118   97644  4965646  50.82
1985-1989       25      0.00121  0.00121  0.50   97585     118   97526  4868001  49.88
1985-1989       26      0.00124  0.00124  0.50   97467     121   97407  4770475  48.94
1985-1989       27      0.00121  0.00121  0.50   97346     117   97288  4673068  48.00
1985-1989       28      0.00124  0.00124  0.50   97229     121   97169  4575781  47.06
1985-1989       29      0.00124  0.00124  0.50   97108     120   97048  4478612  46.12
1985-1989       30      0.00133  0.00133  0.50   96988     129   96924  4381564  45.18
1985-1989       31      0.00135  0.00135  0.50   96859     131   96794  4284640  44.24
1985-1989       32      0.00149  0.00149  0.50   96728     144   96656  4187846  43.29
1985-1989       33      0.00148  0.00148  0.50   96585     143   96513  4091190  42.36
1985-1989       34      0.00159  0.00159  0.50   96442     154   96365  3994677  41.42
1985-1989       35      0.00174  0.00173  0.50   96288     167   96205  3898311  40.49
1985-1989       36      0.00183  0.00183  0.50   96121     176   96033  3802106  39.56
1985-1989       37      0.00195  0.00195  0.50   95945     187   95852  3706073  38.63
1985-1989       38      0.00208  0.00208  0.50   95758     199   95659  3610221  37.70
1985-1989       39      0.00232  0.00232  0.50   95559     221   95448  3514562  36.78
1985-1989       40      0.00242  0.00241  0.50   95338     230   95223  3419114  35.86
1985-1989       41      0.00261  0.00260  0.50   95108     248   94984  3323891  34.95
1985-1989       42      0.00298  0.00298  0.50   94860     282   94719  3228908  34.04
1985-1989       43      0.00313  0.00312  0.50   94578     295   94430  3134189  33.14
1985-1989       44      0.00334  0.00333  0.50   94282     314   94126  3039759  32.24
1985-1989       45      0.00366  0.00365  0.50   93969     343   93797  2945633  31.35
1985-1989       46      0.00397  0.00397  0.50   93625     371   93440  2851836  30.46
1985-1989       47      0.00430  0.00429  0.50   93254     400   93054  2758397  29.58
1985-1989       48      0.00474  0.00473  0.50   92854     439   92634  2665343  28.70
1985-1989       49      0.00504  0.00503  0.50   92415     465   92182  2572709  27.84
1985-1989       50      0.00557  0.00556  0.50   91950     511   91694  2480527  26.98
1985-1989       51      0.00599  0.00597  0.50   91438     546   91166  2388833  26.13
1985-1989       52      0.00629  0.00627  0.50   90893     570   90607  2297667  25.28
1985-1989       53      0.00692  0.00690  0.50   90322     623   90011  2207060  24.44
1985-1989       54      0.00753  0.00750  0.50   89699     673   89363  2117049  23.60
1985-1989       55      0.00810  0.00807  0.50   89026     718   88667  2027686  22.78
1985-1989       56      0.00890  0.00886  0.50   88308     783   87917  1939019  21.96
1985-1989       57      0.00962  0.00958  0.50   87525     838   87106  1851102  21.15
1985-1989       58      0.01032  0.01027  0.50   86687     890   86242  1763996  20.35
1985-1989       59      0.01156  0.01149  0.50   85797     986   85304  1677754  19.56
1985-1989       60      0.01256  0.01248  0.50   84811    1059   84281  1592451  18.78
1985-1989       61      0.01385  0.01375  0.50   83752    1152   83176  1508169  18.01
1985-1989       62      0.01554  0.01542  0.50   82600    1274   81964  1424993  17.25
1985-1989       63      0.01702  0.01687  0.50   81327    1372   80641  1343029  16.51
1985-1989       64      0.01874  0.01857  0.50   79955    1484   79212  1262389  15.79
1985-1989       65      0.02101  0.02079  0.50   78470    1631   77655  1183176  15.08
1985-1989       66      0.02296  0.02270  0.50   76839    1744   75967  1105522  14.39
1985-1989       67      0.02522  0.02491  0.50   75095    1871   74160  1029555  13.71
1985-1989       68      0.02843  0.02803  0.50   73224    2053   72198   955395  13.05
1985-1989       69      0.03148  0.03100  0.50   71172    2206   70069   883197  12.41
1985-1989       70      0.03421  0.03364  0.50   68966    2320   67806   813129  11.79
1985-1989       71      0.03816  0.03745  0.50   66646    2496   65398   745323  11.18
1985-1989       72      0.04174  0.04088  0.50   64150    2623   62839   679925  10.60
1985-1989       73      0.04683  0.04576  0.50   61527    2816   60120   617086  10.03
1985-1989       74      0.05151  0.05022  0.50   58712    2948   57238   556967   9.49
1985-1989       75      0.05695  0.05538  0.50   55764    3088   54220   499729   8.96
1985-1989       76      0.06225  0.06037  0.50   52676    3180   51086   445509   8.46
1985-1989       77      0.06883  0.06654  0.50   49495    3294   47849   394424   7.97
1985-1989       78      0.07640  0.07359  0.50   46202    3400   44502   346575   7.50
1985-1989       79      0.08145  0.07827  0.50   42802    3350   41127   302073   7.06
1985-1989       80      0.09822  0.09363  0.50   39452    3694   37605   260946   6.61
1985-1989       81      0.10692  0.10150  0.50   35758    3629   33944   223341   6.25
1985-1989       82      0.11715  0.11066  0.50   32129    3556   30351   189397   5.89
1985-1989       83      0.12696  0.11938  0.50   28573    3411   26868   159046   5.57
1985-1989       84      0.13678  0.12802  0.50   25162    3221   23552   132178   5.25
1985-1989       85      0.14673  0.13670  0.50   21941    2999   20441   108627   4.95
1985-1989       86      0.16511  0.15252  0.50   18942    2889   17497    88185   4.66
1985-1989       87      0.17925  0.16450  0.50   16053    2641   14732    70688   4.40
1985-1989       88      0.19233  0.17546  0.50   13412    2353   12235    55956   4.17
1985-1989       89      0.20732  0.18785  0.50   11059    2077   10020    43720   3.95
1985-1989       90      0.21527  0.19435  0.50    8981    1746    8109    33700   3.75
1985-1989       91      0.22912  0.20557  0.50    7236    1487    6492    25592   3.54
1985-1989       92      0.25088  0.22292  0.50    5748    1281    5108    19100   3.32
1985-1989       93      0.27066  0.23840  0.50    4467    1065    3934    13992   3.13
1985-1989       94      0.27918  0.24498  0.50    3402     833    2985    10058   2.96
1985-1989       95      0.31857  0.27480  0.50    2569     706    2216     7072   2.75
1985-1989       96      0.34047  0.29094  0.50    1863     542    1592     4857   2.61
1985-1989       97      0.36311  0.30732  0.50    1321     406    1118     3265   2.47
1985-1989       98      0.38640  0.32384  0.50     915     296     767     2147   2.35
1985-1989       99      0.41026  0.34043  0.50     619     211     513     1380   2.23
1985-1989      100      0.43456  0.35699  0.50     408     146     335      867   2.12
1985-1989      101      0.45920  0.37346  0.50     262      98     213      532   2.03
1985-1989      102      0.48406  0.38973  0.50     164      64     132      318   1.94
1985-1989      103      0.50901  0.40575  0.50     100      41      80      186   1.85
1985-1989      104      0.53392  0.42142  0.50      60      25      47      106   1.78
1985-1989      105      0.55866  0.43668  0.50      34      15      27       59   1.71
1985-1989      106      0.58310  0.45148  0.50      19       9      15       32   1.65
1985-1989      107      0.60714  0.46575  0.50      11       5       8       17   1.59
1985-1989      108      0.63066  0.47947  0.50       6       3       4        9   1.54
1985-1989      109      0.65356  0.49259  0.50       3       1       2        4   1.50
1985-1989      110+     0.67575  1.00000  1.48       2       2       2        2   1.48
1990-1994        0      0.00558  0.00555  0.14  100000     555   99521  7432750  74.33
1990-1994        1      0.00107  0.00107  0.50   99445     106   99392  7333229  73.74
1990-1994        2      0.00076  0.00076  0.50   99339      76   99301  7233837  72.82
1990-1994        3      0.00056  0.00056  0.50   99263      55   99235  7134536  71.88
1990-1994        4      0.00042  0.00042  0.50   99208      42   99187  7035301  70.91
1990-1994        5      0.00037  0.00037  0.50   99166      37   99147  6936114  69.94
1990-1994        6      0.00032  0.00032  0.50   99129      32   99113  6836967  68.97
1990-1994        7      0.00032  0.00032  0.50   99097      31   99081  6737854  67.99
1990-1994        8      0.00032  0.00032  0.50   99066      32   99050  6638772  67.01
1990-1994        9      0.00029  0.00029  0.50   99034      29   99020  6539722  66.03
1990-1994       10      0.00028  0.00028  0.50   99006      28   98992  6440702  65.05
1990-1994       11      0.00028  0.00028  0.50   98978      28   98964  6341711  64.07
1990-1994       12      0.00030  0.00030  0.50   98949      30   98934  6242747  63.09
1990-1994       13      0.00037  0.00037  0.50   98919      37   98901  6143813  62.11
1990-1994       14      0.00049  0.00049  0.50   98883      49   98858  6044912  61.13
1990-1994       15      0.00067  0.00067  0.50   98834      66   98801  5946053  60.16
1990-1994       16      0.00091  0.00091  0.50   98768      90   98723  5847252  59.20
1990-1994       17      0.00098  0.00098  0.50   98678      97   98629  5748530  58.26
1990-1994       18      0.00113  0.00113  0.50   98581     111   98525  5649900  57.31
1990-1994       19      0.00106  0.00106  0.50   98470     105   98418  5551375  56.38
1990-1994       20      0.00094  0.00094  0.50   98365      92   98319  5452957  55.44
1990-1994       21      0.00097  0.00097  0.50   98273      95   98226  5354638  54.49
1990-1994       22      0.00109  0.00109  0.50   98178     107   98125  5256412  53.54
1990-1994       23      0.00114  0.00113  0.50   98072     111   98016  5158287  52.60
1990-1994       24      0.00110  0.00110  0.50   97960     108   97907  5060271  51.66
1990-1994       25      0.00112  0.00112  0.50   97853     110   97798  4962364  50.71
1990-1994       26      0.00119  0.00119  0.50   97743     116   97685  4864566  49.77
1990-1994       27      0.00119  0.00119  0.50   97627     116   97569  4766881  48.83
1990-1994       28      0.00126  0.00125  0.50   97511     122   97450  4669312  47.89
1990-1994       29      0.00132  0.00132  0.50   97389     128   97324  4571862  46.94
1990-1994       30      0.00134  0.00134  0.50   97260     130   97195  4474538  46.01
1990-1994       31      0.00143  0.00143  0.50   97130     138   97060  4377343  45.07
1990-1994       32      0.00143  0.00143  0.50   96991     138   96922  4280283  44.13
1990-1994       33      0.00152  0.00151  0.50   96853     147   96780  4183361  43.19
1990-1994       34      0.00166  0.00166  0.50   96706     160   96626  4086581  42.26
1990-1994       35      0.00172  0.00172  0.50   96546     166   96463  3989955  41.33
1990-1994       36      0.00182  0.00181  0.50   96380     175   96293  3893492  40.40
1990-1994       37      0.00193  0.00193  0.50   96205     186   96112  3797199  39.47
1990-1994       38      0.00212  0.00212  0.50   96019     203   95918  3701087  38.55
1990-1994       39      0.00223  0.00223  0.50   95816     214   95710  3605169  37.63
1990-1994       40      0.00245  0.00245  0.50   95603     234   95486  3509459  36.71
1990-1994       41      0.00251  0.00251  0.50   95369     239   95249  3413973  35.80
1990-1994       42      0.00284  0.00284  0.50   95129     270   94994  3318724  34.89
1990-1994       43      0.00303  0.00303  0.50   94859     287   94716  3223730  33.98
1990-1994       44      0.00314  0.00314  0.50   94572     297   94424  3129014  33.09
1990-1994       45      0.00346  0.00345  0.50   94275     325   94113  3034591  32.19
1990-1994       46      0.00379  0.00379  0.50   93950     356   93772  2940478  31.30
1990-1994       47      0.00410  0.00409  0.50   93594     383   93403  2846706  30.42
1990-1994       48      0.00435  0.00434  0.50   93211     404   93009  2753303  29.54
1990-1994       49      0.00496  0.00495  0.50   92807     459   92577  2660294  28.66
1990-1994       50      0.00505  0.00504  0.50   92348     465   92115  2567717  27.80
1990-1994       51      0.00561  0.00560  0.50   91883     514   91626  2475601  26.94
1990-1994       52      0.00600  0.00598  0.50   91369     547   91095  2383976  26.09
1990-1994       53      0.00656  0.00654  0.50   90822     594   90525  2292881  25.25
1990-1994       54      0.00698  0.00695  0.50   90228     627   89914  2202356  24.41
1990-1994       55      0.00774  0.00771  0.50   89601     691   89255  2112442  23.58
1990-1994       56      0.00844  0.00841  0.50   88910     747   88536  2023186  22.76
1990-1994       57      0.00923  0.00919  0.50   88162     810   87757  1934650  21.94
1990-1994       58      0.00980  0.00975  0.50   87352     852   86926  1846893  21.14
1990-1994       59      0.01079  0.01073  0.50   86501     928   86037  1759967  20.35
1990-1994       60      0.01220  0.01213  0.50   85573    1038   85054  1673930  19.56
1990-1994       61      0.01271  0.01263  0.50   84535    1068   84001  1588876  18.80
1990-1994       62      0.01411  0.01402  0.50   83467    1170   82882  1504875  18.03
1990-1994       63      0.01570  0.01558  0.50   82297    1282   81656  1421993  17.28
1990-1994       64      0.01733  0.01718  0.50   81015    1392   80320  1340337  16.54
1990-1994       65      0.01867  0.01849  0.50   79624    1473   78887  1260017  15.82
1990-1994       66      0.02055  0.02034  0.50   78151    1590   77356  1181130  15.11
1990-1994       67      0.02266  0.02241  0.50   76561    1715   75704  1103773  14.42
1990-1994       68      0.02516  0.02485  0.50   74846    1860   73916  1028070  13.74
1990-1994       69      0.02737  0.02700  0.50   72986    1971   72001   954154  13.07
1990-1994       70      0.03045  0.02999  0.50   71015    2130   69950   882153  12.42
1990-1994       71      0.03388  0.03332  0.50   68886    2295   67738   812203  11.79
1990-1994       72      0.03711  0.03643  0.50   66590    2426   65377   744465  11.18
1990-1994       73      0.04144  0.04060  0.50   64164    2605   62862   679087  10.58
1990-1994       74      0.04578  0.04476  0.50   61559    2755   60182   616226  10.01
1990-1994       75      0.05088  0.04962  0.50   58804    2918   57345   556044   9.46
1990-1994       76      0.05702  0.05544  0.50   55886    3098   54337   498699   8.92
1990-1994       77      0.06324  0.06130  0.50   52788    3236   51170   444362   8.42
1990-1994       78      0.06897  0.06667  0.50   49552    3304   47900   393192   7.93
1990-1994       79      0.07538  0.07265  0.50   46248    3360   44568   345292   7.47
1990-1994       80      0.08770  0.08401  0.50   42888    3603   41087   300724   7.01
1990-1994       81      0.09671  0.09225  0.50   39285    3624   37473   259637   6.61
1990-1994       82      0.10423  0.09907  0.50   35661    3533   33895   222164   6.23
1990-1994       83      0.11401  0.10786  0.50   32128    3465   30396   188269   5.86
1990-1994       84      0.12586  0.11841  0.50   28663    3394   26966   157874   5.51
1990-1994       85      0.13960  0.13049  0.50   25269    3297   23620   130908   5.18
1990-1994       86      0.15222  0.14146  0.50   21971    3108   20417   107288   4.88
1990-1994       87      0.16154  0.14947  0.50   18863    2820   17454    86870   4.61
1990-1994       88      0.18199  0.16681  0.50   16044    2676   14706    69417   4.33
1990-1994       89      0.19120  0.17451  0.50   13368    2333   12201    54711   4.09
1990-1994       90      0.20629  0.18700  0.50   11035    2064   10003    42510   3.85
1990-1994       91      0.22735  0.20414  0.50    8971    1831    8056    32507   3.62
1990-1994       92      0.24064  0.21480  0.50    7140    1534    6373    24451   3.42
1990-1994       93      0.25699  0.22773  0.50    5606    1277    4968    18078   3.22
1990-1994       94      0.27314  0.24032  0.50    4330    1040    3809    13110   3.03
1990-1994       95      0.30639  0.26569  0.50    3289     874    2852     9301   2.83
1990-1994       96      0.32888  0.28244  0.50    2415     682    2074     6449   2.67
1990-1994       97      0.35222  0.29948  0.50    1733     519    1474     4375   2.52
1990-1994       98      0.37634  0.31674  0.50    1214     385    1022     2901   2.39
1990-1994       99      0.40112  0.33411  0.50     830     277     691     1880   2.27
1990-1994      100      0.42646  0.35151  0.50     552     194     455     1189   2.15
1990-1994      101      0.45222  0.36882  0.50     358     132     292      733   2.05
1990-1994      102      0.47826  0.38597  0.50     226      87     182      441   1.95
1990-1994      103      0.50445  0.40284  0.50     139      56     111      259   1.86
1990-1994      104      0.53063  0.41937  0.50      83      35      66      148   1.78
1990-1994      105      0.55667  0.43546  0.50      48      21      38       82   1.71
1990-1994      106      0.58240  0.45105  0.50      27      12      21       45   1.65
1990-1994      107      0.60770  0.46608  0.50      15       7      11       24   1.59
1990-1994      108      0.63244  0.48050  0.50       8       4       6       12   1.54
1990-1994      109      0.65651  0.49426  0.50       4       2       3        6   1.50
1990-1994      110+     0.67979  1.00000  1.47       2       2       3        3   1.47
1995-1999        0      0.00726  0.00722  0.13  100000     722   99375  7509382  75.09
1995-1999        1      0.00097  0.00096  0.50   99278      96   99231  7410007  74.64
1995-1999        2      0.00061  0.00061  0.50   99183      60   99153  7310776  73.71
1995-1999        3      0.00043  0.00043  0.50   99123      43   99101  7211623  72.75
1995-1999        4      0.00036  0.00036  0.50   99080      35   99062  7112522  71.79
1995-1999        5      0.00028  0.00028  0.50   99044      27   99031  7013460  70.81
1995-1999        6      0.00028  0.00028  0.50   99017      27   99003  6914430  69.83
1995-1999        7      0.00027  0.00027  0.50   98990      27   98976  6815426  68.85
1995-1999        8      0.00025  0.00025  0.50   98963      25   98950  6716450  67.87
1995-1999        9      0.00025  0.00025  0.50   98938      24   98926  6617499  66.89
1995-1999       10      0.00024  0.00024  0.50   98913      24   98902  6518574  65.90
1995-1999       11      0.00024  0.00024  0.50   98890      24   98878  6419672  64.92
1995-1999       12      0.00026  0.00026  0.50   98866      26   98853  6320794  63.93
1995-1999       13      0.00033  0.00033  0.50   98839      33   98823  6221942  62.95
1995-1999       14      0.00041  0.00041  0.50   98807      41   98786  6123119  61.97
1995-1999       15      0.00061  0.00061  0.50   98766      60   98736  6024333  61.00
1995-1999       16      0.00074  0.00074  0.50   98705      73   98669  5925597  60.03
1995-1999       17      0.00080  0.00080  0.50   98632      79   98593  5826928  59.08
1995-1999       18      0.00097  0.00097  0.50   98553      96   98505  5728336  58.12
1995-1999       19      0.00088  0.00088  0.50   98457      87   98414  5629830  57.18
1995-1999       20      0.00082  0.00082  0.50   98370      81   98330  5531417  56.23
1995-1999       21      0.00082  0.00082  0.50   98290      81   98249  5433086  55.28
1995-1999       22      0.00092  0.00092  0.50   98209      91   98163  5334837  54.32
1995-1999       23      0.00098  0.00098  0.50   98118      96   98070  5236674  53.37
1995-1999       24      0.00099  0.00099  0.50   98022      97   97974  5138603  52.42
1995-1999       25      0.00099  0.00099  0.50   97926      97   97877  5040629  51.47
1995-1999       26      0.00101  0.00101  0.50   97829      99   97780  4942752  50.52
1995-1999       27      0.00107  0.00107  0.50   97730     104   97678  4844973  49.57
1995-1999       28      0.00111  0.00111  0.50   97626     109   97572  4747294  48.63
1995-1999       29      0.00116  0.00116  0.50   97517     113   97461  4649723  47.68
1995-1999       30      0.00124  0.00124  0.50   97405     121   97344  4552262  46.74
1995-1999       31      0.00130  0.00130  0.50   97284     126   97221  4454918  45.79
1995-1999       32      0.00143  0.00143  0.50   97158     139   97088  4357697  44.85
1995-1999       33      0.00146  0.00146  0.50   97019     142   96948  4260609  43.92
1995-1999       34      0.00159  0.00159  0.50   96877     154   96801  4163660  42.98
1995-1999       35      0.00171  0.00171  0.50   96724     165   96641  4066860  42.05
1995-1999       36      0.00181  0.00181  0.50   96558     175   96471  3970219  41.12
1995-1999       37      0.00196  0.00196  0.50   96383     189   96289  3873748  40.19
1995-1999       38      0.00209  0.00209  0.50   96195     201   96094  3777459  39.27
1995-1999       39      0.00221  0.00220  0.50   95994     212   95888  3681365  38.35
1995-1999       40      0.00234  0.00233  0.50   95783     223   95671  3585476  37.43
1995-1999       41      0.00254  0.00254  0.50   95559     242   95438  3489805  36.52
1995-1999       42      0.00270  0.00270  0.50   95317     257   95188  3394368  35.61
1995-1999       43      0.00296  0.00296  0.50   95060     281   94919  3299179  34.71
1995-1999       44      0.00311  0.00310  0.50   94779     294   94631  3204260  33.81
1995-1999       45      0.00334  0.00333  0.50   94484     315   94327  3109629  32.91
1995-1999       46      0.00368  0.00367  0.50   94169     346   93996  3015302  32.02
1995-1999       47      0.00381  0.00380  0.50   93824     357   93645  2921306  31.14
1995-1999       48      0.00419  0.00418  0.50   93467     391   93271  2827660  30.25
1995-1999       49      0.00449  0.00448  0.50   93076     417   92867  2734389  29.38
1995-1999       50      0.00502  0.00501  0.50   92659     464   92427  2641522  28.51
1995-1999       51      0.00547  0.00545  0.50   92195     503   91943  2549095  27.65
1995-1999       52      0.00566  0.00564  0.50   91692     518   91433  2457152  26.80
1995-1999       53      0.00626  0.00624  0.50   91175     569   90890  2365718  25.95
1995-1999       54      0.00683  0.00681  0.50   90606     617   90298  2274828  25.11
1995-1999       55      0.00739  0.00737  0.50   89989     663   89658  2184531  24.28
1995-1999       56      0.00781  0.00778  0.50   89326     695   88979  2094873  23.45
1995-1999       57      0.00859  0.00855  0.50   88631     758   88252  2005894  22.63
1995-1999       58      0.00948  0.00944  0.50   87873     829   87458  1917642  21.82
1995-1999       59      0.01005  0.01000  0.50   87044     871   86608  1830184  21.03
1995-1999       60      0.01125  0.01119  0.50   86173     964   85691  1743575  20.23
1995-1999       61      0.01236  0.01228  0.50   85209    1046   84686  1657884  19.46
1995-1999       62      0.01349  0.01340  0.50   84162    1127   83599  1573199  18.69
1995-1999       63      0.01469  0.01458  0.50   83035    1211   82430  1489600  17.94
1995-1999       64      0.01578  0.01566  0.50   81824    1281   81183  1407171  17.20
1995-1999       65      0.01741  0.01726  0.50   80543    1390   79848  1325987  16.46
1995-1999       66      0.01916  0.01898  0.50   79153    1502   78402  1246139  15.74
1995-1999       67      0.02098  0.02076  0.50   77651    1612   76845  1167738  15.04
1995-1999       68      0.02279  0.02253  0.50   76038    1713   75182  1090893  14.35
1995-1999       69      0.02517  0.02485  0.50   74325    1847   73402  1015711  13.67
1995-1999       70      0.02763  0.02726  0.50   72478    1975   71490   942309  13.00
1995-1999       71      0.03038  0.02993  0.50   70503    2110   69448   870819  12.35
1995-1999       72      0.03371  0.03315  0.50   68393    2267   67259   801371  11.72
1995-1999       73      0.03706  0.03638  0.50   66126    2406   64923   734112  11.10
1995-1999       74      0.04108  0.04026  0.50   63720    2565   62437   669189  10.50
1995-1999       75      0.04593  0.04490  0.50   61155    2746   59782   606752   9.92
1995-1999       76      0.04990  0.04868  0.50   58409    2843   56987   546970   9.36
1995-1999       77      0.05510  0.05362  0.50   55566    2979   54076   489982   8.82
1995-1999       78      0.06101  0.05921  0.50   52586    3113   51029   435906   8.29
1995-1999       79      0.06846  0.06619  0.50   49473    3275   47835   384877   7.78
1995-1999       80      0.08072  0.07758  0.50   46198    3584   44406   337042   7.30
1995-1999       81      0.08610  0.08255  0.50   42614    3518   40855   292636   6.87
1995-1999       82      0.09724  0.09273  0.50   39096    3625   37283   251781   6.44
1995-1999       83      0.10842  0.10284  0.50   35471    3648   33647   214497   6.05
1995-1999       84      0.11981  0.11304  0.50   31823    3597   30024   180851   5.68
1995-1999       85      0.12968  0.12178  0.50   28226    3437   26507   150827   5.34
1995-1999       86      0.14324  0.13366  0.50   24788    3313   23132   124320   5.02
1995-1999       87      0.15544  0.14423  0.50   21475    3097   19926   101188   4.71
1995-1999       88      0.17328  0.15947  0.50   18378    2931   16912    81262   4.42
1995-1999       89      0.18256  0.16729  0.50   15447    2584   14155    64350   4.17
1995-1999       90      0.20628  0.18700  0.50   12863    2405   11660    50195   3.90
1995-1999       91      0.21939  0.19771  0.50   10458    2068    9424    38534   3.68
1995-1999       92      0.23197  0.20786  0.50    8390    1744    7518    29111   3.47
1995-1999       93      0.25129  0.22324  0.50    6646    1484    5904    21592   3.25
1995-1999       94      0.27697  0.24328  0.50    5162    1256    4534    15688   3.04
1995-1999       95      0.30085  0.26151  0.50    3906    1022    3396    11154   2.86
1995-1999       96      0.32413  0.27893  0.50    2885     805    2483     7758   2.69
1995-1999       97      0.34839  0.29670  0.50    2080     617    1772     5276   2.54
1995-1999       98      0.37352  0.31474  0.50    1463     460    1233     3504   2.40
1995-1999       99      0.39943  0.33293  0.50    1003     334     836     2271   2.27
1995-1999      100      0.42597  0.35118  0.50     669     235     551     1435   2.15
1995-1999      101      0.45302  0.36936  0.50     434     160     354      884   2.04
1995-1999      102      0.48041  0.38736  0.50     274     106     221      530   1.94
1995-1999      103      0.50798  0.40509  0.50     168      68     134      310   1.85
1995-1999      104      0.53556  0.42244  0.50     100      42      79      176   1.77
1995-1999      105      0.56297  0.43931  0.50      58      25      45       97   1.69
1995-1999      106      0.59006  0.45563  0.50      32      15      25       52   1.62
1995-1999      107      0.61665  0.47133  0.50      18       8      13       27   1.56
1995-1999      108      0.64261  0.48635  0.50       9       5       7       14   1.51
1995-1999      109      0.66780  0.50064  0.50       5       2       4        7   1.47
1995-1999      110+     0.69209  1.00000  1.44       2       2       3        3   1.44
2000-2004        0      0.00614  0.00611  0.14  100000     611   99472  7670967  76.71
2000-2004        1      0.00070  0.00070  0.50   99389      70   99354  7571494  76.18
2000-2004        2      0.00047  0.00047  0.50   99319      47   99296  7472140  75.23
2000-2004        3      0.00034  0.00034  0.50   99273      34   99256  7372844  74.27
2000-2004        4      0.00027  0.00027  0.50   99239      27   99226  7273588  73.29
2000-2004        5      0.00021  0.00021  0.50   99212      20   99202  7174362  72.31
2000-2004        6      0.00022  0.00022  0.50   99192      22   99181  7075160  71.33
2000-2004        7      0.00020  0.00020  0.50   99170      20   99160  6975979  70.34
2000-2004        8      0.00016  0.00016  0.50   99150      16   99142  6876819  69.36
2000-2004        9      0.00016  0.00016  0.50   99134      16   99126  6777677  68.37
2000-2004       10      0.00017  0.00017  0.50   99118      17   99110  6678550  67.38
2000-2004       11      0.00018  0.00018  0.50   99101      17   99093  6579441  66.39
2000-2004       12      0.00019  0.00019  0.50   99084      19   99075  6480348  65.40
2000-2004       13      0.00020  0.00020  0.50   99065      20   99055  6381274  64.41
2000-2004       14      0.00023  0.00023  0.50   99045      23   99033  6282219  63.43
2000-2004       15      0.00038  0.00038  0.50   99022      37   99003  6183185  62.44
2000-2004       16      0.00045  0.00045  0.50   98984      45   98962  6084182  61.47
2000-2004       17      0.00056  0.00056  0.50   98940      55   98912  5985220  60.49
2000-2004       18      0.00074  0.00074  0.50   98884      73   98848  5886308  59.53
2000-2004       19      0.00069  0.00069  0.50   98811      68   98777  5787461  58.57
2000-2004       20      0.00065  0.00065  0.50   98743      64   98711  5688683  57.61
2000-2004       21      0.00069  0.00069  0.50   98680      68   98646  5589972  56.65
2000-2004       22      0.00067  0.00067  0.50   98612      66   98579  5491326  55.69
2000-2004       23      0.00074  0.00073  0.50   98546      72   98509  5392748  54.72
2000-2004       24      0.00079  0.00079  0.50   98473      78   98434  5294238  53.76
2000-2004       25      0.00079  0.00079  0.50   98396      77   98357  5195804  52.81
2000-2004       26      0.00084  0.00084  0.50   98318      82   98277  5097447  51.85
2000-2004       27      0.00087  0.00087  0.50   98236      85   98193  4999170  50.89
2000-2004       28      0.00090  0.00090  0.50   98150      89   98106  4900977  49.93
2000-2004       29      0.00096  0.00096  0.50   98062      94   98015  4802870  48.98
2000-2004       30      0.00105  0.00105  0.50   97968     103   97917  4704855  48.02
2000-2004       31      0.00113  0.00113  0.50   97865     110   97810  4606939  47.07
2000-2004       32      0.00120  0.00120  0.50   97755     117   97696  4509129  46.13
2000-2004       33      0.00127  0.00127  0.50   97637     124   97575  4411432  45.18
2000-2004       34      0.00144  0.00144  0.50   97513     141   97443  4313857  44.24
2000-2004       35      0.00147  0.00147  0.50   97372     144   97301  4216414  43.30
2000-2004       36      0.00162  0.00161  0.50   97229     157   97151  4119113  42.37
2000-2004       37      0.00175  0.00175  0.50   97072     170   96987  4021963  41.43
2000-2004       38      0.00192  0.00192  0.50   96902     186   96809  3924976  40.50
2000-2004       39      0.00204  0.00204  0.50   96715     197   96617  3828167  39.58
2000-2004       40      0.00213  0.00213  0.50   96518     206   96415  3731551  38.66
2000-2004       41      0.00234  0.00234  0.50   96312     225   96200  3635135  37.74
2000-2004       42      0.00260  0.00259  0.50   96087     249   95962  3538936  36.83
2000-2004       43      0.00276  0.00276  0.50   95838     264   95706  3442973  35.92
2000-2004       44      0.00286  0.00286  0.50   95573     273   95437  3347268  35.02
2000-2004       45      0.00314  0.00314  0.50   95300     299   95151  3251831  34.12
2000-2004       46      0.00330  0.00330  0.50   95001     313   94845  3156680  33.23
2000-2004       47      0.00363  0.00363  0.50   94688     343   94516  3061835  32.34
2000-2004       48      0.00378  0.00378  0.50   94345     356   94167  2967319  31.45
2000-2004       49      0.00413  0.00412  0.50   93988     387   93795  2873152  30.57
2000-2004       50      0.00436  0.00435  0.50   93601     408   93398  2779357  29.69
2000-2004       51      0.00486  0.00485  0.50   93194     452   92968  2685960  28.82
2000-2004       52      0.00526  0.00525  0.50   92742     486   92499  2592992  27.96
2000-2004       53      0.00557  0.00555  0.50   92256     512   91999  2500493  27.10
2000-2004       54      0.00603  0.00602  0.50   91743     552   91467  2408494  26.25
2000-2004       55      0.00666  0.00664  0.50   91191     605   90888  2317026  25.41
2000-2004       56      0.00711  0.00708  0.50   90586     642   90265  2226138  24.57
2000-2004       57      0.00769  0.00766  0.50   89944     689   89599  2135873  23.75
2000-2004       58      0.00843  0.00840  0.50   89255     749   88880  2046274  22.93
2000-2004       59      0.00907  0.00903  0.50   88505     799   88106  1957394  22.12
2000-2004       60      0.00989  0.00984  0.50   87706     863   87275  1869288  21.31
2000-2004       61      0.01065  0.01059  0.50   86843     920   86383  1782013  20.52
2000-2004       62      0.01169  0.01162  0.50   85923     999   85424  1695630  19.73
2000-2004       63      0.01273  0.01265  0.50   84925    1074   84387  1610206  18.96
2000-2004       64      0.01400  0.01390  0.50   83850    1166   83267  1525818  18.20
2000-2004       65      0.01547  0.01535  0.50   82684    1270   82050  1442551  17.45
2000-2004       66      0.01690  0.01676  0.50   81415    1364   80733  1360501  16.71
2000-2004       67      0.01835  0.01818  0.50   80050    1455   79323  1279769  15.99
2000-2004       68      0.02025  0.02005  0.50   78595    1576   77807  1200446  15.27
2000-2004       69      0.02233  0.02208  0.50   77020    1701   76169  1122639  14.58
2000-2004       70      0.02457  0.02427  0.50   75319    1828   74405  1046469  13.89
2000-2004       71      0.02729  0.02692  0.50   73491    1979   72502   972064  13.23
2000-2004       72      0.02981  0.02938  0.50   71512    2101   70462   899563  12.58
2000-2004       73      0.03258  0.03206  0.50   69412    2225   68299   829100  11.94
2000-2004       74      0.03607  0.03543  0.50   67187    2380   65997   760801  11.32
2000-2004       75      0.03972  0.03894  0.50   64806    2524   63545   694805  10.72
2000-2004       76      0.04361  0.04268  0.50   62283    2658   60954   631260  10.14
2000-2004       77      0.04818  0.04705  0.50   59624    2805   58222   570306   9.56
2000-2004       78      0.05260  0.05126  0.50   56819    2912   55363   512084   9.01
2000-2004       79      0.05919  0.05749  0.50   53907    3099   52357   456721   8.47
2000-2004       80      0.06786  0.06564  0.50   50808    3335   49141   404364   7.96
2000-2004       81      0.07441  0.07174  0.50   47473    3406   45770   355223   7.48
2000-2004       82      0.08437  0.08095  0.50   44067    3567   42284   309453   7.02
2000-2004       83      0.09184  0.08781  0.50   40500    3556   38722   267169   6.60
2000-2004       84      0.10364  0.09853  0.50   36944    3640   35124   228447   6.18
2000-2004       85      0.11260  0.10660  0.50   33304    3550   31529   193323   5.80
2000-2004       86      0.12242  0.11535  0.50   29753    3432   28037   161795   5.44
2000-2004       87      0.13893  0.12991  0.50   26321    3419   24612   133757   5.08
2000-2004       88      0.15353  0.14259  0.50   22902    3266   21269   109146   4.77
2000-2004       89      0.16732  0.15441  0.50   19636    3032   18120    87876   4.48
2000-2004       90      0.17973  0.16491  0.50   16604    2738   15235    69756   4.20
2000-2004       91      0.20066  0.18236  0.50   13866    2529   12602    54521   3.93
2000-2004       92      0.21072  0.19063  0.50   11338    2161   10257    41919   3.70
2000-2004       93      0.23571  0.21086  0.50    9176    1935    8209    31662   3.45
2000-2004       94      0.25050  0.22261  0.50    7241    1612    6435    23453   3.24
2000-2004       95      0.27771  0.24385  0.50    5629    1373    4943    17018   3.02
2000-2004       96      0.30106  0.26167  0.50    4257    1114    3700    12075   2.84
2000-2004       97      0.32558  0.28000  0.50    3143     880    2703     8375   2.66
2000-2004       98      0.35119  0.29873  0.50    2263     676    1925     5672   2.51
2000-2004       99      0.37779  0.31777  0.50    1587     504    1335     3747   2.36
2000-2004      100      0.40525  0.33697  0.50    1083     365     900     2413   2.23
2000-2004      101      0.43341  0.35622  0.50     718     256     590     1513   2.11
2000-2004      102      0.46211  0.37538  0.50     462     173     375      923   2.00
2000-2004      103      0.49115  0.39432  0.50     289     114     232      547   1.90
2000-2004      104      0.52035  0.41292  0.50     175      72     139      316   1.80
2000-2004      105      0.54949  0.43106  0.50     103      44      81      177   1.72
2000-2004      106      0.57837  0.44863  0.50      58      26      45       96   1.65
2000-2004      107      0.60681  0.46556  0.50      32      15      25       51   1.58
2000-2004      108      0.63460  0.48175  0.50      17       8      13       26   1.53
2000-2004      109      0.66159  0.49714  0.50       9       4       7       13   1.48
2000-2004      110+     0.68763  1.00000  1.45       4       4       7        7   1.45
2005-2009        0      0.00518  0.00516  0.14  100000     516   99555  7800964  78.01
2005-2009        1      0.00052  0.00052  0.50   99484      52   99458  7701408  77.41
2005-2009        2      0.00037  0.00037  0.50   99432      37   99414  7601950  76.45
2005-2009        3      0.00026  0.00026  0.50   99396      26   99382  7502536  75.48
2005-2009        4      0.00024  0.00024  0.50   99369      24   99358  7403154  74.50
2005-2009        5      0.00019  0.00019  0.50   99346      19   99336  7303796  73.52
2005-2009        6      0.00017  0.00017  0.50   99327      17   99318  7204460  72.53
2005-2009        7      0.00018  0.00018  0.50   99310      18   99301  7105142  71.55
2005-2009        8      0.00015  0.00015  0.50   99292      15   99285  7005840  70.56
2005-2009        9      0.00014  0.00014  0.50   99277      14   99270  6906555  69.57
2005-2009       10      0.00015  0.00015  0.50   99263      15   99255  6807285  68.58
2005-2009       11      0.00015  0.00015  0.50   99248      15   99241  6708030  67.59
2005-2009       12      0.00016  0.00016  0.50   99233      16   99225  6608789  66.60
2005-2009       13      0.00017  0.00017  0.50   99217      17   99209  6509564  65.61
2005-2009       14      0.00019  0.00019  0.50   99201      19   99191  6410355  64.62
2005-2009       15      0.00027  0.00027  0.50   99182      27   99168  6311164  63.63
2005-2009       16      0.00038  0.00038  0.50   99155      38   99136  6211996  62.65
2005-2009       17      0.00041  0.00041  0.50   99117      41   99097  6112860  61.67
2005-2009       18      0.00055  0.00055  0.50   99077      55   99049  6013763  60.70
2005-2009       19      0.00059  0.00059  0.50   99022      58   98993  5914713  59.73
2005-2009       20      0.00058  0.00058  0.50   98963      57   98935  5815721  58.77
2005-2009       21      0.00057  0.00057  0.50   98906      56   98878  5716786  57.80
2005-2009       22      0.00062  0.00062  0.50   98850      61   98819  5617908  56.83
2005-2009       23      0.00063  0.00063  0.50   98789      62   98758  5519089  55.87
2005-2009       24      0.00066  0.00066  0.50   98727      65   98695  5420331  54.90
2005-2009       25      0.00071  0.00071  0.50   98662      70   98627  5321636  53.94
2005-2009       26      0.00075  0.00075  0.50   98592      74   98555  5223009  52.98
2005-2009       27      0.00082  0.00082  0.50   98518      81   98478  5124453  52.02
2005-2009       28      0.00088  0.00088  0.50   98437      86   98394  5025976  51.06
2005-2009       29      0.00091  0.00091  0.50   98351      90   98306  4927582  50.10
2005-2009       30      0.00099  0.00099  0.50   98261      97   98212  4829276  49.15
2005-2009       31      0.00106  0.00106  0.50   98164     104   98112  4731064  48.20
2005-2009       32      0.00114  0.00114  0.50   98060     112   98004  4632952  47.25
2005-2009       33      0.00125  0.00125  0.50   97948     122   97887  4534948  46.30
2005-2009       34      0.00135  0.00135  0.50   97826     132   97760  4437062  45.36
2005-2009       35      0.00140  0.00140  0.50   97693     137   97625  4339302  44.42
2005-2009       36      0.00154  0.00154  0.50   97556     150   97481  4241677  43.48
2005-2009       37      0.00172  0.00172  0.50   97406     168   97323  4144196  42.55
2005-2009       38      0.00187  0.00187  0.50   97239     182   97148  4046874  41.62
2005-2009       39      0.00201  0.00201  0.50   97057     195   96959  3949726  40.70
2005-2009       40      0.00213  0.00213  0.50   96862     206   96759  3852766  39.78
2005-2009       41      0.00235  0.00235  0.50   96656     227   96543  3756007  38.86
2005-2009       42      0.00250  0.00250  0.50   96429     241   96309  3659465  37.95
2005-2009       43      0.00270  0.00270  0.50   96188     260   96058  3563156  37.04
2005-2009       44      0.00294  0.00294  0.50   95928     282   95787  3467098  36.14
2005-2009       45      0.00309  0.00308  0.50   95647     295   95499  3371311  35.25
2005-2009       46      0.00327  0.00326  0.50   95352     311   95196  3275811  34.36
2005-2009       47      0.00350  0.00350  0.50   95041     332   94875  3180615  33.47
2005-2009       48      0.00369  0.00368  0.50   94708     349   94534  3085741  32.58
2005-2009       49      0.00391  0.00390  0.50   94360     368   94175  2991207  31.70
2005-2009       50      0.00421  0.00420  0.50   93991     394   93794  2897031  30.82
2005-2009       51      0.00455  0.00454  0.50   93597     425   93384  2803237  29.95
2005-2009       52      0.00486  0.00485  0.50   93171     452   92946  2709853  29.08
2005-2009       53      0.00523  0.00521  0.50   92720     483   92478  2616908  28.22
2005-2009       54      0.00544  0.00543  0.50   92236     501   91986  2524429  27.37
2005-2009       55      0.00590  0.00589  0.50   91736     540   91466  2432443  26.52
2005-2009       56      0.00632  0.00630  0.50   91196     574   90909  2340978  25.67
2005-2009       57      0.00701  0.00698  0.50   90622     633   90305  2250069  24.83
2005-2009       58      0.00750  0.00747  0.50   89989     672   89653  2159764  24.00
2005-2009       59      0.00825  0.00821  0.50   89316     734   88950  2070111  23.18
2005-2009       60      0.00896  0.00892  0.50   88583     791   88187  1981161  22.37
2005-2009       61      0.00955  0.00950  0.50   87792     834   87375  1892974  21.56
2005-2009       62      0.01030  0.01025  0.50   86958     891   86512  1805599  20.76
2005-2009       63      0.01132  0.01125  0.50   86067     968   85583  1719087  19.97
2005-2009       64      0.01226  0.01219  0.50   85098    1037   84580  1633504  19.20
2005-2009       65      0.01306  0.01297  0.50   84061    1091   83516  1548924  18.43
2005-2009       66      0.01443  0.01432  0.50   82971    1188   82377  1465408  17.66
2005-2009       67      0.01582  0.01570  0.50   81782    1284   81140  1383031  16.91
2005-2009       68      0.01757  0.01742  0.50   80498    1402   79797  1301891  16.17
2005-2009       69      0.01955  0.01936  0.50   79096    1531   78331  1222093  15.45
2005-2009       70      0.02129  0.02107  0.50   77565    1634   76748  1143762  14.75
2005-2009       71      0.02398  0.02370  0.50   75931    1799   75032  1067014  14.05
2005-2009       72      0.02636  0.02601  0.50   74132    1928   73168   991982  13.38
2005-2009       73      0.02880  0.02839  0.50   72204    2050   71179   918814  12.73
2005-2009       74      0.03178  0.03129  0.50   70154    2195   69056   847636  12.08
2005-2009       75      0.03518  0.03458  0.50   67959    2350   66784   778579  11.46
2005-2009       76      0.03890  0.03816  0.50   65609    2504   64357   711795  10.85
2005-2009       77      0.04293  0.04203  0.50   63105    2652   61779   647438  10.26
2005-2009       78      0.04805  0.04692  0.50   60453    2836   59035   585659   9.69
2005-2009       79      0.05285  0.05149  0.50   57617    2967   56133   526624   9.14
2005-2009       80      0.05930  0.05759  0.50   54650    3147   53076   470491   8.61
2005-2009       81      0.06511  0.06306  0.50   51502    3248   49879   417415   8.10
2005-2009       82      0.07225  0.06973  0.50   48255    3365   46572   367537   7.62
2005-2009       83      0.08071  0.07758  0.50   44890    3482   43149   320964   7.15
2005-2009       84      0.08910  0.08530  0.50   41408    3532   39642   277815   6.71
2005-2009       85      0.10041  0.09561  0.50   37876    3621   36065   238174   6.29
2005-2009       86      0.10758  0.10209  0.50   34254    3497   32506   202109   5.90
2005-2009       87      0.11987  0.11309  0.50   30757    3478   29018   169603   5.51
2005-2009       88      0.13521  0.12665  0.50   27279    3455   25552   140585   5.15
2005-2009       89      0.14566  0.13577  0.50   23824    3235   22207   115033   4.83
2005-2009       90      0.16167  0.14958  0.50   20590    3080   19050    92826   4.51
2005-2009       91      0.17820  0.16362  0.50   17510    2865   16077    73776   4.21
2005-2009       92      0.19530  0.17792  0.50   14645    2606   13342    57699   3.94
2005-2009       93      0.21523  0.19432  0.50   12039    2339   10870    44357   3.68
2005-2009       94      0.23298  0.20867  0.50    9700    2024    8688    33488   3.45
2005-2009       95      0.25355  0.22502  0.50    7676    1727    6812    24800   3.23
2005-2009       96      0.27624  0.24271  0.50    5949    1444    5227    17988   3.02
2005-2009       97      0.30024  0.26105  0.50    4505    1176    3917    12761   2.83
2005-2009       98      0.32550  0.27994  0.50    3329     932    2863     8844   2.66
2005-2009       99      0.35192  0.29926  0.50    2397     717    2038     5981   2.50
2005-2009      100      0.37938  0.31889  0.50    1680     536    1412     3943   2.35
2005-2009      101      0.40773  0.33868  0.50    1144     387     950     2531   2.21
2005-2009      102      0.43680  0.35850  0.50     757     271     621     1581   2.09
2005-2009      103      0.46640  0.37820  0.50     485     184     394      960   1.98
2005-2009      104      0.49631  0.39764  0.50     302     120     242      566   1.88
2005-2009      105      0.52634  0.41668  0.50     182      76     144      325   1.79
2005-2009      106      0.55624  0.43520  0.50     106      46      83      181   1.70
2005-2009      107      0.58580  0.45309  0.50      60      27      46       98   1.63
2005-2009      108      0.61482  0.47026  0.50      33      15      25       51   1.57
2005-2009      109      0.64310  0.48662  0.50      17       8      13       26   1.52
2005-2009      110+     0.67046  1.00000  1.49       9       9      13       13   1.49
2010-2014        0      0.00434  0.00433  0.14  100000     433   99628  7927382  79.27
2010-2014        1      0.00038  0.00038  0.50   99567      38   99548  7827754  78.62
2010-2014        2      0.00026  0.00026  0.50   99530      26   99517  7728205  77.65
2010-2014        3      0.00021  0.00021  0.50   99504      20   99494  7628689  76.67
2010-2014        4      0.00017  0.00017  0.50   99483      17   99475  7529195  75.68
2010-2014        5      0.00014  0.00014  0.50   99466      14   99460  7429720  74.70
2010-2014        6      0.00015  0.00015  0.50   99453      15   99445  7330260  73.71
2010-2014        7      0.00015  0.00015  0.50   99438      15   99430  7230815  72.72
2010-2014        8      0.00013  0.00013  0.50   99423      13   99416  7131385  71.73
2010-2014        9      0.00014  0.00014  0.50   99409      14   99403  7031969  70.74
2010-2014       10      0.00012  0.00012  0.50   99396      12   99390  6932566  69.75
2010-2014       11      0.00013  0.00013  0.50   99383      12   99377  6833177  68.76
2010-2014       12      0.00015  0.00015  0.50   99371      15   99364  6733799  67.76
2010-2014       13      0.00017  0.00017  0.50   99356      17   99348  6634436  66.77
2010-2014       14      0.00017  0.00017  0.50   99340      17   99331  6535088  65.79
2010-2014       15      0.00024  0.00024  0.50   99323      24   99311  6435756  64.80
2010-2014       16      0.00027  0.00027  0.50   99299      27   99285  6336446  63.81
2010-2014       17      0.00028  0.00028  0.50   99272      28   99258  6237160  62.83
2010-2014       18      0.00050  0.00050  0.50   99243      50   99219  6137903  61.85
2010-2014       19      0.00048  0.00048  0.50   99194      48   99170  6038684  60.88
2010-2014       20      0.00047  0.00047  0.50   99146      46   99123  5939514  59.91
2010-2014       21      0.00045  0.00045  0.50   99100      45   99078  5840391  58.93
2010-2014       22      0.00047  0.00047  0.50   99055      47   99032  5741314  57.96
2010-2014       23      0.00049  0.00049  0.50   99008      48   98984  5642282  56.99
2010-2014       24      0.00049  0.00049  0.50   98960      49   98935  5543298  56.02
2010-2014       25      0.00052  0.00052  0.50   98911      51   98885  5444362  55.04
2010-2014       26      0.00052  0.00052  0.50   98860      52   98834  5345477  54.07
2010-2014       27      0.00063  0.00063  0.50   98808      62   98777  5246643  53.10
2010-2014       28      0.00066  0.00066  0.50   98746      66   98713  5147866  52.13
2010-2014       29      0.00070  0.00070  0.50   98680      69   98646  5049153  51.17
2010-2014       30      0.00077  0.00077  0.50   98611      76   98573  4950507  50.20
2010-2014       31      0.00083  0.00083  0.50   98535      82   98494  4851934  49.24
2010-2014       32      0.00097  0.00097  0.50   98453      95   98405  4753440  48.28
2010-2014       33      0.00102  0.00102  0.50   98358     100   98307  4655035  47.33
2010-2014       34      0.00104  0.00104  0.50   98257     102   98206  4556727  46.38
2010-2014       35      0.00120  0.00120  0.50   98155     117   98096  4458521  45.42
2010-2014       36      0.00134  0.00134  0.50   98038     131   97972  4360424  44.48
2010-2014       37      0.00145  0.00145  0.50   97907     142   97836  4262452  43.54
2010-2014       38      0.00161  0.00161  0.50   97765     157   97686  4164617  42.60
2010-2014       39      0.00178  0.00177  0.50   97608     173   97521  4066931  41.67
2010-2014       40      0.00186  0.00186  0.50   97434     181   97344  3969410  40.74
2010-2014       41      0.00212  0.00212  0.50   97253     206   97150  3872066  39.81
2010-2014       42      0.00222  0.00222  0.50   97047     216   96939  3774916  38.90
2010-2014       43      0.00244  0.00243  0.50   96831     236   96713  3677978  37.98
2010-2014       44      0.00262  0.00262  0.50   96595     253   96469  3581264  37.07
2010-2014       45      0.00283  0.00283  0.50   96343     272   96207  3484795  36.17
2010-2014       46      0.00315  0.00314  0.50   96070     302   95920  3388589  35.27
2010-2014       47      0.00323  0.00322  0.50   95769     309   95614  3292669  34.38
2010-2014       48      0.00358  0.00357  0.50   95460     341   95289  3197055  33.49
2010-2014       49      0.00379  0.00378  0.50   95119     359   94939  3101765  32.61
2010-2014       50      0.00395  0.00394  0.50   94760     373   94573  3006826  31.73
2010-2014       51      0.00427  0.00426  0.50   94386     402   94185  2912253  30.85
2010-2014       52      0.00454  0.00453  0.50   93984     426   93772  2818068  29.98
2010-2014       53      0.00488  0.00487  0.50   93559     456   93331  2724296  29.12
2010-2014       54      0.00517  0.00516  0.50   93103     480   92863  2630965  28.26
2010-2014       55      0.00542  0.00541  0.50   92623     501   92372  2538102  27.40
2010-2014       56      0.00585  0.00584  0.50   92122     538   91853  2445730  26.55
2010-2014       57      0.00627  0.00625  0.50   91584     573   91298  2353877  25.70
2010-2014       58      0.00672  0.00669  0.50   91012     609   90707  2262579  24.86
2010-2014       59      0.00724  0.00721  0.50   90402     652   90076  2171873  24.02
2010-2014       60      0.00783  0.00780  0.50   89750     700   89400  2081796  23.20
2010-2014       61      0.00844  0.00840  0.50   89050     748   88676  1992396  22.37
2010-2014       62      0.00908  0.00904  0.50   88302     798   87903  1903720  21.56
2010-2014       63      0.00989  0.00984  0.50   87504     861   87073  1815817  20.75
2010-2014       64      0.01083  0.01077  0.50   86642     933   86176  1728744  19.95
2010-2014       65      0.01163  0.01157  0.50   85709     991   85213  1642569  19.16
2010-2014       66      0.01276  0.01268  0.50   84718    1074   84180  1557355  18.38
2010-2014       67      0.01416  0.01406  0.50   83643    1176   83055  1473175  17.61
2010-2014       68      0.01510  0.01499  0.50   82467    1236   81849  1390120  16.86
2010-2014       69      0.01712  0.01697  0.50   81231    1379   80542  1308271  16.11
2010-2014       70      0.01870  0.01853  0.50   79852    1480   79112  1227729  15.38
2010-2014       71      0.02026  0.02006  0.50   78373    1572   77587  1148617  14.66
2010-2014       72      0.02299  0.02273  0.50   76801    1746   75928  1071030  13.95
2010-2014       73      0.02512  0.02481  0.50   75055    1862   74124   995102  13.26
2010-2014       74      0.02772  0.02734  0.50   73193    2001   72192   920978  12.58
2010-2014       75      0.03135  0.03087  0.50   71192    2198   70093   848786  11.92
2010-2014       76      0.03450  0.03391  0.50   68994    2340   67824   778694  11.29
2010-2014       77      0.03893  0.03819  0.50   66654    2546   65381   710869  10.67
2010-2014       78      0.04353  0.04260  0.50   64109    2731   62743   645488  10.07
2010-2014       79      0.04846  0.04732  0.50   61377    2904   59925   582745   9.49
2010-2014       80      0.05364  0.05224  0.50   58473    3055   56946   522820   8.94
2010-2014       81      0.05954  0.05782  0.50   55419    3204   53816   465874   8.41
2010-2014       82      0.06732  0.06512  0.50   52214    3400   50514   412057   7.89
2010-2014       83      0.07436  0.07169  0.50   48814    3500   47064   361543   7.41
2010-2014       84      0.08424  0.08083  0.50   45314    3663   43483   314479   6.94
2010-2014       85      0.09286  0.08874  0.50   41651    3696   39803   270996   6.51
2010-2014       86      0.10302  0.09798  0.50   37955    3719   36096   231192   6.09
2010-2014       87      0.11429  0.10811  0.50   34237    3701   32386   195096   5.70
2010-2014       88      0.12685  0.11929  0.50   30535    3643   28714   162710   5.33
2010-2014       89      0.13877  0.12976  0.50   26893    3490   25148   133996   4.98
2010-2014       90      0.15355  0.14260  0.50   23403    3337   21735   108848   4.65
2010-2014       91      0.17064  0.15722  0.50   20066    3155   18488    87114   4.34
2010-2014       92      0.18688  0.17091  0.50   16911    2890   15466    68625   4.06
2010-2014       93      0.20593  0.18670  0.50   14021    2618   12712    53159   3.79
2010-2014       94      0.22152  0.19943  0.50   11403    2274   10266    40447   3.55
2010-2014       95      0.24495  0.21822  0.50    9129    1992    8133    30181   3.31
2010-2014       96      0.26754  0.23597  0.50    7137    1684    6295    22049   3.09
2010-2014       97      0.29156  0.25446  0.50    5453    1388    4759    15754   2.89
2010-2014       98      0.31697  0.27361  0.50    4065    1112    3509    10995   2.70
2010-2014       99      0.34369  0.29329  0.50    2953     866    2520     7486   2.54
2010-2014      100      0.37163  0.31340  0.50    2087     654    1760     4966   2.38
2010-2014      101      0.40066  0.33379  0.50    1433     478    1194     3206   2.24
2010-2014      102      0.43060  0.35431  0.50     955     338     785     2012   2.11
2010-2014      103      0.46126  0.37482  0.50     616     231     501     1227   1.99
2010-2014      104      0.49243  0.39514  0.50     385     152     309      726   1.88
2010-2014      105      0.52385  0.41512  0.50     233      97     185      417   1.79
2010-2014      106      0.55528  0.43462  0.50     136      59     107      232   1.70
2010-2014      107      0.58647  0.45349  0.50      77      35      60      125   1.63
2010-2014      108      0.61714  0.47161  0.50      42      20      32       66   1.56
2010-2014      109      0.64707  0.48889  0.50      22      11      17       34   1.51
2010-2014      110+     0.67603  1.00000  1.48      11      11      17       17   1.48
2015-2019        0      0.00418  0.00417  0.14  100000     417   99642  8013771  80.14
2015-2019        1      0.00030  0.00030  0.50   99583      30   99568  7914129  79.47
2015-2019        2      0.00020  0.00020  0.50   99553      20   99543  7814561  78.50
2015-2019        3      0.00015  0.00015  0.50   99533      15   99525  7715017  77.51
2015-2019        4      0.00013  0.00013  0.50   99518      13   99512  7615492  76.52
2015-2019        5      0.00012  0.00012  0.50   99505      12   99499  7515980  75.53
2015-2019        6      0.00011  0.00011  0.50   99493      11   99488  7416481  74.54
2015-2019        7      0.00011  0.00011  0.50   99482      11   99477  7316994  73.55
2015-2019        8      0.00010  0.00010  0.50   99472      10   99467  7217517  72.56
2015-2019        9      0.00010  0.00010  0.50   99462      10   99457  7118050  71.57
2015-2019       10      0.00012  0.00012  0.50   99452      12   99446  7018593  70.57
2015-2019       11      0.00012  0.00012  0.50   99439      12   99434  6919147  69.58
2015-2019       12      0.00011  0.00011  0.50   99428      11   99422  6819714  68.59
2015-2019       13      0.00014  0.00014  0.50   99417      14   99410  6720291  67.60
2015-2019       14      0.00018  0.00018  0.50   99403      18   99395  6620881  66.61
2015-2019       15      0.00021  0.00021  0.50   99386      21   99375  6521487  65.62
2015-2019       16      0.00024  0.00024  0.50   99365      24   99353  6422111  64.63
2015-2019       17      0.00031  0.00031  0.50   99341      31   99325  6322758  63.65
2015-2019       18      0.00048  0.00048  0.50   99310      47   99286  6223433  62.67
2015-2019       19      0.00044  0.00044  0.50   99263      44   99241  6124147  61.70
2015-2019       20      0.00043  0.00043  0.50   99219      42   99198  6024906  60.72
2015-2019       21      0.00045  0.00045  0.50   99176      44   99154  5925709  59.75
2015-2019       22      0.00045  0.00045  0.50   99132      45   99110  5826555  58.78
2015-2019       23      0.00045  0.00045  0.50   99087      45   99065  5727445  57.80
2015-2019       24      0.00046  0.00046  0.50   99042      45   99020  5628380  56.83
2015-2019       25      0.00048  0.00048  0.50   98997      47   98973  5529360  55.85
2015-2019       26      0.00046  0.00046  0.50   98950      45   98927  5430387  54.88
2015-2019       27      0.00052  0.00052  0.50   98904      52   98879  5331460  53.91
2015-2019       28      0.00054  0.00054  0.50   98853      53   98826  5232582  52.93
2015-2019       29      0.00056  0.00056  0.50   98799      55   98772  5133756  51.96
2015-2019       30      0.00062  0.00062  0.50   98744      61   98714  5034984  50.99
2015-2019       31      0.00071  0.00071  0.50   98683      70   98648  4936270  50.02
2015-2019       32      0.00075  0.00075  0.50   98613      74   98576  4837622  49.06
2015-2019       33      0.00087  0.00087  0.50   98538      86   98496  4739047  48.09
2015-2019       34      0.00092  0.00092  0.50   98453      91   98407  4640551  47.13
2015-2019       35      0.00100  0.00100  0.50   98362      98   98313  4542144  46.18
2015-2019       36      0.00111  0.00111  0.50   98264     109   98209  4443831  45.22
2015-2019       37      0.00124  0.00124  0.50   98155     121   98094  4345622  44.27
2015-2019       38      0.00138  0.00137  0.50   98033     135   97966  4247528  43.33
2015-2019       39      0.00153  0.00153  0.50   97899     150   97824  4149562  42.39
2015-2019       40      0.00168  0.00168  0.50   97749     164   97667  4051738  41.45
2015-2019       41      0.00183  0.00182  0.50   97585     178   97496  3954072  40.52
2015-2019       42      0.00196  0.00196  0.50   97407     191   97311  3856576  39.59
2015-2019       43      0.00223  0.00222  0.50   97216     216   97108  3759265  38.67
2015-2019       44      0.00243  0.00242  0.50   97000     235   96882  3662157  37.75
2015-2019       45      0.00261  0.00261  0.50   96765     252   96638  3565275  36.84
2015-2019       46      0.00281  0.00281  0.50   96512     271   96377  3468637  35.94
2015-2019       47      0.00306  0.00306  0.50   96241     294   96094  3372260  35.04
2015-2019       48      0.00328  0.00328  0.50   95947     314   95790  3276166  34.15
2015-2019       49      0.00363  0.00362  0.50   95632     346   95459  3180377  33.26
2015-2019       50      0.00387  0.00386  0.50   95286     368   95102  3084918  32.38
2015-2019       51      0.00415  0.00414  0.50   94918     393   94722  2989815  31.50
2015-2019       52      0.00433  0.00432  0.50   94525     409   94321  2895094  30.63
2015-2019       53      0.00474  0.00473  0.50   94116     445   93894  2800773  29.76
2015-2019       54      0.00503  0.00502  0.50   93672     470   93437  2706879  28.90
2015-2019       55      0.00534  0.00533  0.50   93202     497   92953  2613442  28.04
2015-2019       56      0.00580  0.00578  0.50   92705     536   92437  2520489  27.19
2015-2019       57      0.00617  0.00615  0.50   92169     567   91885  2428052  26.34
2015-2019       58      0.00652  0.00650  0.50   91602     595   91304  2336167  25.50
2015-2019       59      0.00688  0.00686  0.50   91007     624   90694  2244863  24.67
2015-2019       60      0.00727  0.00724  0.50   90382     654   90055  2154168  23.83
2015-2019       61      0.00788  0.00785  0.50   89728     704   89376  2064113  23.00
2015-2019       62      0.00848  0.00845  0.50   89024     752   88648  1974737  22.18
2015-2019       63      0.00921  0.00917  0.50   88272     809   87868  1886089  21.37
2015-2019       64      0.01005  0.01000  0.50   87463     874   87026  1798222  20.56
2015-2019       65      0.01061  0.01055  0.50   86589     914   86132  1711196  19.76
2015-2019       66      0.01148  0.01142  0.50   85675     978   85186  1625064  18.97
2015-2019       67      0.01272  0.01264  0.50   84697    1071   84161  1539878  18.18
2015-2019       68      0.01376  0.01366  0.50   83626    1142   83055  1455717  17.41
2015-2019       69      0.01516  0.01504  0.50   82483    1241   81863  1372662  16.64
2015-2019       70      0.01694  0.01680  0.50   81243    1365   80560  1290799  15.89
2015-2019       71      0.01826  0.01809  0.50   79878    1445   79155  1210239  15.15
2015-2019       72      0.02075  0.02054  0.50   78433    1611   77627  1131084  14.42
2015-2019       73      0.02247  0.02222  0.50   76822    1707   75969  1053456  13.71
2015-2019       74      0.02547  0.02515  0.50   75115    1889   74171   977488  13.01
2015-2019       75      0.02826  0.02787  0.50   73226    2041   72206   903317  12.34
2015-2019       76      0.03105  0.03058  0.50   71185    2177   70097   831111  11.68
2015-2019       77      0.03471  0.03412  0.50   69009    2354   67832   761014  11.03
2015-2019       78      0.03905  0.03830  0.50   66654    2553   65378   693183  10.40
2015-2019       79      0.04366  0.04272  0.50   64101    2739   62732   627805   9.79
2015-2019       80      0.04908  0.04791  0.50   61363    2940   59893   565073   9.21
2015-2019       81      0.05564  0.05414  0.50   58423    3163   56842   505180   8.65
2015-2019       82      0.06262  0.06072  0.50   55260    3355   53583   448338   8.11
2015-2019       83      0.07000  0.06763  0.50   51905    3511   50150   394756   7.61
2015-2019       84      0.07905  0.07604  0.50   48394    3680   46554   344606   7.12
2015-2019       85      0.08763  0.08396  0.50   44714    3754   42837   298052   6.67
2015-2019       86      0.09820  0.09360  0.50   40960    3834   39043   255215   6.23
2015-2019       87      0.10928  0.10362  0.50   37126    3847   35203   216172   5.82
2015-2019       88      0.12127  0.11434  0.50   33279    3805   31377   180969   5.44
2015-2019       89      0.13613  0.12745  0.50   29474    3757   27596   149592   5.08
2015-2019       90      0.15010  0.13962  0.50   25718    3591   23922   121996   4.74
2015-2019       91      0.16378  0.15138  0.50   22127    3350   20452    98074   4.43
2015-2019       92      0.18090  0.16589  0.50   18777    3115   17220    77622   4.13
2015-2019       93      0.19846  0.18055  0.50   15662    2828   14248    60402   3.86
2015-2019       94      0.21707  0.19582  0.50   12834    2513   11578    46154   3.60
2015-2019       95      0.24040  0.21461  0.50   10321    2215    9214    34576   3.35
2015-2019       96      0.26297  0.23241  0.50    8106    1884    7164    25362   3.13
2015-2019       97      0.28692  0.25093  0.50    6222    1561    5442    18198   2.92
2015-2019       98      0.31224  0.27007  0.50    4661    1259    4032    12756   2.74
2015-2019       99      0.33883  0.28974  0.50    3402     986    2909     8725   2.56
2015-2019      100      0.36661  0.30982  0.50    2416     749    2042     5815   2.41
2015-2019      101      0.39544  0.33016  0.50    1668     551    1392     3773   2.26
2015-2019      102      0.42518  0.35063  0.50    1117     392     921     2381   2.13
2015-2019      103      0.45562  0.37108  0.50     725     269     591     1460   2.01
2015-2019      104      0.48657  0.39136  0.50     456     179     367      869   1.90
2015-2019      105      0.51781  0.41132  0.50     278     114     221      502   1.81
2015-2019      106      0.54908  0.43081  0.50     163      70     128      281   1.72
2015-2019      107      0.58016  0.44971  0.50      93      42      72      153   1.64
2015-2019      108      0.61079  0.46790  0.50      51      24      39       81   1.58
2015-2019      109      0.64074  0.48527  0.50      27      13      21       42   1.53
2015-2019      110+     0.66980  1.00000  1.49      14      14      21       21   1.49
