Belarus, Life tables (period 5x10), Total	Last modified: 02 Apr 2020;  Methods Protocol: v6 (2017)

  Year          Age         mx       qx    ax      lx      dx      Lx       Tx     ex
1960-1969        0      0.02674  0.02614  0.13  100000    2614   97728  7268051  72.68
1960-1969      1-4      0.00142  0.00567  1.35   97386     553  388083  7170323  73.63
1960-1969      5-9      0.00055  0.00274  2.41   96834     265  483483  6782239  70.04
1960-1969     10-14     0.00051  0.00255  2.55   96569     246  482239  6298757  65.23
1960-1969     15-19     0.00081  0.00407  2.74   96322     392  480727  5816517  60.39
1960-1969     20-24     0.00122  0.00608  2.56   95931     583  478229  5335790  55.62
1960-1969     25-29     0.00147  0.00730  2.53   95347     696  475017  4857561  50.95
1960-1969     30-34     0.00189  0.00941  2.56   94651     891  471079  4382545  46.30
1960-1969     35-39     0.00240  0.01192  2.55   93760    1117  466065  3911465  41.72
1960-1969     40-44     0.00324  0.01606  2.57   92643    1488  459598  3445400  37.19
1960-1969     45-49     0.00438  0.02168  2.56   91155    1976  450960  2985802  32.76
1960-1969     50-54     0.00636  0.03133  2.57   89178    2794  439103  2534842  28.42
1960-1969     55-59     0.00921  0.04505  2.56   86384    3892  422404  2095739  24.26
1960-1969     60-64     0.01511  0.07289  2.57   82492    6013  397829  1673335  20.28
1960-1969     65-69     0.02223  0.10530  2.50   76479    8053  362290  1275507  16.68
1960-1969     70-74     0.03577  0.16430  2.53   68426   11243  314328   913217  13.35
1960-1969     75-79     0.05482  0.24089  2.48   57183   13775  251250   598889  10.47
1960-1969     80-84     0.08950  0.36344  2.42   43408   15777  176275   347639   8.01
1960-1969     85-89     0.13297  0.48863  2.29   27632   13502  101541   171364   6.20
1960-1969     90-94     0.17332  0.57639  2.09   14130    8144   46991    69823   4.94
1960-1969     95-99     0.24175  0.71353  2.13    5986    4271   17667    22833   3.81
1960-1969    100-104    0.31744  0.80905  1.97    1715    1387    4370     5165   3.01
1960-1969    105-109    0.40424  0.88082  1.80     327     288     713      795   2.43
1960-1969    110+       0.47704  1.00000  2.10      39      39      82       82   2.10
1970-1979        0      0.01758  0.01731  0.11  100000    1731   98465  7227467  72.27
1970-1979      1-4      0.00120  0.00479  1.37   98269     471  391837  7129002  72.55
1970-1979      5-9      0.00046  0.00229  2.36   97799     224  488401  6737164  68.89
1970-1979     10-14     0.00039  0.00197  2.53   97575     192  487400  6248764  64.04
1970-1979     15-19     0.00078  0.00387  2.76   97383     377  486068  5761364  59.16
1970-1979     20-24     0.00130  0.00649  2.63   97006     630  483537  5275296  54.38
1970-1979     25-29     0.00168  0.00838  2.59   96376     808  479931  4791760  49.72
1970-1979     30-34     0.00225  0.01119  2.61   95568    1070  475279  4311829  45.12
1970-1979     35-39     0.00301  0.01496  2.61   94498    1414  469117  3836550  40.60
1970-1979     40-44     0.00405  0.02006  2.62   93084    1867  460981  3367434  36.18
1970-1979     45-49     0.00544  0.02683  2.61   91217    2448  450239  2906453  31.86
1970-1979     50-54     0.00764  0.03750  2.61   88769    3329  435876  2456214  27.67
1970-1979     55-59     0.01043  0.05090  2.61   85440    4349  416812  2020338  23.65
1970-1979     60-64     0.01556  0.07506  2.64   81091    6087  391083  1603526  19.77
1970-1979     65-69     0.02419  0.11438  2.63   75005    8579  354702  1212443  16.16
1970-1979     70-74     0.03865  0.17692  2.61   66425   11752  304045   857742  12.91
1970-1979     75-79     0.06064  0.26412  2.56   54674   14440  238129   553697  10.13
1970-1979     80-84     0.09422  0.38026  2.46   40233   15299  162380   315568   7.84
1970-1979     85-89     0.13436  0.49521  2.35   24934   12348   91899   153189   6.14
1970-1979     90-94     0.17957  0.59851  2.21   12587    7533   41951    61289   4.87
1970-1979     95-99     0.24109  0.71232  2.13    5053    3600   14931    19339   3.83
1970-1979    100-104    0.31530  0.80668  1.97    1454    1173    3719     4408   3.03
1970-1979    105-109    0.40065  0.87832  1.80     281     247     616      689   2.45
1970-1979    110+       0.47211  1.00000  2.12      34      34      72       72   2.12
1980-1989        0      0.01453  0.01435  0.12  100000    1435   98736  7151634  71.52
1980-1989      1-4      0.00088  0.00350  1.52   98565     345  393403  7052898  71.56
1980-1989      5-9      0.00046  0.00228  2.46   98220     224  490531  6659495  67.80
1980-1989     10-14     0.00038  0.00192  2.62   97996     188  489531  6168964  62.95
1980-1989     15-19     0.00075  0.00375  2.78   97808     366  488224  5679433  58.07
1980-1989     20-24     0.00128  0.00640  2.62   97441     623  485720  5191209  53.28
1980-1989     25-29     0.00155  0.00774  2.60   96818     749  482289  4705488  48.60
1980-1989     30-34     0.00217  0.01077  2.60   96069    1035  477860  4223199  43.96
1980-1989     35-39     0.00295  0.01467  2.65   95034    1394  471889  3745340  39.41
1980-1989     40-44     0.00455  0.02251  2.63   93640    2108  463205  3273451  34.96
1980-1989     45-49     0.00641  0.03155  2.61   91532    2888  450759  2810246  30.70
1980-1989     50-54     0.00901  0.04410  2.60   88644    3909  433822  2359487  26.62
1980-1989     55-59     0.01231  0.05979  2.60   84735    5066  411510  1925665  22.73
1980-1989     60-64     0.01746  0.08382  2.61   79669    6678  382384  1514155  19.01
1980-1989     65-69     0.02581  0.12152  2.60   72991    8870  343707  1131770  15.51
1980-1989     70-74     0.04091  0.18619  2.59   64121   11938  291818   788064  12.29
1980-1989     75-79     0.06458  0.27878  2.55   52182   14547  225273   496245   9.51
1980-1989     80-84     0.10589  0.41707  2.46   37635   15696  148236   270972   7.20
1980-1989     85-89     0.15324  0.54211  2.30   21939   11893   77611   122736   5.59
1980-1989     90-94     0.20044  0.64068  2.18   10045    6436   32109    45125   4.49
1980-1989     95-99     0.25951  0.73849  2.08    3609    2666   10272    13017   3.61
1980-1989    100-104    0.33110  0.82167  1.94     944     776    2342     2745   2.91
1980-1989    105-109    0.41142  0.88457  1.78     168     149     362      403   2.39
1980-1989    110+       0.47817  1.00000  2.09      19      19      41       41   2.09
1990-1999        0      0.01223  0.01210  0.12  100000    1210   98940  6913049  69.13
1990-1999      1-4      0.00079  0.00316  1.58   98790     312  394405  6814109  68.98
1990-1999      5-9      0.00038  0.00187  2.39   98478     185  491906  6419704  65.19
1990-1999     10-14     0.00034  0.00170  2.66   98293     167  491076  5927797  60.31
1990-1999     15-19     0.00091  0.00452  2.86   98127     443  489684  5436721  55.41
1990-1999     20-24     0.00162  0.00806  2.61   97683     787  486537  4947037  50.64
1990-1999     25-29     0.00204  0.01017  2.59   96896     985  482105  4460500  46.03
1990-1999     30-34     0.00263  0.01309  2.61   95911    1255  476551  3978395  41.48
1990-1999     35-39     0.00372  0.01845  2.64   94656    1747  469161  3501844  37.00
1990-1999     40-44     0.00549  0.02711  2.66   92909    2518  458658  3032684  32.64
1990-1999     45-49     0.00838  0.04111  2.64   90390    3716  443174  2574025  28.48
1990-1999     50-54     0.01186  0.05765  2.61   86675    4997  421428  2130851  24.58
1990-1999     55-59     0.01650  0.07936  2.59   81678    6482  392740  1709423  20.93
1990-1999     60-64     0.02282  0.10814  2.58   75196    8132  356334  1316683  17.51
1990-1999     65-69     0.03200  0.14848  2.57   67065    9958  311174   960349  14.32
1990-1999     70-74     0.04732  0.21220  2.57   57107   12118  256071   649176  11.37
1990-1999     75-79     0.07224  0.30647  2.53   44989   13788  190869   393104   8.74
1990-1999     80-84     0.11702  0.45104  2.46   31201   14073  120257   202235   6.48
1990-1999     85-89     0.18146  0.60800  2.29   17128   10414   57391    81978   4.79
1990-1999     90-94     0.25050  0.72421  2.09    6714    4863   19412    24587   3.66
1990-1999     95-99     0.34295  0.83573  1.93    1852    1548    4512     5176   2.79
1990-1999    100-104    0.45009  0.90896  1.72     304     276     614      663   2.18
1990-1999    105-109    0.56336  0.95150  1.52      28      26      47       49   1.76
1990-1999    110+       0.65485  1.00000  1.53       1       1       2        2   1.53
2000-2009        0      0.00686  0.00682  0.14  100000     682   99410  6918068  69.18
2000-2009      1-4      0.00056  0.00223  1.66   99318     221  396754  6818658  68.65
2000-2009      5-9      0.00026  0.00131  2.38   99097     130  495143  6421903  64.80
2000-2009     10-14     0.00025  0.00123  2.65   98967     121  494550  5926760  59.89
2000-2009     15-19     0.00072  0.00358  2.94   98846     354  493498  5432210  54.96
2000-2009     20-24     0.00147  0.00731  2.66   98492     720  490770  4938712  50.14
2000-2009     25-29     0.00218  0.01084  2.66   97771    1060  486378  4447942  45.49
2000-2009     30-34     0.00305  0.01512  2.62   96711    1462  480073  3961564  40.96
2000-2009     35-39     0.00407  0.02018  2.62   95249    1922  471664  3481492  36.55
2000-2009     40-44     0.00570  0.02810  2.63   93327    2623  460410  3009828  32.25
2000-2009     45-49     0.00835  0.04092  2.64   90704    3712  444755  2549417  28.11
2000-2009     50-54     0.01210  0.05882  2.63   86992    5117  422828  2104662  24.19
2000-2009     55-59     0.01766  0.08467  2.58   81875    6933  392613  1681834  20.54
2000-2009     60-64     0.02545  0.11978  2.55   74943    8977  352722  1289221  17.20
2000-2009     65-69     0.03367  0.15560  2.57   65966   10264  304854   936499  14.20
2000-2009     70-74     0.04860  0.21726  2.56   55701   12102  248996   631646  11.34
2000-2009     75-79     0.07264  0.30789  2.53   43600   13424  184801   382650   8.78
2000-2009     80-84     0.11216  0.43617  2.45   30176   13162  117344   197849   6.56
2000-2009     85-89     0.17771  0.60221  2.32   17014   10246   57655    80505   4.73
2000-2009     90-94     0.27473  0.76354  2.09    6768    5168   18810    22850   3.38
2000-2009     95-99     0.38251  0.87010  1.87    1600    1392    3640     4040   2.52
2000-2009    100-104    0.51363  0.93742  1.61     208     195     379      400   1.92
2000-2009    105-109    0.64317  0.96957  1.40      13      13      20       20   1.55
2000-2009    110+       0.74008  1.00000  1.35       0       0       1        1   1.35
2010-2018        0      0.00331  0.00330  0.14  100000     330   99717  7286869  72.87
2010-2018      1-4      0.00025  0.00101  1.74   99670     101  398451  7187152  72.11
2010-2018      5-9      0.00016  0.00079  2.43   99569      78  497642  6788702  68.18
2010-2018     10-14     0.00017  0.00087  2.61   99490      87  497245  6291059  63.23
2010-2018     15-19     0.00047  0.00233  2.92   99404     232  496536  5793814  58.29
2010-2018     20-24     0.00084  0.00419  2.68   99172     416  494896  5297278  53.41
2010-2018     25-29     0.00125  0.00621  2.67   98756     613  492352  4802382  48.63
2010-2018     30-34     0.00198  0.00987  2.67   98143     969  488455  4310029  43.92
2010-2018     35-39     0.00296  0.01470  2.64   97174    1429  482498  3821574  39.33
2010-2018     40-44     0.00427  0.02113  2.63   95746    2023  473937  3339076  34.87
2010-2018     45-49     0.00613  0.03023  2.63   93723    2833  461909  2865139  30.57
2010-2018     50-54     0.00894  0.04376  2.62   90889    3977  444961  2403230  26.44
2010-2018     55-59     0.01314  0.06372  2.61   86912    5538  421313  1958269  22.53
2010-2018     60-64     0.01976  0.09429  2.58   81374    7672  388300  1536956  18.89
2010-2018     65-69     0.02674  0.12561  2.59   73702    9258  346191  1148656  15.59
2010-2018     70-74     0.03946  0.18008  2.58   64444   11605  294134   802466  12.45
2010-2018     75-79     0.06032  0.26304  2.57   52839   13899  230435   508332   9.62
2010-2018     80-84     0.09772  0.39273  2.50   38940   15293  156497   277897   7.14
2010-2018     85-89     0.15855  0.55977  2.37   23647   13237   83485   121400   5.13
2010-2018     90-94     0.24786  0.72785  2.17   10410    7577   30570    37914   3.64
2010-2018     95-99     0.37048  0.86247  1.90    2833    2443    6595     7345   2.59
2010-2018    100-104    0.51298  0.93817  1.62     390     366     713      749   1.92
2010-2018    105-109    0.65554  0.97215  1.38      24      23      36       37   1.52
2010-2018    110+       0.76181  1.00000  1.31       1       1       1        1   1.31
