East Germany, Life tables (period 5x10), Total	Last modified: 03 Jun 2022;  Methods Protocol: v6 (2017)

  Year          Age         mx       qx    ax      lx      dx      Lx       Tx     ex
1956-1959        0      0.04557  0.04396  0.20  100000    4396   96472  6866964  68.67
1956-1959      1-4      0.00193  0.00770  1.39   95604     736  380492  6770492  70.82
1956-1959      5-9      0.00061  0.00303  2.32   94868     288  473566  6390000  67.36
1956-1959     10-14     0.00047  0.00236  2.58   94580     224  472359  5916433  62.55
1956-1959     15-19     0.00088  0.00440  2.80   94356     415  470867  5444074  57.70
1956-1959     20-24     0.00124  0.00617  2.51   93941     579  468262  4973207  52.94
1956-1959     25-29     0.00131  0.00652  2.52   93362     609  465299  4504945  48.25
1956-1959     30-34     0.00155  0.00774  2.60   92753     718  462043  4039645  43.55
1956-1959     35-39     0.00206  0.01026  2.60   92035     944  457914  3577602  38.87
1956-1959     40-44     0.00290  0.01438  2.65   91091    1310  452377  3119688  34.25
1956-1959     45-49     0.00433  0.02145  2.66   89781    1926  444400  2667311  29.71
1956-1959     50-54     0.00700  0.03443  2.68   87855    3025  432260  2222911  25.30
1956-1959     55-59     0.01153  0.05614  2.67   84831    4763  413039  1790651  21.11
1956-1959     60-64     0.01818  0.08715  2.64   80068    6978  383899  1377612  17.21
1956-1959     65-69     0.02962  0.13845  2.65   73090   10119  341638   993713  13.60
1956-1959     70-74     0.05073  0.22631  2.62   62971   14251  280890   652075  10.36
1956-1959     75-79     0.08660  0.35695  2.54   48720   17391  200817   371185   7.62
1956-1959     80-84     0.14665  0.53069  2.40   31329   16626  113378   170368   5.44
1956-1959     85-89     0.23079  0.70107  2.20   14703   10308   44663    56991   3.88
1956-1959     90-94     0.33924  0.83412  1.95    4395    3666   10807    12327   2.80
1956-1959     95-99     0.47092  0.92076  1.69     729     671    1425     1520   2.09
1956-1959    100-104    0.60506  0.96254  1.46      58      56      92       95   1.64
1956-1959    105-109    0.72648  0.98099  1.28       2       2       3        3   1.37
1956-1959    110+       0.81252  1.00000  1.23       0       0       0        0   1.23
1960-1969        0      0.02804  0.02738  0.14  100000    2738   97633  7036245  70.36
1960-1969      1-4      0.00127  0.00507  1.48   97262     493  387806  6938612  71.34
1960-1969      5-9      0.00048  0.00241  2.32   96768     234  483215  6550806  67.70
1960-1969     10-14     0.00039  0.00197  2.57   96535     190  482212  6067591  62.85
1960-1969     15-19     0.00082  0.00412  2.88   96344     397  480880  5585379  57.97
1960-1969     20-24     0.00115  0.00573  2.47   95948     550  478348  5104498  53.20
1960-1969     25-29     0.00115  0.00575  2.55   95398     549  475645  4626150  48.49
1960-1969     30-34     0.00140  0.00699  2.58   94850     663  472642  4150506  43.76
1960-1969     35-39     0.00189  0.00939  2.62   94186     884  468825  3677864  39.05
1960-1969     40-44     0.00272  0.01352  2.65   93302    1262  463543  3209039  34.39
1960-1969     45-49     0.00422  0.02090  2.67   92040    1924  455711  2745496  29.83
1960-1969     50-54     0.00654  0.03222  2.67   90117    2904  443823  2289785  25.41
1960-1969     55-59     0.01078  0.05258  2.70   87213    4586  425503  1845962  21.17
1960-1969     60-64     0.01830  0.08773  2.67   82627    7249  396216  1420459  17.19
1960-1969     65-69     0.03018  0.14087  2.64   75378   10619  351791  1024244  13.59
1960-1969     70-74     0.05008  0.22368  2.61   64759   14485  289214   672453  10.38
1960-1969     75-79     0.08588  0.35473  2.55   50274   17834  207649   383239   7.62
1960-1969     80-84     0.14707  0.53229  2.41   32441   17268  117415   175590   5.41
1960-1969     85-89     0.23254  0.70413  2.20   15173   10684   45942    58175   3.83
1960-1969     90-94     0.35057  0.84538  1.94    4489    3795   10826    12233   2.73
1960-1969     95-99     0.48499  0.92721  1.67     694     644    1327     1407   2.03
1960-1969    100-104    0.62424  0.96661  1.43      51      49      78       80   1.59
1960-1969    105-109    0.74737  0.98319  1.25       2       2       2        2   1.34
1960-1969    110+       0.83214  1.00000  1.20       0       0       0        0   1.20
1970-1979        0      0.01563  0.01542  0.12  100000    1542   98639  7171373  71.71
1970-1979      1-4      0.00073  0.00290  1.61   98458     286  393150  7072735  71.83
1970-1979      5-9      0.00040  0.00198  2.34   98172     194  490346  6679585  68.04
1970-1979     10-14     0.00033  0.00163  2.62   97978     160  489510  6189239  63.17
1970-1979     15-19     0.00082  0.00407  2.84   97818     398  488231  5699729  58.27
1970-1979     20-24     0.00103  0.00511  2.44   97420     498  485824  5211498  53.50
1970-1979     25-29     0.00102  0.00510  2.55   96922     494  483401  4725674  48.76
1970-1979     30-34     0.00125  0.00623  2.60   96428     601  480697  4242273  43.99
1970-1979     35-39     0.00176  0.00878  2.67   95826     841  477170  3761576  39.25
1970-1979     40-44     0.00283  0.01408  2.67   94985    1337  471808  3284406  34.58
1970-1979     45-49     0.00431  0.02134  2.66   93648    1998  463557  2812599  30.03
1970-1979     50-54     0.00649  0.03198  2.65   91650    2931  451372  2349042  25.63
1970-1979     55-59     0.01026  0.05012  2.67   88719    4446  433237  1897670  21.39
1970-1979     60-64     0.01700  0.08176  2.69   84273    6890  405418  1464433  17.38
1970-1979     65-69     0.02949  0.13795  2.67   77382   10675  361988  1059015  13.69
1970-1979     70-74     0.05095  0.22712  2.61   66707   15151  297356   697027  10.45
1970-1979     75-79     0.08499  0.35129  2.53   51556   18111  213104   399671   7.75
1970-1979     80-84     0.14090  0.51647  2.42   33445   17274  122592   186567   5.58
1970-1979     85-89     0.22437  0.69109  2.22   16172   11176   49811    63975   3.96
1970-1979     90-94     0.33488  0.83076  1.97    4996    4150   12393    14164   2.84
1970-1979     95-99     0.46840  0.92004  1.70     845     778    1661     1771   2.10
1970-1979    100-104    0.60711  0.96318  1.46      68      65     107      111   1.64
1970-1979    105-109    0.73162  0.98160  1.27       2       2       3        3   1.36
1970-1979    110+       0.81828  1.00000  1.22       0       0       0        0   1.22
1980-1989        0      0.01007  0.00998  0.13  100000     998   99130  7271085  72.71
1980-1989      1-4      0.00056  0.00225  1.58   99002     223  395468  7171955  72.44
1980-1989      5-9      0.00028  0.00142  2.40   98779     140  493531  6776487  68.60
1980-1989     10-14     0.00024  0.00122  2.65   98639     121  492911  6282955  63.70
1980-1989     15-19     0.00072  0.00358  2.82   98518     353  491822  5790044  58.77
1980-1989     20-24     0.00089  0.00446  2.49   98165     438  489730  5298222  53.97
1980-1989     25-29     0.00096  0.00480  2.59   97728     469  487506  4808492  49.20
1980-1989     30-34     0.00123  0.00612  2.62   97258     595  484872  4320986  44.43
1980-1989     35-39     0.00171  0.00850  2.64   96663     821  481380  3836114  39.69
1980-1989     40-44     0.00267  0.01328  2.68   95842    1272  476260  3354734  35.00
1980-1989     45-49     0.00433  0.02143  2.70   94569    2027  468179  2878474  30.44
1980-1989     50-54     0.00705  0.03466  2.67   92542    3208  455231  2410295  26.05
1980-1989     55-59     0.01063  0.05185  2.63   89334    4632  435712  1955064  21.88
1980-1989     60-64     0.01627  0.07833  2.64   84702    6635  407848  1519351  17.94
1980-1989     65-69     0.02678  0.12598  2.66   78067    9835  367282  1111503  14.24
1980-1989     70-74     0.04593  0.20712  2.63   68232   14132  307671   744222  10.91
1980-1989     75-79     0.07915  0.33172  2.56   54100   17946  226740   436551   8.07
1980-1989     80-84     0.13299  0.49586  2.44   36154   17927  134799   209811   5.80
1980-1989     85-89     0.21339  0.67203  2.25   18227   12249   57401    75012   4.12
1980-1989     90-94     0.32011  0.81830  2.01    5978    4892   15281    17611   2.95
1980-1989     95-99     0.45661  0.91491  1.73    1086     994    2176     2329   2.14
1980-1989    100-104    0.59934  0.96175  1.47      92      89     148      153   1.66
1980-1989    105-109    0.72867  0.98139  1.28       4       3       5        5   1.37
1980-1989    110+       0.81854  1.00000  1.22       0       0       0        0   1.22
1990-1999        0      0.00581  0.00578  0.14  100000     578   99501  7482282  74.82
1990-1999      1-4      0.00041  0.00164  1.63   99422     163  397301  7382781  74.26
1990-1999      5-9      0.00020  0.00098  2.34   99259      97  496036  6985480  70.38
1990-1999     10-14     0.00020  0.00101  2.74   99162     100  495582  6489444  65.44
1990-1999     15-19     0.00072  0.00361  3.02   99062     357  494602  5993861  60.51
1990-1999     20-24     0.00087  0.00435  2.40   98704     429  492407  5499259  55.71
1990-1999     25-29     0.00089  0.00443  2.59   98275     435  490326  5006853  50.95
1990-1999     30-34     0.00125  0.00624  2.66   97840     610  487773  4516526  46.16
1990-1999     35-39     0.00191  0.00953  2.67   97229     926  483988  4028753  41.44
1990-1999     40-44     0.00284  0.01409  2.65   96303    1357  478327  3544766  36.81
1990-1999     45-49     0.00410  0.02029  2.64   94946    1927  470190  3066439  32.30
1990-1999     50-54     0.00620  0.03056  2.65   93019    2842  458406  2596249  27.91
1990-1999     55-59     0.00942  0.04606  2.66   90177    4154  441147  2137843  23.71
1990-1999     60-64     0.01485  0.07176  2.64   86023    6173  415562  1696696  19.72
1990-1999     65-69     0.02256  0.10707  2.62   79850    8550  378921  1281134  16.04
1990-1999     70-74     0.03504  0.16162  2.61   71300   11524  328922   902214  12.65
1990-1999     75-79     0.05903  0.25863  2.61   59777   15460  261903   573291   9.59
1990-1999     80-84     0.10002  0.39984  2.49   44316   17719  177158   311388   7.03
1990-1999     85-89     0.16247  0.56894  2.37   26597   15132   93136   134230   5.05
1990-1999     90-94     0.25396  0.73703  2.15   11465    8450   33273    41094   3.58
1990-1999     95-99     0.37056  0.86189  1.90    3015    2599    7012     7822   2.59
1990-1999    100-104    0.50742  0.93580  1.63     416     390     768      809   1.94
1990-1999    105-109    0.64547  0.97036  1.40      27      26      40       41   1.54
1990-1999    110+       0.75017  1.00000  1.33       1       1       1        1   1.33
2000-2009        0      0.00342  0.00341  0.14  100000     341   99708  7851810  78.52
2000-2009      1-4      0.00020  0.00081  1.61   99659      80  398444  7752103  77.79
2000-2009      5-9      0.00011  0.00053  2.42   99579      53  497757  7353659  73.85
2000-2009     10-14     0.00013  0.00067  2.82   99526      66  497486  6855901  68.89
2000-2009     15-19     0.00044  0.00220  2.98   99460     219  496857  6358415  63.93
2000-2009     20-24     0.00056  0.00282  2.42   99241     280  495483  5861558  59.06
2000-2009     25-29     0.00055  0.00272  2.54   98961     269  494140  5366075  54.22
2000-2009     30-34     0.00068  0.00339  2.67   98691     334  492679  4871935  49.37
2000-2009     35-39     0.00115  0.00574  2.71   98357     564  490494  4379256  44.52
2000-2009     40-44     0.00200  0.00993  2.71   97793     971  486744  3888761  39.77
2000-2009     45-49     0.00327  0.01625  2.67   96821    1573  480446  3402017  35.14
2000-2009     50-54     0.00484  0.02393  2.64   95248    2279  470862  2921571  30.67
2000-2009     55-59     0.00687  0.03379  2.64   92969    3141  457441  2450709  26.36
2000-2009     60-64     0.01014  0.04952  2.63   89828    4448  438605  1993267  22.19
2000-2009     65-69     0.01576  0.07599  2.66   85380    6488  411702  1554662  18.21
2000-2009     70-74     0.02594  0.12223  2.65   78892    9643  371789  1142960  14.49
2000-2009     75-79     0.04297  0.19495  2.62   69249   13500  314182   771171  11.14
2000-2009     80-84     0.07382  0.31296  2.57   55749   17447  236329   456989   8.20
2000-2009     85-89     0.13143  0.49311  2.47   38302   18887  143702   220660   5.76
2000-2009     90-94     0.22142  0.68825  2.25   19415   13362   60349    76959   3.96
2000-2009     95-99     0.34639  0.84425  1.96    6053    5110   14752    16609   2.74
2000-2009    100-104    0.49946  0.93429  1.65     943     881    1763     1857   1.97
2000-2009    105-109    0.65517  0.97255  1.39      62      60      92       94   1.52
2000-2009    110+       0.77064  1.00000  1.30       2       2       2        2   1.30
2010-2019        0      0.00272  0.00271  0.14  100000     271   99768  8017835  80.18
2010-2019      1-4      0.00016  0.00065  1.62   99729      65  398759  7918068  79.40
2010-2019      5-9      0.00007  0.00037  2.38   99663      37  498221  7519309  75.45
2010-2019     10-14     0.00009  0.00046  2.66   99627      46  498026  7021088  70.47
2010-2019     15-19     0.00025  0.00125  2.96   99581     124  497650  6523062  65.51
2010-2019     20-24     0.00038  0.00190  2.52   99457     189  496815  6025412  60.58
2010-2019     25-29     0.00043  0.00213  2.62   99268     211  495837  5528597  55.69
2010-2019     30-34     0.00058  0.00288  2.64   99057     285  494609  5032760  50.81
2010-2019     35-39     0.00083  0.00415  2.69   98771     410  492909  4538151  45.95
2010-2019     40-44     0.00142  0.00706  2.71   98361     695  490212  4045242  41.13
2010-2019     45-49     0.00250  0.01240  2.71   97666    1212  485557  3555029  36.40
2010-2019     50-54     0.00422  0.02091  2.69   96455    2017  477612  3069472  31.82
2010-2019     55-59     0.00660  0.03252  2.65   94438    3071  464988  2591860  27.45
2010-2019     60-64     0.00980  0.04791  2.63   91367    4378  446476  2126871  23.28
2010-2019     65-69     0.01399  0.06766  2.61   86989    5886  420875  1680395  19.32
2010-2019     70-74     0.02069  0.09864  2.64   81103    8000  386635  1259521  15.53
2010-2019     75-79     0.03480  0.16091  2.66   73103   11763  337976   872886  11.94
2010-2019     80-84     0.06422  0.27860  2.63   61340   17090  266131   534910   8.72
2010-2019     85-89     0.11909  0.45911  2.51   44251   20316  170594   268779   6.07
2010-2019     90-94     0.20997  0.66866  2.29   23935   16004   76223    98185   4.10
2010-2019     95-99     0.34183  0.84181  1.99    7931    6676   19530    21962   2.77
2010-2019    100-104    0.50787  0.93840  1.64    1255    1177    2318     2432   1.94
2010-2019    105-109    0.67636  0.97606  1.36      77      75     112      114   1.47
2010-2019    110+       0.79758  1.00000  1.25       2       2       2        2   1.25
