Israel, Total Population, Life tables (period 5x10), Total	Last modified: 31 Oct 2018;  Methods Protocol: v6 (2017)

  Year          Age         mx       qx    ax      lx      dx      Lx       Tx     ex
1983-1989        0      0.01171  0.01159  0.13  100000    1159   98986  7558459  75.58
1983-1989      1-4      0.00056  0.00226  1.55   98841     223  394815  7459473  75.47
1983-1989      5-9      0.00025  0.00124  2.35   98618     122  492766  7064658  71.64
1983-1989     10-14     0.00022  0.00108  2.57   98496     106  492222  6571892  66.72
1983-1989     15-19     0.00051  0.00255  2.95   98390     251  491434  6079670  61.79
1983-1989     20-24     0.00064  0.00319  2.39   98139     313  489877  5588236  56.94
1983-1989     25-29     0.00064  0.00318  2.52   97826     311  488359  5098359  52.12
1983-1989     30-34     0.00077  0.00386  2.62   97515     376  486678  4610000  47.27
1983-1989     35-39     0.00100  0.00500  2.65   97138     486  484548  4123322  42.45
1983-1989     40-44     0.00165  0.00821  2.70   96652     794  481435  3638774  37.65
1983-1989     45-49     0.00282  0.01399  2.72   95859    1341  476241  3157339  32.94
1983-1989     50-54     0.00489  0.02418  2.72   94518    2285  467389  2681098  28.37
1983-1989     55-59     0.00848  0.04158  2.70   92233    3835  452328  2213708  24.00
1983-1989     60-64     0.01360  0.06588  2.66   88397    5824  428363  1761381  19.93
1983-1989     65-69     0.02235  0.10618  2.65   82573    8768  392242  1333017  16.14
1983-1989     70-74     0.03695  0.16986  2.63   73805   12537  339331   940775  12.75
1983-1989     75-79     0.06326  0.27454  2.60   61269   16821  265905   601444   9.82
1983-1989     80-84     0.09206  0.37470  2.52   44448   16654  180903   335539   7.55
1983-1989     85-89     0.14616  0.52899  2.39   27793   14702  100590   154636   5.56
1983-1989     90-94     0.21169  0.66471  2.20   13091    8702   41105    54047   4.13
1983-1989     95-99     0.32141  0.81710  1.99    4389    3586   11159    12942   2.95
1983-1989    100-104    0.44058  0.90532  1.75     803     727    1650     1783   2.22
1983-1989    105-109    0.56621  0.95287  1.52      76      72     128      133   1.75
1983-1989    110+       0.66538  1.00000  1.50       4       4       5        5   1.50
1990-1999        0      0.00750  0.00746  0.13  100000     746   99354  7773126  77.73
1990-1999      1-4      0.00041  0.00163  1.61   99254     162  396630  7673772  77.31
1990-1999      5-9      0.00017  0.00087  2.31   99092      86  495228  7277142  73.44
1990-1999     10-14     0.00017  0.00083  2.68   99006      82  494839  6781913  68.50
1990-1999     15-19     0.00041  0.00203  2.98   98924     201  494214  6287074  63.55
1990-1999     20-24     0.00062  0.00308  2.38   98723     304  492818  5792860  58.68
1990-1999     25-29     0.00058  0.00288  2.45   98419     283  491374  5300042  53.85
1990-1999     30-34     0.00072  0.00358  2.60   98136     351  489835  4808668  49.00
1990-1999     35-39     0.00095  0.00473  2.61   97785     462  487821  4318832  44.17
1990-1999     40-44     0.00145  0.00723  2.66   97323     703  484967  3831011  39.36
1990-1999     45-49     0.00232  0.01156  2.70   96619    1117  480524  3346044  34.63
1990-1999     50-54     0.00385  0.01908  2.70   95503    1822  473332  2865521  30.00
1990-1999     55-59     0.00664  0.03270  2.68   93681    3063  461311  2392188  25.54
1990-1999     60-64     0.01137  0.05540  2.69   90618    5020  441506  1930877  21.31
1990-1999     65-69     0.01867  0.08945  2.66   85598    7657  410100  1489371  17.40
1990-1999     70-74     0.03016  0.14073  2.63   77941   10968  363666  1079272  13.85
1990-1999     75-79     0.05081  0.22658  2.61   66972   15175  298654   715606  10.69
1990-1999     80-84     0.08150  0.33951  2.54   51797   17586  215773   416952   8.05
1990-1999     85-89     0.13337  0.49614  2.42   34212   16974  127269   201178   5.88
1990-1999     90-94     0.20162  0.64810  2.24   17238   11172   55410    73909   4.29
1990-1999     95-99     0.30849  0.80436  2.03    6066    4879   15816    18499   3.05
1990-1999    100-104    0.43178  0.90124  1.77    1187    1070    2477     2683   2.26
1990-1999    105-109    0.56473  0.95298  1.52     117     112     198      206   1.76
1990-1999    110+       0.67137  1.00000  1.49       6       6       8        8   1.49
2000-2009        0      0.00458  0.00457  0.14  100000     457   99607  8014296  80.14
2000-2009      1-4      0.00028  0.00114  1.55   99543     113  397896  7914689  79.51
2000-2009      5-9      0.00013  0.00067  2.34   99430      67  496973  7516792  75.60
2000-2009     10-14     0.00014  0.00071  2.58   99363      70  496647  7019819  70.65
2000-2009     15-19     0.00037  0.00184  2.98   99293     182  496098  6523173  65.70
2000-2009     20-24     0.00056  0.00280  2.42   99111     278  494838  6027075  60.81
2000-2009     25-29     0.00050  0.00251  2.56   98833     248  493560  5532237  55.98
2000-2009     30-34     0.00060  0.00297  2.64   98585     293  492234  5038677  51.11
2000-2009     35-39     0.00084  0.00421  2.66   98292     413  490491  4546442  46.25
2000-2009     40-44     0.00129  0.00643  2.67   97879     630  487928  4055951  41.44
2000-2009     45-49     0.00201  0.01002  2.66   97249     975  483960  3568023  36.69
2000-2009     50-54     0.00316  0.01571  2.69   96274    1512  477878  3084063  32.03
2000-2009     55-59     0.00506  0.02499  2.67   94762    2368  468304  2606185  27.50
2000-2009     60-64     0.00813  0.03991  2.69   92394    3688  453442  2137881  23.14
2000-2009     65-69     0.01373  0.06652  2.68   88707    5901  429863  1684439  18.99
2000-2009     70-74     0.02335  0.11074  2.68   82806    9170  392726  1254576  15.15
2000-2009     75-79     0.03983  0.18203  2.64   73636   13404  336506   861850  11.70
2000-2009     80-84     0.06704  0.28843  2.58   60232   17373  259133   525344   8.72
2000-2009     85-89     0.11721  0.45317  2.50   42859   19423  165707   266211   6.21
2000-2009     90-94     0.20132  0.65228  2.30   23437   15287   75935   100503   4.29
2000-2009     95-99     0.31099  0.80927  2.04    8149    6595   21207    24568   3.01
2000-2009    100-104    0.45228  0.91356  1.74    1554    1420    3140     3361   2.16
2000-2009    105-109    0.60265  0.96279  1.47     134     129     215      222   1.65
2000-2009    110+       0.71955  1.00000  1.39       5       5       7        7   1.39
2010-2016        0      0.00335  0.00334  0.14  100000     334   99713  8204180  82.04
2010-2016      1-4      0.00020  0.00078  1.57   99666      78  398474  8104467  81.32
2010-2016      5-9      0.00010  0.00051  2.38   99588      50  497808  7705993  77.38
2010-2016     10-14     0.00011  0.00056  2.82   99538      56  497566  7208185  72.42
2010-2016     15-19     0.00025  0.00124  2.81   99482     123  497139  6710619  67.46
2010-2016     20-24     0.00036  0.00178  2.46   99359     177  496343  6213480  62.54
2010-2016     25-29     0.00039  0.00193  2.54   99182     192  495438  5717137  57.64
2010-2016     30-34     0.00047  0.00234  2.63   98990     232  494400  5221699  52.75
2010-2016     35-39     0.00063  0.00316  2.65   98758     313  493057  4727299  47.87
2010-2016     40-44     0.00099  0.00493  2.69   98446     486  491109  4234242  43.01
2010-2016     45-49     0.00160  0.00799  2.68   97960     783  487985  3743133  38.21
2010-2016     50-54     0.00281  0.01397  2.71   97177    1357  482779  3255148  33.50
2010-2016     55-59     0.00434  0.02146  2.65   95820    2057  474274  2772369  28.93
2010-2016     60-64     0.00685  0.03372  2.65   93763    3162  461376  2298095  24.51
2010-2016     65-69     0.01095  0.05337  2.67   90601    4835  441716  1836720  20.27
2010-2016     70-74     0.01853  0.08885  2.69   85766    7620  411202  1395003  16.27
2010-2016     75-79     0.03209  0.14929  2.67   78146   11666  363547   983801  12.59
2010-2016     80-84     0.05949  0.26047  2.61   66480   17316  291065   620255   9.33
2010-2016     85-89     0.10451  0.41455  2.51   49164   20381  195024   329190   6.70
2010-2016     90-94     0.17537  0.59772  2.34   28783   17204   98102   134166   4.66
2010-2016     95-99     0.29874  0.79666  2.07   11579    9224   30878    36063   3.11
2010-2016    100-104    0.44335  0.90942  1.76    2354    2141    4830     5186   2.20
2010-2016    105-109    0.59534  0.96112  1.48     213     205     344      356   1.67
2010-2016    110+       0.71016  1.00000  1.41       8       8      12       12   1.41
