Norway, Life tables (period 5x10), Total	Last modified: 15 Apr 2021;  Methods Protocol: v6 (2017)

  Year          Age         mx       qx    ax      lx      dx      Lx       Tx     ex
1846-1849        0      0.11778  0.10888  0.31  100000   10888   92442  4644986  46.45
1846-1849      1-4      0.03021  0.11221  1.45   89112    9999  330987  4552544  51.09
1846-1849      5-9      0.00797  0.03896  2.17   79113    3082  386841  4221558  53.36
1846-1849     10-14     0.00405  0.02004  2.47   76031    1524  376294  3834716  50.44
1846-1849     15-19     0.00529  0.02614  2.66   74507    1948  367973  3458422  46.42
1846-1849     20-24     0.00699  0.03434  2.49   72559    2491  356535  3090449  42.59
1846-1849     25-29     0.00700  0.03439  2.51   70068    2410  344348  2733914  39.02
1846-1849     30-34     0.00831  0.04074  2.58   67658    2756  331627  2389566  35.32
1846-1849     35-39     0.01007  0.04914  2.52   64902    3189  316604  2057939  31.71
1846-1849     40-44     0.01096  0.05336  2.57   61712    3293  300557  1741335  28.22
1846-1849     45-49     0.01317  0.06385  2.60   58419    3730  283153  1440778  24.66
1846-1849     50-54     0.01713  0.08220  2.54   54690    4495  262402  1157625  21.17
1846-1849     55-59     0.02260  0.10722  2.62   50194    5382  238160   895222  17.84
1846-1849     60-64     0.03302  0.15290  2.58   44812    6852  207511   657062  14.66
1846-1849     65-69     0.04536  0.20412  2.55   37961    7749  170824   449551  11.84
1846-1849     70-74     0.06688  0.28885  2.64   30212    8727  130478   278728   9.23
1846-1849     75-79     0.11995  0.45831  2.43   21485    9847   82090   148249   6.90
1846-1849     80-84     0.14278  0.52002  2.39   11638    6052   42386    66159   5.68
1846-1849     85-89     0.20514  0.65606  2.25    5586    3665   17865    23773   4.26
1846-1849     90-94     0.30917  0.79553  1.95    1921    1528    4944     5908   3.07
1846-1849     95-99     0.39605  0.87733  1.83     393     345     870      964   2.45
1846-1849    100-104    0.50740  0.93366  1.62      48      45      89       94   1.95
1846-1849    105-109    0.61793  0.96411  1.43       3       3       5        5   1.61
1846-1849    110+       0.70363  1.00000  1.42       0       0       0        0   1.42
1850-1859        0      0.09980  0.09333  0.31  100000    9333   93521  4999684  50.00
1850-1859      1-4      0.02148  0.08145  1.46   90667    7385  343874  4906163  54.11
1850-1859      5-9      0.00600  0.02948  2.14   83282    2455  409393  4562289  54.78
1850-1859     10-14     0.00402  0.01990  2.48   80827    1608  400079  4152896  51.38
1850-1859     15-19     0.00505  0.02498  2.70   79219    1979  391552  3752817  47.37
1850-1859     20-24     0.00739  0.03630  2.48   77240    2803  379133  3361265  43.52
1850-1859     25-29     0.00728  0.03573  2.50   74437    2660  365533  2982132  40.06
1850-1859     30-34     0.00824  0.04036  2.50   71777    2897  351642  2616599  36.45
1850-1859     35-39     0.00960  0.04689  2.54   68880    3230  336442  2264958  32.88
1850-1859     40-44     0.01061  0.05170  2.53   65650    3394  319867  1928515  29.38
1850-1859     45-49     0.01222  0.05934  2.55   62257    3694  302234  1608649  25.84
1850-1859     50-54     0.01470  0.07100  2.59   58562    4158  282787  1306414  22.31
1850-1859     55-59     0.01978  0.09436  2.57   54404    5134  259566  1023627  18.82
1850-1859     60-64     0.02847  0.13328  2.61   49271    6567  230651   764061  15.51
1850-1859     65-69     0.04227  0.19155  2.56   42704    8180  193530   533411  12.49
1850-1859     70-74     0.06183  0.26882  2.57   34524    9281  150111   339881   9.84
1850-1859     75-79     0.10518  0.41587  2.48   25243   10498   99806   189770   7.52
1850-1859     80-84     0.12575  0.47607  2.45   14745    7020   55825    89964   6.10
1850-1859     85-89     0.19734  0.64094  2.27    7725    4951   25091    34139   4.42
1850-1859     90-94     0.28372  0.77037  2.03    2774    2137    7532     9048   3.26
1850-1859     95-99     0.40844  0.88712  1.81     637     565    1383     1516   2.38
1850-1859    100-104    0.53684  0.94479  1.57      72      68     127      133   1.84
1850-1859    105-109    0.66150  0.97247  1.37       4       4       6        6   1.51
1850-1859    110+       0.75498  1.00000  1.32       0       0       0        0   1.32
1860-1869        0      0.10861  0.10099  0.31  100000   10099   92990  4807769  48.08
1860-1869      1-4      0.02872  0.10706  1.46   89901    9625  335137  4714779  52.44
1860-1869      5-9      0.00797  0.03896  2.19   80276    3127  392585  4379642  54.56
1860-1869     10-14     0.00433  0.02140  2.49   77148    1651  381598  3987057  51.68
1860-1869     15-19     0.00577  0.02847  2.64   75498    2149  372418  3605459  47.76
1860-1869     20-24     0.00751  0.03686  2.52   73348    2703  360033  3233042  44.08
1860-1869     25-29     0.00776  0.03806  2.49   70645    2689  346466  2873009  40.67
1860-1869     30-34     0.00784  0.03846  2.49   67956    2613  333216  2526543  37.18
1860-1869     35-39     0.00864  0.04229  2.54   65343    2764  319909  2193327  33.57
1860-1869     40-44     0.00971  0.04740  2.51   62579    2966  305498  1873418  29.94
1860-1869     45-49     0.01131  0.05506  2.58   59613    3282  290107  1567920  26.30
1860-1869     50-54     0.01423  0.06880  2.59   56331    3875  272305  1277813  22.68
1860-1869     55-59     0.01894  0.09056  2.58   52456    4751  250786  1005508  19.17
1860-1869     60-64     0.02631  0.12376  2.61   47705    5904  224415   754722  15.82
1860-1869     65-69     0.04086  0.18588  2.57   41801    7770  190158   530307  12.69
1860-1869     70-74     0.06076  0.26460  2.56   34031    9005  148194   340150  10.00
1860-1869     75-79     0.09382  0.38017  2.51   25026    9514  101409   191956   7.67
1860-1869     80-84     0.13955  0.51058  2.37   15512    7920   56755    90547   5.84
1860-1869     85-89     0.19752  0.64013  2.25    7592    4860   24604    33793   4.45
1860-1869     90-94     0.27818  0.77234  2.12    2732    2110    7585     9189   3.36
1860-1869     95-99     0.37550  0.86228  1.86     622     536    1428     1603   2.58
1860-1869    100-104    0.48266  0.92372  1.66      86      79     164      175   2.04
1860-1869    105-109    0.59212  0.95847  1.47       7       6      11       11   1.68
1860-1869    110+       0.67871  1.00000  1.47       0       0       0        0   1.47
1870-1879        0      0.10376  0.09679  0.31  100000    9679   93281  4969808  49.70
1870-1879      1-4      0.02384  0.08986  1.44   90321    8117  340508  4876527  53.99
1870-1879      5-9      0.00654  0.03212  2.16   82205    2641  403519  4536019  55.18
1870-1879     10-14     0.00408  0.02017  2.47   79564    1605  393756  4132500  51.94
1870-1879     15-19     0.00564  0.02781  2.67   77959    2168  384750  3738745  47.96
1870-1879     20-24     0.00760  0.03731  2.53   75791    2828  371958  3353994  44.25
1870-1879     25-29     0.00798  0.03910  2.50   72963    2853  357679  2982037  40.87
1870-1879     30-34     0.00808  0.03961  2.49   70110    2777  343580  2624358  37.43
1870-1879     35-39     0.00900  0.04404  2.53   67333    2965  329347  2280778  33.87
1870-1879     40-44     0.00961  0.04694  2.51   64368    3021  314308  1951431  30.32
1870-1879     45-49     0.01121  0.05458  2.59   61346    3348  298672  1637123  26.69
1870-1879     50-54     0.01354  0.06550  2.54   57998    3799  280629  1338451  23.08
1870-1879     55-59     0.01795  0.08604  2.60   54199    4663  259828  1057822  19.52
1870-1879     60-64     0.02566  0.12083  2.58   49536    5985  233221   797994  16.11
1870-1879     65-69     0.03883  0.17769  2.62   43551    7739  199301   564773  12.97
1870-1879     70-74     0.05814  0.25437  2.54   35812    9110  156679   365472  10.21
1870-1879     75-79     0.09105  0.37171  2.53   26703    9926  109007   208793   7.82
1870-1879     80-84     0.13434  0.49788  2.40   16777    8353   62176    99786   5.95
1870-1879     85-89     0.19996  0.64515  2.25    8424    5435   27179    37610   4.46
1870-1879     90-94     0.26250  0.74419  2.09    2989    2225    8474    10431   3.49
1870-1879     95-99     0.37847  0.86472  1.86     765     661    1747     1956   2.56
1870-1879    100-104    0.48732  0.92572  1.65     103      96     197      209   2.02
1870-1879    105-109    0.59707  0.95960  1.46       8       7      12       13   1.67
1870-1879    110+       0.68320  1.00000  1.46       0       0       0        0   1.46
1880-1889        0      0.09596  0.08997  0.31  100000    8997   93755  5038058  50.38
1880-1889      1-4      0.02366  0.08933  1.50   91003    8130  343648  4944303  54.33
1880-1889      5-9      0.00747  0.03659  2.13   82873    3032  405664  4600656  55.51
1880-1889     10-14     0.00454  0.02244  2.47   79841    1792  394671  4194991  52.54
1880-1889     15-19     0.00581  0.02868  2.68   78049    2239  385045  3800321  48.69
1880-1889     20-24     0.00772  0.03788  2.52   75811    2872  371932  3415276  45.05
1880-1889     25-29     0.00794  0.03893  2.48   72939    2839  357547  3043344  41.72
1880-1889     30-34     0.00796  0.03900  2.49   70100    2734  343639  2685797  38.31
1880-1889     35-39     0.00847  0.04149  2.50   67365    2795  329838  2342159  34.77
1880-1889     40-44     0.00900  0.04400  2.51   64571    2841  315790  2012321  31.16
1880-1889     45-49     0.01013  0.04943  2.57   61730    3051  301228  1696531  27.48
1880-1889     50-54     0.01280  0.06208  2.56   58679    3643  284515  1395303  23.78
1880-1889     55-59     0.01629  0.07834  2.57   55036    4311  264687  1110788  20.18
1880-1889     60-64     0.02336  0.11065  2.62   50724    5612  240286   846101  16.68
1880-1889     65-69     0.03515  0.16200  2.59   45112    7308  207913   605815  13.43
1880-1889     70-74     0.05284  0.23431  2.58   37804    8858  167619   397902  10.53
1880-1889     75-79     0.08388  0.34704  2.51   28946   10045  119760   230283   7.96
1880-1889     80-84     0.13380  0.49749  2.42   18901    9403   70277   110523   5.85
1880-1889     85-89     0.20969  0.66374  2.24    9498    6304   30064    40246   4.24
1880-1889     90-94     0.29129  0.78232  2.04    3194    2499    8577    10182   3.19
1880-1889     95-99     0.42242  0.89551  1.78     695     623    1474     1604   2.31
1880-1889    100-104    0.55088  0.94894  1.55      73      69     125      131   1.80
1880-1889    105-109    0.67421  0.97436  1.35       4       4       5        5   1.48
1880-1889    110+       0.76593  1.00000  1.31       0       0       0        0   1.31
1890-1899        0      0.09495  0.08908  0.31  100000    8908   93815  5159048  51.59
1890-1899      1-4      0.01897  0.07229  1.39   91092    6585  347202  5065233  55.61
1890-1899      5-9      0.00576  0.02835  2.23   84507    2396  415889  4718031  55.83
1890-1899     10-14     0.00422  0.02087  2.53   82111    1714  406324  4302142  52.39
1890-1899     15-19     0.00647  0.03188  2.68   80397    2563  396038  3895818  48.46
1890-1899     20-24     0.00840  0.04115  2.48   77835    3203  381115  3499780  44.96
1890-1899     25-29     0.00837  0.04098  2.47   74632    3058  365428  3118665  41.79
1890-1899     30-34     0.00821  0.04022  2.47   71574    2879  350571  2753237  38.47
1890-1899     35-39     0.00857  0.04194  2.52   68695    2881  336327  2402666  34.98
1890-1899     40-44     0.00929  0.04541  2.49   65814    2988  321575  2066338  31.40
1890-1899     45-49     0.01002  0.04892  2.55   62826    3074  306607  1744764  27.77
1890-1899     50-54     0.01229  0.05967  2.56   59752    3566  290076  1438156  24.07
1890-1899     55-59     0.01582  0.07621  2.58   56186    4282  270590  1148080  20.43
1890-1899     60-64     0.02267  0.10752  2.62   51905    5581  246226   877490  16.91
1890-1899     65-69     0.03330  0.15407  2.58   46324    7137  214327   631264  13.63
1890-1899     70-74     0.05156  0.22945  2.60   39187    8991  174372   416937  10.64
1890-1899     75-79     0.08248  0.34233  2.52   30195   10337  125318   242565   8.03
1890-1899     80-84     0.13020  0.48797  2.43   19859    9690   74425   117247   5.90
1890-1899     85-89     0.20781  0.66425  2.28   10168    6754   32502    42822   4.21
1890-1899     90-94     0.31126  0.81197  2.05    3414    2772    8906    10321   3.02
1890-1899     95-99     0.44369  0.90802  1.75     642     583    1314     1415   2.20
1890-1899    100-104    0.58101  0.95729  1.50      59      57      97      101   1.71
1890-1899    105-109    0.70783  0.97894  1.31       3       2       3        4   1.41
1890-1899    110+       0.79842  1.00000  1.25       0       0       0        0   1.25
1900-1909        0      0.07383  0.07019  0.30  100000    7019   95069  5575727  55.76
1900-1909      1-4      0.01205  0.04671  1.33   92981    4343  360322  5480658  58.94
1900-1909      5-9      0.00368  0.01824  2.32   88638    1616  438853  5120336  57.77
1900-1909     10-14     0.00341  0.01693  2.58   87022    1474  431541  4681482  53.80
1900-1909     15-19     0.00593  0.02925  2.73   85548    2503  422069  4249941  49.68
1900-1909     20-24     0.00792  0.03881  2.50   83045    3223  407170  3827872  46.09
1900-1909     25-29     0.00758  0.03718  2.46   79822    2968  391587  3420702  42.85
1900-1909     30-34     0.00743  0.03649  2.49   76854    2805  377242  3029115  39.41
1900-1909     35-39     0.00770  0.03779  2.49   74050    2798  363236  2651873  35.81
1900-1909     40-44     0.00821  0.04024  2.53   71251    2867  349188  2288637  32.12
1900-1909     45-49     0.00919  0.04495  2.54   68384    3074  334363  1939448  28.36
1900-1909     50-54     0.01153  0.05609  2.56   65310    3663  317605  1605085  24.58
1900-1909     55-59     0.01469  0.07091  2.58   61647    4371  297637  1287480  20.88
1900-1909     60-64     0.02087  0.09943  2.62   57276    5695  272854   989843  17.28
1900-1909     65-69     0.03177  0.14765  2.62   51581    7616  239752   716988  13.90
1900-1909     70-74     0.04907  0.21943  2.59   43965    9647  196590   477236  10.85
1900-1909     75-79     0.07982  0.33343  2.53   34318   11443  143361   280646   8.18
1900-1909     80-84     0.12686  0.47889  2.44   22875   10955   86355   137285   6.00
1900-1909     85-89     0.20410  0.65716  2.29   11921    7834   38382    50929   4.27
1900-1909     90-94     0.30533  0.80507  2.06    4087    3290   10776    12548   3.07
1900-1909     95-99     0.43930  0.90579  1.76     797     722    1643     1772   2.22
1900-1909    100-104    0.57718  0.95639  1.50      75      72     124      129   1.72
1900-1909    105-109    0.70499  0.97862  1.31       3       3       5        5   1.41
1900-1909    110+       0.79658  1.00000  1.26       0       0       0        0   1.26
1910-1919        0      0.06177  0.05905  0.25  100000    5905   95600  5686710  56.87
1910-1919      1-4      0.00972  0.03792  1.37   94095    3568  366983  5591110  59.42
1910-1919      5-9      0.00339  0.01679  2.33   90527    1520  448576  5224127  57.71
1910-1919     10-14     0.00308  0.01529  2.63   89006    1361  441801  4775551  53.65
1910-1919     15-19     0.00602  0.02970  2.74   87645    2603  432354  4333750  49.45
1910-1919     20-24     0.00839  0.04111  2.52   85042    3496  416544  3901397  45.88
1910-1919     25-29     0.00834  0.04082  2.45   81546    3329  399257  3484853  42.73
1910-1919     30-34     0.00763  0.03741  2.45   78217    2926  383636  3085596  39.45
1910-1919     35-39     0.00764  0.03749  2.52   75291    2822  369445  2701960  35.89
1910-1919     40-44     0.00797  0.03908  2.53   72468    2832  355332  2332515  32.19
1910-1919     45-49     0.00900  0.04403  2.55   69636    3066  340674  1977183  28.39
1910-1919     50-54     0.01111  0.05406  2.55   66570    3599  324047  1636509  24.58
1910-1919     55-59     0.01491  0.07197  2.60   62971    4532  303985  1312462  20.84
1910-1919     60-64     0.02083  0.09917  2.60   58439    5796  278295  1008478  17.26
1910-1919     65-69     0.03144  0.14626  2.62   52644    7700  244888   730183  13.87
1910-1919     70-74     0.04967  0.22190  2.60   44944    9973  200767   485295  10.80
1910-1919     75-79     0.08008  0.33435  2.53   34971   11692  146013   284528   8.14
1910-1919     80-84     0.12916  0.48516  2.44   23279   11294   87444   138515   5.95
1910-1919     85-89     0.20382  0.65494  2.27   11985    7849   38511    51071   4.26
1910-1919     90-94     0.31023  0.81218  2.07    4135    3359   10827    12560   3.04
1910-1919     95-99     0.43771  0.90478  1.76     777     703    1606     1733   2.23
1910-1919    100-104    0.57393  0.95551  1.51      74      71     123      128   1.73
1910-1919    105-109    0.70085  0.97808  1.31       3       3       5        5   1.42
1910-1919    110+       0.79234  1.00000  1.26       0       0       0        0   1.26
1920-1929        0      0.04846  0.04667  0.21  100000    4667   96303  6193517  61.94
1920-1929      1-4      0.00610  0.02399  1.31   95333    2287  375181  6097215  63.96
1920-1929      5-9      0.00195  0.00969  2.37   93046     902  462861  5722034  61.50
1920-1929     10-14     0.00195  0.00971  2.68   92144     895  458647  5259173  57.08
1920-1929     15-19     0.00420  0.02079  2.77   91250    1897  452011  4800526  52.61
1920-1929     20-24     0.00587  0.02895  2.51   89352    2586  440310  4348515  48.67
1920-1929     25-29     0.00563  0.02774  2.47   86766    2407  427749  3908205  45.04
1920-1929     30-34     0.00521  0.02573  2.48   84359    2171  416321  3480456  41.26
1920-1929     35-39     0.00542  0.02672  2.52   82188    2196  405498  3064135  37.28
1920-1929     40-44     0.00615  0.03029  2.57   79992    2423  394068  2658638  33.24
1920-1929     45-49     0.00752  0.03691  2.57   77569    2863  380887  2264570  29.19
1920-1929     50-54     0.00978  0.04780  2.61   74706    3571  364988  1883683  25.21
1920-1929     55-59     0.01332  0.06456  2.62   71135    4592  344734  1518695  21.35
1920-1929     60-64     0.01972  0.09420  2.63   66543    6269  317858  1173961  17.64
1920-1929     65-69     0.02983  0.13927  2.62   60274    8394  281412   856103  14.20
1920-1929     70-74     0.04726  0.21212  2.59   51880   11005  232870   574692  11.08
1920-1929     75-79     0.07656  0.32217  2.54   40875   13169  172011   341821   8.36
1920-1929     80-84     0.12354  0.46936  2.44   27706   13004  105268   169810   6.13
1920-1929     85-89     0.19528  0.63901  2.30   14702    9395   48110    64543   4.39
1920-1929     90-94     0.30318  0.80021  2.05    5307    4247   14008    16433   3.10
1920-1929     95-99     0.42613  0.89847  1.78    1060     953    2236     2425   2.29
1920-1929    100-104    0.56276  0.95267  1.53     108     103     182      190   1.76
1920-1929    105-109    0.69153  0.97693  1.33       5       5       7        7   1.44
1920-1929    110+       0.78495  1.00000  1.27       0       0       0        0   1.27
1930-1939        0      0.04056  0.03926  0.18  100000    3926   96780  6566936  65.67
1930-1939      1-4      0.00410  0.01621  1.34   96074    1557  380156  6470156  67.35
1930-1939      5-9      0.00132  0.00655  2.35   94517     619  470943  6090000  64.43
1930-1939     10-14     0.00126  0.00627  2.59   93898     589  468071  5619056  59.84
1930-1939     15-19     0.00240  0.01195  2.75   93309    1115  464042  5150985  55.20
1930-1939     20-24     0.00352  0.01743  2.55   92194    1607  457039  4686943  50.84
1930-1939     25-29     0.00381  0.01885  2.49   90587    1708  448649  4229904  46.69
1930-1939     30-34     0.00389  0.01928  2.50   88880    1713  440117  3781255  42.54
1930-1939     35-39     0.00416  0.02058  2.53   87166    1794  431409  3341139  38.33
1930-1939     40-44     0.00481  0.02378  2.56   85372    2031  421916  2909729  34.08
1930-1939     45-49     0.00614  0.03027  2.61   83342    2523  410672  2487814  29.85
1930-1939     50-54     0.00851  0.04172  2.60   80819    3372  396013  2077142  25.70
1930-1939     55-59     0.01202  0.05842  2.64   77447    4524  376557  1681129  21.71
1930-1939     60-64     0.01815  0.08703  2.64   72923    6346  349623  1304572  17.89
1930-1939     65-69     0.02852  0.13357  2.63   66576    8893  311830   954949  14.34
1930-1939     70-74     0.04611  0.20770  2.62   57684   11981  259847   643120  11.15
1930-1939     75-79     0.07651  0.32221  2.55   45703   14726  192468   383273   8.39
1930-1939     80-84     0.12145  0.46323  2.44   30977   14349  118154   190805   6.16
1930-1939     85-89     0.19738  0.64256  2.28   16628   10684   54129    72652   4.37
1930-1939     90-94     0.30004  0.79478  2.04    5943    4724   15743    18522   3.12
1930-1939     95-99     0.42784  0.89959  1.78    1220    1097    2565     2779   2.28
1930-1939    100-104    0.56593  0.95358  1.52     122     117     206      215   1.75
1930-1939    105-109    0.69552  0.97747  1.32       6       6       8        8   1.43
1930-1939    110+       0.78907  1.00000  1.27       0       0       0        0   1.27
1940-1949        0      0.03304  0.03214  0.15  100000    3214   97278  6799099  67.99
1940-1949      1-4      0.00384  0.01521  1.43   96786    1472  383355  6701822  69.24
1940-1949      5-9      0.00139  0.00692  2.29   95314     659  474779  6318467  66.29
1940-1949     10-14     0.00115  0.00575  2.58   94655     544  471957  5843687  61.74
1940-1949     15-19     0.00202  0.01006  2.80   94110     947  468470  5371730  57.08
1940-1949     20-24     0.00310  0.01540  2.55   93163    1435  462303  4903260  52.63
1940-1949     25-29     0.00303  0.01503  2.48   91728    1379  455171  4440957  48.41
1940-1949     30-34     0.00303  0.01501  2.49   90349    1356  448339  3985787  44.12
1940-1949     35-39     0.00335  0.01663  2.56   88993    1480  441352  3537448  39.75
1940-1949     40-44     0.00407  0.02017  2.59   87513    1765  433303  3096096  35.38
1940-1949     45-49     0.00527  0.02604  2.59   85748    2233  423358  2662793  31.05
1940-1949     50-54     0.00729  0.03582  2.61   83515    2992  410432  2239435  26.81
1940-1949     55-59     0.01023  0.04992  2.63   80523    4020  393095  1829003  22.71
1940-1949     60-64     0.01560  0.07527  2.66   76504    5758  369015  1435908  18.77
1940-1949     65-69     0.02490  0.11759  2.64   70745    8319  334123  1066894  15.08
1940-1949     70-74     0.04077  0.18584  2.62   62427   11601  284554   732771  11.74
1940-1949     75-79     0.06889  0.29491  2.56   50825   14989  217577   448217   8.82
1940-1949     80-84     0.11416  0.44284  2.47   35836   15870  139017   230640   6.44
1940-1949     85-89     0.18455  0.61597  2.30   19966   12299   66642    91622   4.59
1940-1949     90-94     0.28487  0.77903  2.09    7668    5973   20969    24980   3.26
1940-1949     95-99     0.41024  0.88928  1.82    1694    1507    3673     4011   2.37
1940-1949    100-104    0.54871  0.94896  1.55     188     178     324      338   1.80
1940-1949    105-109    0.68138  0.97567  1.34      10       9      14       14   1.46
1940-1949    110+       0.77846  1.00000  1.28       0       0       0        0   1.28
1950-1959        0      0.02097  0.02059  0.11  100000    2059   98169  7304212  73.04
1950-1959      1-4      0.00168  0.00668  1.39   97941     655  390059  7206043  73.58
1950-1959      5-9      0.00058  0.00290  2.26   97287     282  485662  6815984  70.06
1950-1959     10-14     0.00044  0.00219  2.59   97005     212  484511  6330323  65.26
1950-1959     15-19     0.00072  0.00359  2.68   96792     347  483156  5845812  60.40
1950-1959     20-24     0.00097  0.00485  2.52   96445     468  481067  5362656  55.60
1950-1959     25-29     0.00106  0.00530  2.54   95977     509  478633  4881588  50.86
1950-1959     30-34     0.00122  0.00608  2.59   95469     580  475943  4402955  46.12
1950-1959     35-39     0.00157  0.00784  2.60   94888     744  472657  3927012  41.39
1950-1959     40-44     0.00228  0.01136  2.67   94144    1069  468234  3454355  36.69
1950-1959     45-49     0.00352  0.01748  2.70   93075    1627  461634  2986121  32.08
1950-1959     50-54     0.00555  0.02738  2.68   91448    2503  451423  2524487  27.61
1950-1959     55-59     0.00872  0.04272  2.66   88945    3800  435817  2073065  23.31
1950-1959     60-64     0.01391  0.06734  2.66   85145    5733  412322  1637248  19.23
1950-1959     65-69     0.02276  0.10800  2.64   79411    8577  376829  1224926  15.43
1950-1959     70-74     0.03869  0.17725  2.64   70835   12555  324515   848097  11.97
1950-1959     75-79     0.06616  0.28528  2.59   58279   16626  251302   523583   8.98
1950-1959     80-84     0.11102  0.43395  2.49   41653   18075  162820   272281   6.54
1950-1959     85-89     0.18139  0.60956  2.31   23578   14372   79232   109461   4.64
1950-1959     90-94     0.28220  0.77676  2.11    9206    7151   25339    30229   3.28
1950-1959     95-99     0.40782  0.88795  1.82    2055    1825    4475     4891   2.38
1950-1959    100-104    0.54777  0.94878  1.56     230     218     399      416   1.81
1950-1959    105-109    0.68188  0.97578  1.34      12      12      17       17   1.46
1950-1959    110+       0.77977  1.00000  1.28       0       0       0        0   1.28
1960-1969        0      0.01554  0.01533  0.12  100000    1533   98647  7367380  73.67
1960-1969      1-4      0.00110  0.00439  1.55   98467     432  392809  7268733  73.82
1960-1969      5-9      0.00047  0.00234  2.24   98035     230  489541  6875925  70.14
1960-1969     10-14     0.00034  0.00169  2.64   97805     165  488635  6386384  65.30
1960-1969     15-19     0.00066  0.00330  2.68   97639     323  487449  5897749  60.40
1960-1969     20-24     0.00076  0.00381  2.50   97317     370  485659  5410300  55.59
1960-1969     25-29     0.00081  0.00406  2.54   96946     394  483762  4924641  50.80
1960-1969     30-34     0.00101  0.00505  2.62   96552     487  481604  4440880  45.99
1960-1969     35-39     0.00146  0.00726  2.67   96065     697  478703  3959276  41.21
1960-1969     40-44     0.00218  0.01086  2.71   95368    1035  474466  3480573  36.50
1960-1969     45-49     0.00339  0.01684  2.67   94333    1589  467967  3006108  31.87
1960-1969     50-54     0.00542  0.02678  2.68   92744    2483  457963  2538141  27.37
1960-1969     55-59     0.00887  0.04345  2.67   90261    3922  442172  2080178  23.05
1960-1969     60-64     0.01465  0.07086  2.68   86338    6118  417503  1638006  18.97
1960-1969     65-69     0.02414  0.11420  2.65   80221    9161  379590  1220503  15.21
1960-1969     70-74     0.04022  0.18355  2.62   71059   13043  324282   840914  11.83
1960-1969     75-79     0.06734  0.28945  2.58   58016   16793  249367   516631   8.90
1960-1969     80-84     0.11330  0.44072  2.48   41223   18168  160354   267265   6.48
1960-1969     85-89     0.18215  0.61157  2.31   23055   14100   77410   106911   4.64
1960-1969     90-94     0.28082  0.77221  2.09    8955    6915   24625    29501   3.29
1960-1969     95-99     0.40600  0.88661  1.82    2040    1809    4455     4875   2.39
1960-1969    100-104    0.54428  0.94770  1.56     231     219     403      421   1.82
1960-1969    105-109    0.67786  0.97521  1.35      12      12      17       18   1.47
1960-1969    110+       0.77623  1.00000  1.29       0       0       0        0   1.29
1970-1979        0      0.01036  0.01027  0.13  100000    1027   99104  7478911  74.79
1970-1979      1-4      0.00077  0.00309  1.64   98973     306  395173  7379806  74.56
1970-1979      5-9      0.00037  0.00185  2.26   98668     182  492839  6984633  70.79
1970-1979     10-14     0.00029  0.00146  2.63   98486     144  492086  6491794  65.92
1970-1979     15-19     0.00069  0.00343  2.80   98341     337  490965  5999708  61.01
1970-1979     20-24     0.00076  0.00377  2.45   98004     369  489079  5508743  56.21
1970-1979     25-29     0.00073  0.00364  2.55   97635     355  487302  5019664  51.41
1970-1979     30-34     0.00090  0.00448  2.61   97279     435  485358  4532361  46.59
1970-1979     35-39     0.00133  0.00661  2.66   96844     640  482723  4047003  41.79
1970-1979     40-44     0.00203  0.01008  2.70   96204     970  478784  3564280  37.05
1970-1979     45-49     0.00340  0.01688  2.70   95233    1607  472478  3085497  32.40
1970-1979     50-54     0.00549  0.02708  2.68   93626    2536  462245  2613018  27.91
1970-1979     55-59     0.00868  0.04255  2.65   91091    3876  446363  2150773  23.61
1970-1979     60-64     0.01387  0.06720  2.67   87215    5861  422431  1704410  19.54
1970-1979     65-69     0.02240  0.10643  2.65   81354    8658  386451  1281979  15.76
1970-1979     70-74     0.03753  0.17231  2.63   72696   12526  333770   895528  12.32
1970-1979     75-79     0.06271  0.27224  2.58   60169   16381  261195   561758   9.34
1970-1979     80-84     0.10378  0.41172  2.49   43789   18029  173723   300563   6.86
1970-1979     85-89     0.16837  0.58237  2.35   25760   15002   89102   126840   4.92
1970-1979     90-94     0.26050  0.74655  2.14   10758    8032   30831    37739   3.51
1970-1979     95-99     0.38058  0.86936  1.88    2727    2370    6229     6908   2.53
1970-1979    100-104    0.51778  0.93936  1.61     356     335     646      679   1.91
1970-1979    105-109    0.65420  0.97173  1.38      22      21      32       33   1.52
1970-1979    110+       0.75663  1.00000  1.32       1       1       1        1   1.32
1980-1989        0      0.00813  0.00808  0.13  100000     808   99299  7610081  76.10
1980-1989      1-4      0.00046  0.00185  1.63   99192     184  396333  7510782  75.72
1980-1989      5-9      0.00022  0.00111  2.24   99009     110  494740  7114448  71.86
1980-1989     10-14     0.00021  0.00104  2.79   98899     103  494268  6619708  66.93
1980-1989     15-19     0.00064  0.00320  2.93   98796     316  493327  6125441  62.00
1980-1989     20-24     0.00076  0.00379  2.49   98480     373  491466  5632114  57.19
1980-1989     25-29     0.00069  0.00343  2.53   98107     337  489704  5140648  52.40
1980-1989     30-34     0.00083  0.00412  2.58   97771     403  487878  4650943  47.57
1980-1989     35-39     0.00116  0.00577  2.65   97368     561  485516  4163065  42.76
1980-1989     40-44     0.00185  0.00922  2.74   96806     892  482010  3677549  37.99
1980-1989     45-49     0.00311  0.01544  2.67   95914    1481  476122  3195540  33.32
1980-1989     50-54     0.00501  0.02476  2.68   94433    2338  466735  2719417  28.80
1980-1989     55-59     0.00812  0.03984  2.67   92095    3669  451936  2252682  24.46
1980-1989     60-64     0.01303  0.06324  2.65   88425    5592  429009  1800746  20.36
1980-1989     65-69     0.02053  0.09793  2.65   82833    8112  395066  1371737  16.56
1980-1989     70-74     0.03381  0.15653  2.63   74722   11696  345887   976671  13.07
1980-1989     75-79     0.05561  0.24527  2.60   63025   15458  277985   630784  10.01
1980-1989     80-84     0.09173  0.37369  2.52   47567   17775  193771   352799   7.42
1980-1989     85-89     0.15022  0.53987  2.40   29792   16084  107064   159028   5.34
1980-1989     90-94     0.23628  0.70906  2.18   13708    9720   41138    51964   3.79
1980-1989     95-99     0.35191  0.84707  1.94    3988    3378    9600    10826   2.71
1980-1989    100-104    0.48951  0.92922  1.66     610     567    1158     1226   2.01
1980-1989    105-109    0.63085  0.96792  1.42      43      42      66       68   1.58
1980-1989    110+       0.73896  1.00000  1.35       1       1       2        2   1.35
1990-1999        0      0.00493  0.00491  0.14  100000     491   99577  7768789  77.69
1990-1999      1-4      0.00033  0.00132  1.49   99509     132  397706  7669211  77.07
1990-1999      5-9      0.00015  0.00075  2.31   99377      75  496685  7271505  73.17
1990-1999     10-14     0.00017  0.00083  2.70   99302      82  496323  6774820  68.22
1990-1999     15-19     0.00050  0.00250  2.93   99220     248  495587  6278497  63.28
1990-1999     20-24     0.00061  0.00306  2.54   98972     302  494117  5782909  58.43
1990-1999     25-29     0.00067  0.00336  2.59   98670     332  492548  5288793  53.60
1990-1999     30-34     0.00082  0.00411  2.63   98338     404  490735  4796244  48.77
1990-1999     35-39     0.00108  0.00538  2.62   97934     526  488417  4305510  43.96
1990-1999     40-44     0.00162  0.00807  2.62   97408     786  485169  3817092  39.19
1990-1999     45-49     0.00260  0.01291  2.67   96622    1247  480207  3331924  34.48
1990-1999     50-54     0.00410  0.02029  2.64   95375    1935  472307  2851717  29.90
1990-1999     55-59     0.00661  0.03256  2.70   93440    3042  460192  2379410  25.46
1990-1999     60-64     0.01105  0.05389  2.69   90398    4872  440742  1919218  21.23
1990-1999     65-69     0.01795  0.08613  2.67   85527    7366  410454  1478476  17.29
1990-1999     70-74     0.02973  0.13890  2.64   78160   10856  365165  1068022  13.66
1990-1999     75-79     0.04969  0.22204  2.61   67304   14944  300773   702857  10.44
1990-1999     80-84     0.08470  0.35062  2.55   52360   18359  216749   402084   7.68
1990-1999     85-89     0.14365  0.52458  2.43   34002   17837  124165   185335   5.45
1990-1999     90-94     0.23562  0.71157  2.22   16165   11502   48818    61170   3.78
1990-1999     95-99     0.36088  0.85597  1.93    4663    3991   11059    12352   2.65
1990-1999    100-104    0.51195  0.93854  1.63     672     630    1231     1293   1.93
1990-1999    105-109    0.66401  0.97379  1.37      41      40      61       62   1.50
1990-1999    110+       0.77621  1.00000  1.29       1       1       1        1   1.29
2000-2009        0      0.00329  0.00328  0.14  100000     328   99719  7986612  79.87
2000-2009      1-4      0.00021  0.00085  1.60   99672      84  398486  7886893  79.13
2000-2009      5-9      0.00011  0.00056  2.42   99588      56  497796  7488407  75.19
2000-2009     10-14     0.00011  0.00056  2.72   99532      56  497533  6990611  70.23
2000-2009     15-19     0.00042  0.00209  3.00   99476     208  496964  6493078  65.27
2000-2009     20-24     0.00065  0.00324  2.48   99268     322  495529  5996114  60.40
2000-2009     25-29     0.00068  0.00338  2.54   98946     335  493907  5500585  55.59
2000-2009     30-34     0.00071  0.00352  2.61   98611     348  492227  5006678  50.77
2000-2009     35-39     0.00093  0.00464  2.62   98264     456  490233  4514451  45.94
2000-2009     40-44     0.00129  0.00643  2.67   97808     629  487573  4024219  41.14
2000-2009     45-49     0.00204  0.01016  2.68   97178     987  483603  3536646  36.39
2000-2009     50-54     0.00336  0.01666  2.71   96191    1603  477283  3053043  31.74
2000-2009     55-59     0.00526  0.02598  2.67   94588    2458  467210  2575760  27.23
2000-2009     60-64     0.00848  0.04160  2.68   92131    3832  451780  2108549  22.89
2000-2009     65-69     0.01374  0.06655  2.67   88298    5876  427772  1656770  18.76
2000-2009     70-74     0.02283  0.10839  2.67   82422    8934  391295  1228997  14.91
2000-2009     75-79     0.03982  0.18210  2.65   73488   13382  336023   837702  11.40
2000-2009     80-84     0.07138  0.30446  2.59   60106   18300  256389   501680   8.35
2000-2009     85-89     0.12692  0.48028  2.47   41806   20079  158197   245291   5.87
2000-2009     90-94     0.21742  0.68119  2.26   21727   14800   68074    87094   4.01
2000-2009     95-99     0.34574  0.84431  1.97    6927    5848   16915    19020   2.75
2000-2009    100-104    0.50441  0.93660  1.64    1078    1010    2002     2105   1.95
2000-2009    105-109    0.66617  0.97443  1.37      68      67     100      102   1.50
2000-2009    110+       0.78481  1.00000  1.27       2       2       2        2   1.27
2010-2019        0      0.00236  0.00235  0.14  100000     235   99799  8206918  82.07
2010-2019      1-4      0.00012  0.00047  1.59   99765      47  398946  8107119  81.26
2010-2019      5-9      0.00006  0.00032  2.29   99718      32  498501  7708173  77.30
2010-2019     10-14     0.00009  0.00044  2.78   99686      44  498331  7209672  72.32
2010-2019     15-19     0.00027  0.00133  2.96   99642     132  497938  6711341  67.35
2010-2019     20-24     0.00043  0.00214  2.49   99509     213  497014  6213403  62.44
2010-2019     25-29     0.00047  0.00236  2.54   99296     235  495905  5716389  57.57
2010-2019     30-34     0.00055  0.00274  2.56   99062     272  494647  5220485  52.70
2010-2019     35-39     0.00068  0.00341  2.61   98790     337  493145  4725838  47.84
2010-2019     40-44     0.00096  0.00477  2.64   98453     469  491160  4232692  42.99
2010-2019     45-49     0.00152  0.00758  2.70   97984     743  488213  3741533  38.19
2010-2019     50-54     0.00257  0.01276  2.70   97242    1241  483353  3253320  33.46
2010-2019     55-59     0.00421  0.02083  2.67   96001    2000  475352  2769967  28.85
2010-2019     60-64     0.00682  0.03355  2.67   94001    3154  462667  2294615  24.41
2010-2019     65-69     0.01112  0.05422  2.68   90848    4925  442789  1831948  20.17
2010-2019     70-74     0.01797  0.08624  2.67   85922    7410  412374  1389158  16.17
2010-2019     75-79     0.03177  0.14793  2.68   78512   11614  365565   976785  12.44
2010-2019     80-84     0.05879  0.25813  2.64   66898   17268  293713   611220   9.14
2010-2019     85-89     0.10850  0.42794  2.53   49630   21239  195747   317507   6.40
2010-2019     90-94     0.19769  0.64535  2.31   28391   18322   92682   121760   4.29
2010-2019     95-99     0.32545  0.82646  2.02   10069    8322   25570    29078   2.89
2010-2019    100-104    0.48921  0.93155  1.68    1747    1628    3327     3508   2.01
2010-2019    105-109    0.65965  0.97376  1.38     120     116     177      181   1.51
2010-2019    110+       0.78507  1.00000  1.27       3       3       4        4   1.27
