Portugal, Life tables (period 5x10), Total	Last modified: 11 Aug 2022;  Methods Protocol: v6 (2017)

  Year          Age         mx       qx    ax      lx      dx      Lx       Tx     ex
1940-1949        0      0.13339  0.12209  0.31  100000   12209   91526  5289607  52.90
1940-1949      1-4      0.02074  0.07837  1.18   87791    6880  331764  5198081  59.21
1940-1949      5-9      0.00304  0.01506  2.16   80911    1218  401097  4866317  60.14
1940-1949     10-14     0.00198  0.00984  2.56   79693     784  396547  4465220  56.03
1940-1949     15-19     0.00322  0.01597  2.74   78908    1260  391694  4068673  51.56
1940-1949     20-24     0.00451  0.02232  2.56   77648    1733  384003  3676979  47.35
1940-1949     25-29     0.00466  0.02302  2.49   75915    1747  375188  3292975  43.38
1940-1949     30-34     0.00495  0.02448  2.54   74167    1815  366378  2917787  39.34
1940-1949     35-39     0.00580  0.02860  2.53   72352    2069  356660  2551409  35.26
1940-1949     40-44     0.00681  0.03349  2.55   70283    2353  345652  2194750  31.23
1940-1949     45-49     0.00852  0.04174  2.56   67929    2835  332717  1849097  27.22
1940-1949     50-54     0.01129  0.05492  2.57   65094    3575  316783  1516380  23.30
1940-1949     55-59     0.01539  0.07416  2.55   61519    4562  296404  1199597  19.50
1940-1949     60-64     0.02388  0.11289  2.59   56957    6430  269261   903193  15.86
1940-1949     65-69     0.03744  0.17122  2.51   50527    8651  231078   633932  12.55
1940-1949     70-74     0.06256  0.27043  2.50   41876   11325  181013   402854   9.62
1940-1949     75-79     0.10344  0.40763  2.40   30551   12454  120393   221841   7.26
1940-1949     80-84     0.14741  0.52530  2.27   18098    9507   64494   101448   5.61
1940-1949     85-89     0.21425  0.65945  2.09    8591    5665   26443    36955   4.30
1940-1949     90-94     0.25787  0.71594  1.89    2926    2095    8123    10512   3.59
1940-1949     95-99     0.33515  0.82538  1.93     831     686    2047     2390   2.88
1940-1949    100-104    0.41459  0.88637  1.77     145     129     310      343   2.36
1940-1949    105-109    0.49877  0.92830  1.62      16      15      31       33   1.99
1940-1949    110+       0.56738  1.00000  1.76       1       1       2        2   1.76
1950-1959        0      0.09669  0.09061  0.31  100000    9061   93710  6108018  61.08
1950-1959      1-4      0.01115  0.04322  1.17   90939    3930  352645  6014307  66.14
1950-1959      5-9      0.00153  0.00759  2.13   87009     661  433149  5661662  65.07
1950-1959     10-14     0.00093  0.00465  2.53   86348     401  430748  5228513  60.55
1950-1959     15-19     0.00138  0.00687  2.71   85946     590  428382  4797766  55.82
1950-1959     20-24     0.00202  0.01008  2.60   85356     860  424717  4369384  51.19
1950-1959     25-29     0.00235  0.01166  2.53   84496     986  420048  3944667  46.68
1950-1959     30-34     0.00263  0.01306  2.56   83511    1091  414890  3524618  42.21
1950-1959     35-39     0.00336  0.01667  2.59   82420    1374  408785  3109729  37.73
1950-1959     40-44     0.00439  0.02173  2.60   81046    1761  400999  2700943  33.33
1950-1959     45-49     0.00597  0.02942  2.61   79285    2333  390841  2299944  29.01
1950-1959     50-54     0.00849  0.04159  2.63   76952    3201  377176  1909103  24.81
1950-1959     55-59     0.01259  0.06111  2.61   73751    4507  358002  1531928  20.77
1950-1959     60-64     0.01971  0.09417  2.64   69245    6521  330821  1173926  16.95
1950-1959     65-69     0.03115  0.14493  2.60   62724    9091  291808   843105  13.44
1950-1959     70-74     0.05381  0.23832  2.60   53633   12782  237516   551297  10.28
1950-1959     75-79     0.09143  0.37134  2.47   40851   15170  165917   313782   7.68
1950-1959     80-84     0.13723  0.50558  2.40   25682   12984   94618   147865   5.76
1950-1959     85-89     0.21412  0.66841  2.19   12697    8487   39636    53246   4.19
1950-1959     90-94     0.28729  0.76941  1.98    4210    3240   11276    13610   3.23
1950-1959     95-99     0.40468  0.88362  1.81     971     858    2120     2334   2.40
1950-1959    100-104    0.52246  0.93946  1.59     113     106     203      214   1.89
1950-1959    105-109    0.63886  0.96838  1.40       7       7      10       11   1.56
1950-1959    110+       0.72839  1.00000  1.37       0       0       0        0   1.37
1960-1969        0      0.07417  0.07050  0.30  100000    7050   95055  6523998  65.24
1960-1969      1-4      0.00567  0.02234  1.23   92950    2076  366043  6428943  69.17
1960-1969      5-9      0.00104  0.00516  2.17   90874     469  453040  6062900  66.72
1960-1969     10-14     0.00065  0.00325  2.53   90405     294  451297  5609859  62.05
1960-1969     15-19     0.00096  0.00481  2.61   90111     434  449518  5158563  57.25
1960-1969     20-24     0.00120  0.00597  2.57   89677     535  447083  4709045  52.51
1960-1969     25-29     0.00150  0.00748  2.62   89142     667  444123  4261962  47.81
1960-1969     30-34     0.00192  0.00956  2.61   88475     845  440350  3817839  43.15
1960-1969     35-39     0.00258  0.01282  2.62   87629    1124  435472  3377489  38.54
1960-1969     40-44     0.00356  0.01765  2.62   86506    1527  428899  2942017  34.01
1960-1969     45-49     0.00506  0.02502  2.65   84979    2126  419907  2513118  29.57
1960-1969     50-54     0.00769  0.03778  2.65   82853    3131  406922  2093211  25.26
1960-1969     55-59     0.01160  0.05647  2.65   79722    4502  388047  1686289  21.15
1960-1969     60-64     0.01834  0.08789  2.65   75220    6611  360559  1298242  17.26
1960-1969     65-69     0.03000  0.14009  2.64   68609    9611  320397   937683  13.67
1960-1969     70-74     0.05195  0.23109  2.61   58998   13634  262463   617286  10.46
1960-1969     75-79     0.08818  0.36193  2.53   45364   16419  186196   354823   7.82
1960-1969     80-84     0.13398  0.49778  2.42   28945   14408  107545   168627   5.83
1960-1969     85-89     0.21168  0.66801  2.24   14537    9711   45874    61082   4.20
1960-1969     90-94     0.29613  0.78720  2.03    4826    3799   12829    15208   3.15
1960-1969     95-99     0.42074  0.89444  1.79    1027     919    2183     2379   2.32
1960-1969    100-104    0.54860  0.94829  1.55     108     103     187      196   1.81
1960-1969    105-109    0.67240  0.97413  1.35       6       5       8        8   1.48
1960-1969    110+       0.76504  1.00000  1.31       0       0       0        0   1.31
1970-1979        0      0.04056  0.03926  0.18  100000    3926   96780  6917251  69.17
1970-1979      1-4      0.00219  0.00873  1.42   96074     838  382135  6820471  70.99
1970-1979      5-9      0.00073  0.00363  2.28   95236     346  475241  6438336  67.60
1970-1979     10-14     0.00058  0.00290  2.60   94890     275  473790  5963096  62.84
1970-1979     15-19     0.00104  0.00517  2.77   94615     489  471988  5489305  58.02
1970-1979     20-24     0.00128  0.00639  2.49   94126     601  469125  5017318  53.30
1970-1979     25-29     0.00129  0.00641  2.49   93525     599  466123  4548192  48.63
1970-1979     30-34     0.00157  0.00784  2.61   92926     729  462890  4082069  43.93
1970-1979     35-39     0.00221  0.01097  2.66   92197    1011  458615  3619179  39.25
1970-1979     40-44     0.00324  0.01607  2.65   91186    1466  452486  3160564  34.66
1970-1979     45-49     0.00482  0.02385  2.65   89720    2140  443577  2708078  30.18
1970-1979     50-54     0.00712  0.03499  2.64   87580    3065  430675  2264500  25.86
1970-1979     55-59     0.01062  0.05179  2.65   84515    4377  412307  1833825  21.70
1970-1979     60-64     0.01713  0.08233  2.66   80138    6598  385229  1421518  17.74
1970-1979     65-69     0.02779  0.13049  2.66   73540    9596  345261  1036289  14.09
1970-1979     70-74     0.04823  0.21645  2.63   63944   13841  286982   691028  10.81
1970-1979     75-79     0.08485  0.35135  2.55   50103   17604  207475   404045   8.06
1970-1979     80-84     0.12653  0.47811  2.45   32500   15538  122803   196571   6.05
1970-1979     85-89     0.20086  0.64955  2.28   16961   11017   54852    73768   4.35
1970-1979     90-94     0.29225  0.78418  2.05    5944    4661   15950    18916   3.18
1970-1979     95-99     0.42110  0.89547  1.79    1283    1149    2728     2966   2.31
1970-1979    100-104    0.55710  0.95118  1.54     134     128     229      238   1.78
1970-1979    105-109    0.68730  0.97642  1.33       7       6       9        9   1.45
1970-1979    110+       0.78266  1.00000  1.28       0       0       0        0   1.28
1980-1989        0      0.01797  0.01769  0.11  100000    1769   98430  7312761  73.13
1980-1989      1-4      0.00104  0.00415  1.58   98231     407  391939  7214331  73.44
1980-1989      5-9      0.00045  0.00227  2.36   97824     222  488531  6822393  69.74
1980-1989     10-14     0.00043  0.00216  2.65   97601     211  487511  6333861  64.90
1980-1989     15-19     0.00103  0.00516  2.80   97391     502  485848  5846350  60.03
1980-1989     20-24     0.00125  0.00623  2.45   96888     604  482905  5360502  55.33
1980-1989     25-29     0.00123  0.00615  2.54   96285     592  479967  4877597  50.66
1980-1989     30-34     0.00140  0.00697  2.55   95693     667  476830  4397630  45.96
1980-1989     35-39     0.00180  0.00897  2.63   95026     853  473105  3920800  41.26
1980-1989     40-44     0.00267  0.01327  2.65   94173    1250  467929  3447695  36.61
1980-1989     45-49     0.00407  0.02017  2.67   92924    1874  460251  2979766  32.07
1980-1989     50-54     0.00615  0.03030  2.63   91049    2759  448719  2519515  27.67
1980-1989     55-59     0.00912  0.04465  2.64   88291    3942  432169  2070796  23.45
1980-1989     60-64     0.01389  0.06726  2.64   84349    5674  408372  1638626  19.43
1980-1989     65-69     0.02215  0.10530  2.65   78676    8285  373945  1230254  15.64
1980-1989     70-74     0.03781  0.17352  2.64   70391   12215  323075   856309  12.17
1980-1989     75-79     0.06605  0.28500  2.60   58176   16580  251013   533234   9.17
1980-1989     80-84     0.10609  0.41878  2.49   41596   17420  164191   282221   6.78
1980-1989     85-89     0.17150  0.58846  2.33   24177   14227   82957   118030   4.88
1980-1989     90-94     0.25884  0.74170  2.12    9950    7380   28510    35073   3.53
1980-1989     95-99     0.37739  0.86671  1.88    2570    2227    5902     6563   2.55
1980-1989    100-104    0.51188  0.93717  1.62     343     321     627      660   1.93
1980-1989    105-109    0.64698  0.97051  1.39      22      21      32       33   1.54
1980-1989    110+       0.74950  1.00000  1.33       1       1       1        1   1.33
1990-1999        0      0.00809  0.00804  0.13  100000     804   99303  7532632  75.33
1990-1999      1-4      0.00060  0.00240  1.68   99196     239  396232  7433329  74.94
1990-1999      5-9      0.00033  0.00165  2.36   98958     163  494358  7037097  71.11
1990-1999     10-14     0.00034  0.00169  2.60   98795     167  493573  6542739  66.23
1990-1999     15-19     0.00082  0.00410  2.84   98628     404  492267  6049166  61.33
1990-1999     20-24     0.00117  0.00585  2.55   98224     574  489709  5556900  56.57
1990-1999     25-29     0.00137  0.00682  2.54   97650     666  486611  5067190  51.89
1990-1999     30-34     0.00160  0.00796  2.57   96983     772  483041  4580580  47.23
1990-1999     35-39     0.00194  0.00964  2.57   96212     928  478807  4097538  42.59
1990-1999     40-44     0.00250  0.01243  2.59   95284    1185  473567  3618731  37.98
1990-1999     45-49     0.00348  0.01728  2.63   94099    1626  466635  3145164  33.42
1990-1999     50-54     0.00516  0.02548  2.64   92473    2356  456801  2678529  28.97
1990-1999     55-59     0.00777  0.03813  2.65   90117    3436  442517  2221728  24.65
1990-1999     60-64     0.01195  0.05810  2.65   86681    5036  421586  1779211  20.53
1990-1999     65-69     0.01921  0.09192  2.66   81645    7504  390651  1357626  16.63
1990-1999     70-74     0.03218  0.14962  2.65   74140   11093  344670   966975  13.04
1990-1999     75-79     0.05630  0.24820  2.62   63048   15649  277926   622305   9.87
1990-1999     80-84     0.09371  0.38044  2.53   47399   18032  192421   344378   7.27
1990-1999     85-89     0.15671  0.55552  2.38   29367   16314  104101   151958   5.17
1990-1999     90-94     0.24580  0.72388  2.16   13053    9449   38441    47857   3.67
1990-1999     95-99     0.36726  0.86000  1.91    3604    3100    8440     9415   2.61
1990-1999    100-104    0.50995  0.93718  1.63     505     473     927      976   1.93
1990-1999    105-109    0.65401  0.97198  1.38      32      31      47       48   1.52
1990-1999    110+       0.76219  1.00000  1.31       1       1       1        1   1.31
2000-2009        0      0.00411  0.00409  0.14  100000     409   99648  7835357  78.35
2000-2009      1-4      0.00029  0.00114  1.61   99591     114  398089  7735709  77.68
2000-2009      5-9      0.00016  0.00082  2.46   99477      81  497177  7337619  73.76
2000-2009     10-14     0.00019  0.00094  2.69   99396      94  496761  6840442  68.82
2000-2009     15-19     0.00046  0.00231  2.82   99302     230  496009  6343681  63.88
2000-2009     20-24     0.00070  0.00348  2.54   99072     344  494516  5847671  59.02
2000-2009     25-29     0.00083  0.00412  2.61   98728     407  492665  5353156  54.22
2000-2009     30-34     0.00111  0.00553  2.64   98321     543  490319  4860491  49.44
2000-2009     35-39     0.00155  0.00770  2.64   97777     753  487111  4370172  44.70
2000-2009     40-44     0.00223  0.01110  2.66   97024    1077  482599  3883061  40.02
2000-2009     45-49     0.00322  0.01600  2.65   95948    1535  476125  3400462  35.44
2000-2009     50-54     0.00444  0.02197  2.62   94413    2074  467123  2924337  30.97
2000-2009     55-59     0.00617  0.03042  2.64   92339    2809  455057  2457214  26.61
2000-2009     60-64     0.00920  0.04502  2.64   89530    4031  438137  2002157  22.36
2000-2009     65-69     0.01463  0.07070  2.66   85499    6045  413320  1564020  18.29
2000-2009     70-74     0.02471  0.11685  2.68   79454    9284  375698  1150700  14.48
2000-2009     75-79     0.04418  0.20018  2.65   70170   14047  317908   775002  11.04
2000-2009     80-84     0.07556  0.31937  2.58   56123   17924  237212   457093   8.14
2000-2009     85-89     0.13276  0.49597  2.45   38199   18946  142712   219882   5.76
2000-2009     90-94     0.21907  0.68310  2.25   19253   13152   60036    77170   4.01
2000-2009     95-99     0.33765  0.83576  1.98    6101    5099   15103    17134   2.81
2000-2009    100-104    0.48471  0.92825  1.68    1002     930    1919     2031   2.03
2000-2009    105-109    0.63780  0.96964  1.41      72      70     109      112   1.56
2000-2009    110+       0.75423  1.00000  1.33       2       2       3        3   1.33
2010-2019        0      0.00296  0.00295  0.14  100000     295   99747  8111651  81.12
2010-2019      1-4      0.00017  0.00067  1.69   99705      67  398664  8011905  80.36
2010-2019      5-9      0.00009  0.00047  2.43   99638      47  498067  7613241  76.41
2010-2019     10-14     0.00010  0.00051  2.63   99591      50  497834  7115174  71.44
2010-2019     15-19     0.00023  0.00116  2.84   99540     116  497451  6617340  66.48
2010-2019     20-24     0.00037  0.00187  2.57   99424     186  496670  6119888  61.55
2010-2019     25-29     0.00044  0.00219  2.58   99239     218  495667  5623218  56.66
2010-2019     30-34     0.00058  0.00291  2.65   99021     289  494427  5127551  51.78
2010-2019     35-39     0.00089  0.00442  2.68   98733     436  492651  4633125  46.93
2010-2019     40-44     0.00150  0.00746  2.70   98296     734  489791  4140473  42.12
2010-2019     45-49     0.00246  0.01222  2.68   97563    1193  485051  3650682  37.42
2010-2019     50-54     0.00384  0.01904  2.65   96370    1835  477546  3165632  32.85
2010-2019     55-59     0.00553  0.02727  2.62   94535    2578  466538  2688086  28.43
2010-2019     60-64     0.00788  0.03870  2.62   91957    3559  451326  2221548  24.16
2010-2019     65-69     0.01155  0.05624  2.65   88399    4971  430327  1770221  20.03
2010-2019     70-74     0.01860  0.08913  2.67   83427    7436  399799  1339894  16.06
2010-2019     75-79     0.03260  0.15152  2.67   75992   11514  353172   940096  12.37
2010-2019     80-84     0.06041  0.26424  2.63   64477   17038  282033   586924   9.10
2010-2019     85-89     0.11100  0.43469  2.51   47440   20622  185773   304891   6.43
2010-2019     90-94     0.19001  0.62891  2.31   26818   16866   88766   119118   4.44
2010-2019     95-99     0.30592  0.80485  2.06    9952    8010   26183    30353   3.05
2010-2019    100-104    0.45534  0.91601  1.74    1942    1779    3907     4170   2.15
2010-2019    105-109    0.61671  0.96617  1.45     163     158     256      263   1.61
2010-2019    110+       0.74175  1.00000  1.35       6       6       7        7   1.35
2020-2021        0      0.00237  0.00236  0.14  100000     236   99798  8122921  81.23
2020-2021      1-4      0.00015  0.00061  1.66   99764      61  398913  8023123  80.42
2020-2021      5-9      0.00009  0.00044  2.39   99703      43  498402  7624210  76.47
2020-2021     10-14     0.00009  0.00044  2.62   99660      44  498194  7125808  71.50
2020-2021     15-19     0.00022  0.00112  2.84   99616     112  497836  6627615  66.53
2020-2021     20-24     0.00034  0.00171  2.56   99504     170  497104  6129778  61.60
2020-2021     25-29     0.00042  0.00208  2.56   99334     207  496165  5632674  56.70
2020-2021     30-34     0.00058  0.00291  2.65   99127     289  494956  5136509  51.82
2020-2021     35-39     0.00079  0.00393  2.69   98838     389  493295  4641553  46.96
2020-2021     40-44     0.00126  0.00628  2.66   98450     618  490801  4148258  42.14
2020-2021     45-49     0.00219  0.01092  2.74   97831    1068  486746  3657457  37.39
2020-2021     50-54     0.00364  0.01807  2.69   96763    1748  479777  3170711  32.77
2020-2021     55-59     0.00549  0.02709  2.65   95015    2574  469023  2690934  28.32
2020-2021     60-64     0.00840  0.04120  2.64   92441    3808  453201  2221911  24.04
2020-2021     65-69     0.01207  0.05865  2.61   88633    5198  430731  1768710  19.96
2020-2021     70-74     0.01848  0.08858  2.66   83434    7390  399872  1337979  16.04
2020-2021     75-79     0.03211  0.14937  2.67   76044   11359  353741   938107  12.34
2020-2021     80-84     0.05985  0.26218  2.64   64685   16959  283347   584366   9.03
2020-2021     85-89     0.11275  0.44138  2.54   47726   21065  186826   301019   6.31
2020-2021     90-94     0.19917  0.64713  2.29   26661   17253   86624   114193   4.28
2020-2021     95-99     0.32033  0.82064  2.03    9408    7721   24102    27569   2.93
2020-2021    100-104    0.47728  0.92622  1.70    1687    1563    3275     3468   2.05
2020-2021    105-109    0.64251  0.97090  1.41     124     121     188      193   1.55
2020-2021    110+       0.76689  1.00000  1.30       4       4       5        5   1.30
