Sweden, Life tables (period 5x10), Total	Last modified: 12 May 2022;  Methods Protocol: v6 (2017)

  Year          Age         mx       qx    ax      lx      dx      Lx       Tx     ex
1751-1759        0      0.24667  0.21062  0.31  100000   21062   85385  3637882  36.38
1751-1759      1-4      0.04057  0.14768  1.56   78938   11658  287313  3552497  45.00
1751-1759      5-9      0.01312  0.06302  1.86   67280    4240  323090  3265185  48.53
1751-1759     10-14     0.00655  0.03222  2.53   63041    2031  310182  2942095  46.67
1751-1759     15-19     0.00641  0.03155  2.48   61010    1925  300192  2631912  43.14
1751-1759     20-24     0.00801  0.03932  2.61   59085    2323  289868  2331720  39.46
1751-1759     25-29     0.00942  0.04601  2.52   56762    2612  277333  2041853  35.97
1751-1759     30-34     0.01156  0.05623  2.55   54150    3045  263291  1764520  32.59
1751-1759     35-39     0.01136  0.05524  2.49   51105    2823  248446  1501229  29.38
1751-1759     40-44     0.01608  0.07741  2.61   48282    3737  232492  1252782  25.95
1751-1759     45-49     0.01673  0.08021  2.43   44545    3573  213554  1020290  22.90
1751-1759     50-54     0.02193  0.10426  2.65   40972    4272  194800   806737  19.69
1751-1759     55-59     0.02720  0.12728  2.48   36700    4671  171732   611937  16.67
1751-1759     60-64     0.03841  0.17579  2.59   32029    5630  146600   440205  13.74
1751-1759     65-69     0.04995  0.22221  2.52   26398    5866  117427   293605  11.12
1751-1759     70-74     0.08437  0.35004  2.57   20532    7187   85185   176178   8.58
1751-1759     75-79     0.12059  0.45620  2.33   13345    6088   50484    90993   6.82
1751-1759     80-84     0.15179  0.54285  2.38    7257    3940   25954    40508   5.58
1751-1759     85-89     0.20058  0.63967  2.17    3318    2122   10580    14555   4.39
1751-1759     90-94     0.28306  0.77232  2.06    1195     923    3262     3975   3.32
1751-1759     95-99     0.36988  0.85679  1.87     272     233     630      713   2.62
1751-1759    100-104    0.46585  0.91528  1.68      39      36      77       82   2.11
1751-1759    105-109    0.56402  0.95072  1.51       3       3       6        6   1.76
1751-1759    110+       0.64213  1.00000  1.56       0       0       0        0   1.56
1760-1769        0      0.26079  0.22083  0.31  100000   22083   84677  3576065  35.76
1760-1769      1-4      0.03913  0.14295  1.58   77917   11139  284658  3491388  44.81
1760-1769      5-9      0.01318  0.06328  1.84   66778    4226  320555  3206730  48.02
1760-1769     10-14     0.00641  0.03153  2.52   62553    1972  307879  2886175  46.14
1760-1769     15-19     0.00652  0.03206  2.50   60580    1942  298038  2578296  42.56
1760-1769     20-24     0.00806  0.03955  2.61   58638    2319  287643  2280258  38.89
1760-1769     25-29     0.00966  0.04719  2.53   56319    2658  275027  1992615  35.38
1760-1769     30-34     0.01202  0.05840  2.55   53661    3134  260636  1717588  32.01
1760-1769     35-39     0.01189  0.05771  2.48   50528    2916  245303  1456952  28.83
1760-1769     40-44     0.01660  0.07986  2.62   47612    3802  229000  1211650  25.45
1760-1769     45-49     0.01788  0.08553  2.46   43809    3747  209514   982650  22.43
1760-1769     50-54     0.02320  0.10986  2.59   40062    4401  189712   773136  19.30
1760-1769     55-59     0.02678  0.12551  2.50   35661    4476  167123   583424  16.36
1760-1769     60-64     0.04022  0.18346  2.61   31185    5721  142254   416301  13.35
1760-1769     65-69     0.05444  0.23971  2.51   25464    6104  112124   274047  10.76
1760-1769     70-74     0.08632  0.35567  2.53   19360    6886   79770   161923   8.36
1760-1769     75-79     0.12045  0.45751  2.37   12474    5707   47381    82152   6.59
1760-1769     80-84     0.17225  0.59077  2.34    6767    3998   23209    34772   5.14
1760-1769     85-89     0.21458  0.66019  2.09    2769    1828    8520    11563   4.18
1760-1769     90-94     0.29479  0.78370  2.01     941     737    2502     3043   3.23
1760-1769     95-99     0.36525  0.85147  1.87     204     173     475      541   2.66
1760-1769    100-104    0.44604  0.90411  1.71      30      27      61       67   2.21
1760-1769    105-109    0.52877  0.93901  1.57       3       3       5        5   1.88
1760-1769    110+       0.59491  1.00000  1.68       0       0       0        0   1.68
1770-1779        0      0.23814  0.20437  0.31  100000   20437   85820  3326295  33.26
1770-1779      1-4      0.04839  0.17303  1.55   79563   13767  284516  3240475  40.73
1770-1779      5-9      0.01649  0.07838  1.86   65796    5157  312792  2955959  44.93
1770-1779     10-14     0.00894  0.04375  2.53   60639    2653  296634  2643167  43.59
1770-1779     15-19     0.00820  0.04015  2.44   57986    2328  283978  2346533  40.47
1770-1779     20-24     0.00974  0.04760  2.60   55658    2649  271924  2062555  37.06
1770-1779     25-29     0.01138  0.05534  2.50   53009    2934  257722  1790631  33.78
1770-1779     30-34     0.01329  0.06434  2.54   50075    3222  242465  1532909  30.61
1770-1779     35-39     0.01358  0.06565  2.48   46854    3076  226528  1290444  27.54
1770-1779     40-44     0.01778  0.08526  2.60   43778    3732  209924  1063916  24.30
1770-1779     45-49     0.01935  0.09223  2.46   40046    3693  190829   853992  21.33
1770-1779     50-54     0.02515  0.11862  2.60   36352    4312  171429   663163  18.24
1770-1779     55-59     0.02948  0.13719  2.47   32040    4396  149101   491734  15.35
1770-1779     60-64     0.04488  0.20297  2.65   27645    5611  125015   342633  12.39
1770-1779     65-69     0.06483  0.27855  2.48   22034    6137   94672   217618   9.88
1770-1779     70-74     0.09820  0.39361  2.48   15896    6257   63719   122945   7.73
1770-1779     75-79     0.12861  0.47857  2.33    9639    4613   35868    59226   6.14
1770-1779     80-84     0.19198  0.63039  2.28    5026    3168   16504    23359   4.65
1770-1779     85-89     0.25338  0.72726  2.07    1858    1351    5332     6855   3.69
1770-1779     90-94     0.31795  0.80762  1.95     507     409    1287     1523   3.01
1770-1779     95-99     0.40465  0.88007  1.79      97      86     212      236   2.42
1770-1779    100-104    0.48774  0.92364  1.64      12      11      22       24   2.03
1770-1779    105-109    0.56976  0.95130  1.50       1       1       1        2   1.75
1770-1779    110+       0.63418  1.00000  1.58       0       0       0        0   1.58
1780-1789        0      0.22429  0.19409  0.31  100000   19409   86532  3597547  35.98
1780-1789      1-4      0.04230  0.15331  1.55   80591   12355  292066  3511014  43.57
1780-1789      5-9      0.01369  0.06566  1.88   68236    4480  327190  3218949  47.17
1780-1789     10-14     0.00732  0.03596  2.54   63756    2292  313129  2891759  45.36
1780-1789     15-19     0.00724  0.03555  2.47   61463    2185  301789  2578630  41.95
1780-1789     20-24     0.00870  0.04259  2.61   59278    2525  290349  2276841  38.41
1780-1789     25-29     0.01045  0.05092  2.51   56754    2890  276573  1986493  35.00
1780-1789     30-34     0.01201  0.05834  2.54   53864    3142  261590  1709920  31.75
1780-1789     35-39     0.01250  0.06058  2.49   50722    3073  245881  1448330  28.55
1780-1789     40-44     0.01571  0.07569  2.58   47649    3607  229528  1202448  25.24
1780-1789     45-49     0.01724  0.08261  2.48   44042    3638  211036   972920  22.09
1780-1789     50-54     0.02148  0.10206  2.58   40404    4124  192028   761885  18.86
1780-1789     55-59     0.02646  0.12422  2.54   36280    4507  170292   569856  15.71
1780-1789     60-64     0.04120  0.18784  2.66   31773    5968  144877   399564  12.58
1780-1789     65-69     0.06673  0.28587  2.50   25805    7377  110553   254687   9.87
1780-1789     70-74     0.09399  0.37971  2.47   18428    6997   74444   144134   7.82
1780-1789     75-79     0.13208  0.48920  2.35   11431    5592   42337    69690   6.10
1780-1789     80-84     0.18823  0.62280  2.28    5839    3636   19320    27353   4.68
1780-1789     85-89     0.25134  0.72557  2.09    2202    1598    6358     8034   3.65
1780-1789     90-94     0.34745  0.83867  1.92     604     507    1459     1676   2.77
1780-1789     95-99     0.44125  0.90306  1.73      98      88     200      217   2.22
1780-1789    100-104    0.53939  0.94347  1.55       9       9      17       17   1.84
1780-1789    105-109    0.63384  0.96655  1.40       1       1       1        1   1.57
1780-1789    110+       0.70728  1.00000  1.41       0       0       0        0   1.41
1790-1799        0      0.22838  0.19714  0.31  100000   19714   86319  3876837  38.77
1790-1799      1-4      0.03386  0.12498  1.53   80286   10034  296311  3790518  47.21
1790-1799      5-9      0.01026  0.04973  1.94   70252    3493  340584  3494207  49.74
1790-1799     10-14     0.00535  0.02641  2.50   66759    1763  329390  3153623  47.24
1790-1799     15-19     0.00570  0.02812  2.53   64995    1828  320465  2824233  43.45
1790-1799     20-24     0.00731  0.03594  2.61   63167    2270  310412  2503768  39.64
1790-1799     25-29     0.00878  0.04297  2.52   60898    2616  297999  2193356  36.02
1790-1799     30-34     0.01023  0.04990  2.55   58281    2908  284274  1895357  32.52
1790-1799     35-39     0.01103  0.05369  2.52   55373    2973  269482  1611083  29.10
1790-1799     40-44     0.01460  0.07054  2.60   52400    3696  253114  1341601  25.60
1790-1799     45-49     0.01664  0.07988  2.48   48703    3890  233731  1088487  22.35
1790-1799     50-54     0.02072  0.09865  2.59   44813    4421  213407   854757  19.07
1790-1799     55-59     0.02640  0.12399  2.56   40392    5008  189736   641350  15.88
1790-1799     60-64     0.04107  0.18693  2.60   35384    6614  161061   451614  12.76
1790-1799     65-69     0.05830  0.25475  2.53   28770    7329  125721   290553  10.10
1790-1799     70-74     0.09530  0.38529  2.52   21441    8261   86681   164832   7.69
1790-1799     75-79     0.14052  0.51206  2.35   13180    6749   48028    78151   5.93
1790-1799     80-84     0.18606  0.62003  2.31    6431    3987   21430    30123   4.68
1790-1799     85-89     0.25687  0.73283  2.07    2444    1791    6971     8693   3.56
1790-1799     90-94     0.36611  0.85562  1.89     653     559    1526     1721   2.64
1790-1799     95-99     0.47451  0.92035  1.67      94      87     183      196   2.07
1790-1799    100-104    0.58547  0.95693  1.48       8       7      12       13   1.70
1790-1799    105-109    0.68843  0.97577  1.33       0       0       0        0   1.45
1790-1799    110+       0.76549  1.00000  1.31       0       0       0        0   1.31
1800-1809        0      0.23590  0.20271  0.31  100000   20271   85932  3576880  35.77
1800-1809      1-4      0.03825  0.13964  1.50   79729   11133  291041  3490948  43.79
1800-1809      5-9      0.01204  0.05813  2.05   68595    3987  331200  3199907  46.65
1800-1809     10-14     0.00686  0.03370  2.46   64608    2178  317512  2868706  44.40
1800-1809     15-19     0.00729  0.03582  2.56   62431    2236  306705  2551195  40.86
1800-1809     20-24     0.00932  0.04555  2.56   60195    2742  294282  2244490  37.29
1800-1809     25-29     0.01019  0.04969  2.50   57452    2855  280117  1950207  33.94
1800-1809     30-34     0.01145  0.05568  2.55   54598    3040  265547  1670090  30.59
1800-1809     35-39     0.01317  0.06375  2.52   51558    3287  249641  1404543  27.24
1800-1809     40-44     0.01620  0.07791  2.56   48271    3761  232185  1154902  23.93
1800-1809     45-49     0.01903  0.09087  2.54   44510    4045  212586   922718  20.73
1800-1809     50-54     0.02615  0.12300  2.58   40466    4977  190301   710132  17.55
1800-1809     55-59     0.03366  0.15541  2.53   35489    5515  163845   519831  14.65
1800-1809     60-64     0.04865  0.21740  2.55   29973    6516  133933   355986  11.88
1800-1809     65-69     0.06557  0.28172  2.50   23457    6608  100782   222053   9.47
1800-1809     70-74     0.10343  0.41055  2.49   16849    6917   66881   121271   7.20
1800-1809     75-79     0.15670  0.55202  2.32    9932    5482   34986    54390   5.48
1800-1809     80-84     0.20473  0.65441  2.24    4449    2912   14222    19404   4.36
1800-1809     85-89     0.27454  0.75901  2.05    1538    1167    4251     5182   3.37
1800-1809     90-94     0.38682  0.86919  1.83     371     322     833      931   2.51
1800-1809     95-99     0.48444  0.92423  1.65      48      45      92       99   2.04
1800-1809    100-104    0.59077  0.95798  1.47       4       4       6        6   1.68
1800-1809    105-109    0.68957  0.97580  1.33       0       0       0        0   1.45
1800-1809    110+       0.76366  1.00000  1.31       0       0       0        0   1.31
1810-1819        0      0.21485  0.18697  0.31  100000   18697   87023  3751254  37.51
1810-1819      1-4      0.03687  0.13477  1.44   81303   10957  297209  3664231  45.07
1810-1819      5-9      0.01047  0.05083  2.18   70346    3575  341640  3367021  47.86
1810-1819     10-14     0.00600  0.02954  2.39   66771    1973  328707  3025381  45.31
1810-1819     15-19     0.00642  0.03159  2.60   64798    2047  319070  2696674  41.62
1810-1819     20-24     0.00851  0.04170  2.56   62751    2617  307366  2377604  37.89
1810-1819     25-29     0.00931  0.04552  2.52   60134    2737  293885  2070238  34.43
1810-1819     30-34     0.01110  0.05404  2.56   57397    3102  279428  1776353  30.95
1810-1819     35-39     0.01337  0.06471  2.53   54295    3514  262810  1496925  27.57
1810-1819     40-44     0.01591  0.07657  2.55   50781    3889  244362  1234114  24.30
1810-1819     45-49     0.01856  0.08873  2.54   46893    4161  224214   989752  21.11
1810-1819     50-54     0.02471  0.11658  2.57   42732    4982  201568   765538  17.91
1810-1819     55-59     0.03197  0.14824  2.55   37751    5596  175058   563971  14.94
1810-1819     60-64     0.04657  0.20910  2.56   32155    6723  144380   388912  12.10
1810-1819     65-69     0.06625  0.28436  2.51   25431    7232  109148   244532   9.62
1810-1819     70-74     0.09994  0.39886  2.47   18199    7259   72632   135384   7.44
1810-1819     75-79     0.14476  0.52350  2.36   10940    5727   39563    62752   5.74
1810-1819     80-84     0.19929  0.64375  2.25    5213    3356   16839    23189   4.45
1810-1819     85-89     0.27650  0.76356  2.07    1857    1418    5129     6350   3.42
1810-1819     90-94     0.34513  0.83661  1.92     439     367    1064     1222   2.78
1810-1819     95-99     0.44806  0.90647  1.72      72      65     145      157   2.19
1810-1819    100-104    0.54519  0.94524  1.54       7       6      12       12   1.82
1810-1819    105-109    0.63910  0.96751  1.40       0       0       1        1   1.56
1810-1819    110+       0.71175  1.00000  1.40       0       0       0        0   1.40
1820-1829        0      0.19036  0.16815  0.31  100000   16815   88329  4146364  41.46
1820-1829      1-4      0.02743  0.10257  1.46   83185    8533  311068  4058035  48.78
1820-1829      5-9      0.00769  0.03763  2.17   74653    2809  365309  3746967  50.19
1820-1829     10-14     0.00459  0.02266  2.40   71843    1628  354991  3381658  47.07
1820-1829     15-19     0.00510  0.02518  2.64   70216    1768  346905  3026667  43.11
1820-1829     20-24     0.00731  0.03591  2.59   68448    2458  336307  2679762  39.15
1820-1829     25-29     0.00852  0.04172  2.53   65989    2753  323142  2343455  35.51
1820-1829     30-34     0.01025  0.04999  2.57   63236    3161  308487  2020312  31.95
1820-1829     35-39     0.01227  0.05958  2.55   60075    3580  291618  1711825  28.49
1820-1829     40-44     0.01520  0.07325  2.55   56496    4138  272320  1420207  25.14
1820-1829     45-49     0.01766  0.08462  2.53   52357    4430  250856  1147887  21.92
1820-1829     50-54     0.02275  0.10779  2.57   47927    5166  227071   897031  18.72
1820-1829     55-59     0.02908  0.13576  2.56   42761    5805  199623   669961  15.67
1820-1829     60-64     0.04283  0.19397  2.57   36956    7168  167378   470337  12.73
1820-1829     65-69     0.05939  0.25872  2.51   29787    7707  129772   302960  10.17
1820-1829     70-74     0.08973  0.36645  2.50   22081    8091   90179   173188   7.84
1820-1829     75-79     0.13645  0.50304  2.39   13989    7037   51575    83009   5.93
1820-1829     80-84     0.19420  0.63619  2.29    6952    4423   22775    31434   4.52
1820-1829     85-89     0.27521  0.75810  2.04    2529    1917    6967     8659   3.42
1820-1829     90-94     0.34607  0.83790  1.92     612     513    1481     1692   2.77
1820-1829     95-99     0.46348  0.91474  1.69      99      91     196      211   2.12
1820-1829    100-104    0.56816  0.95223  1.51       8       8      14       15   1.75
1820-1829    105-109    0.66734  0.97252  1.36       0       0       1        1   1.49
1820-1829    110+       0.74269  1.00000  1.35       0       0       0        0   1.35
1830-1839        0      0.19300  0.17020  0.31  100000   17020   88187  4124101  41.24
1830-1839      1-4      0.02545  0.09558  1.44   82980    7931  311628  4035915  48.64
1830-1839      5-9      0.00751  0.03678  2.26   75049    2760  367682  3724286  49.62
1830-1839     10-14     0.00466  0.02303  2.37   72289    1665  357061  3356604  46.43
1830-1839     15-19     0.00506  0.02500  2.64   70624    1765  348957  2999544  42.47
1830-1839     20-24     0.00727  0.03573  2.60   68858    2460  338384  2650587  38.49
1830-1839     25-29     0.00898  0.04393  2.55   66398    2917  324858  2312203  34.82
1830-1839     30-34     0.01108  0.05395  2.57   63481    3425  309066  1987345  31.31
1830-1839     35-39     0.01315  0.06368  2.53   60056    3824  290819  1678278  27.95
1830-1839     40-44     0.01581  0.07611  2.55   56232    4280  270693  1387459  24.67
1830-1839     45-49     0.01852  0.08857  2.53   51952    4601  248393  1116766  21.50
1830-1839     50-54     0.02423  0.11446  2.58   47351    5420  223649   868373  18.34
1830-1839     55-59     0.03079  0.14302  2.52   41931    5997  194763   644724  15.38
1830-1839     60-64     0.04262  0.19317  2.58   35934    6941  162848   449961  12.52
1830-1839     65-69     0.06147  0.26686  2.53   28993    7737  125855   287113   9.90
1830-1839     70-74     0.09510  0.38359  2.48   21256    8153   85738   161258   7.59
1830-1839     75-79     0.14031  0.51288  2.38   13102    6720   47893    75520   5.76
1830-1839     80-84     0.20153  0.64919  2.26    6382    4143   20560    27627   4.33
1830-1839     85-89     0.29506  0.78957  2.06    2239    1768    5991     7067   3.16
1830-1839     90-94     0.42827  0.89667  1.76     471     422     986     1076   2.28
1830-1839     95-99     0.53941  0.94536  1.56      49      46      85       89   1.83
1830-1839    100-104    0.66066  0.97220  1.37       3       3       4        4   1.51
1830-1839    105-109    0.76455  0.98445  1.23       0       0       0        0   1.31
1830-1839    110+       0.83643  1.00000  1.20       0       0       0        0   1.20
1840-1849        0      0.17460  0.15572  0.31  100000   15572   89191  4360625  43.61
1840-1849      1-4      0.02399  0.09054  1.50   84428    7644  318619  4271434  50.59
1840-1849      5-9      0.00767  0.03755  2.18   76783    2883  375795  3952815  51.48
1840-1849     10-14     0.00440  0.02177  2.38   73900    1609  365284  3577020  48.40
1840-1849     15-19     0.00478  0.02365  2.62   72291    1710  357384  3211736  44.43
1840-1849     20-24     0.00642  0.03161  2.56   70582    2231  347473  2854352  40.44
1840-1849     25-29     0.00730  0.03587  2.54   68351    2451  335724  2506879  36.68
1840-1849     30-34     0.00893  0.04372  2.58   65899    2881  322530  2171154  32.95
1840-1849     35-39     0.01116  0.05434  2.55   63018    3424  306718  1848624  29.33
1840-1849     40-44     0.01364  0.06600  2.55   59594    3933  288321  1541906  25.87
1840-1849     45-49     0.01589  0.07645  2.53   55661    4255  267811  1253585  22.52
1840-1849     50-54     0.02112  0.10052  2.60   51406    5167  244638   985775  19.18
1840-1849     55-59     0.02734  0.12801  2.52   46238    5919  216485   741137  16.03
1840-1849     60-64     0.03788  0.17382  2.63   40319    7008  184989   524651  13.01
1840-1849     65-69     0.05975  0.26029  2.53   33311    8670  145099   339663  10.20
1840-1849     70-74     0.08827  0.36136  2.49   24641    8904  100876   194564   7.90
1840-1849     75-79     0.13407  0.49711  2.40   15737    7823   58349    93689   5.95
1840-1849     80-84     0.19294  0.63286  2.28    7914    5008   25958    35340   4.47
1840-1849     85-89     0.28900  0.78627  2.10    2905    2284    7905     9381   3.23
1840-1849     90-94     0.40880  0.88613  1.80     621     550    1346     1477   2.38
1840-1849     95-99     0.53516  0.94427  1.57      71      67     125      131   1.85
1840-1849    100-104    0.65990  0.97221  1.37       4       4       6        6   1.51
1840-1849    105-109    0.76686  0.98472  1.23       0       0       0        0   1.30
1840-1849    110+       0.84046  1.00000  1.19       0       0       0        0   1.19
1850-1859        0      0.16713  0.14976  0.31  100000   14976   89604  4188050  41.88
1850-1859      1-4      0.03001  0.11193  1.58   85024    9516  317083  4098446  48.20
1850-1859      5-9      0.01105  0.05357  2.12   75508    4045  365876  3781362  50.08
1850-1859     10-14     0.00562  0.02770  2.34   71463    1980  352040  3415486  47.79
1850-1859     15-19     0.00554  0.02733  2.60   69484    1899  342857  3063446  44.09
1850-1859     20-24     0.00690  0.03395  2.54   67584    2294  332270  2720589  40.25
1850-1859     25-29     0.00782  0.03837  2.55   65290    2505  320301  2388319  36.58
1850-1859     30-34     0.00945  0.04616  2.55   62785    2898  306819  2068018  32.94
1850-1859     35-39     0.01126  0.05478  2.56   59887    3281  291419  1761200  29.41
1850-1859     40-44     0.01350  0.06532  2.54   56606    3698  273945  1469781  25.96
1850-1859     45-49     0.01612  0.07756  2.56   52909    4103  254524  1195836  22.60
1850-1859     50-54     0.02074  0.09869  2.55   48805    4817  232231   941311  19.29
1850-1859     55-59     0.02728  0.12793  2.57   43988    5627  206285   709080  16.12
1850-1859     60-64     0.03884  0.17746  2.57   38361    6808  175284   502795  13.11
1850-1859     65-69     0.05686  0.24959  2.55   31554    7876  138511   327511  10.38
1850-1859     70-74     0.08764  0.35943  2.50   23678    8511   97106   189001   7.98
1850-1859     75-79     0.13108  0.48802  2.38   15167    7402   56469    91895   6.06
1850-1859     80-84     0.18911  0.62269  2.26    7765    4835   25570    35425   4.56
1850-1859     85-89     0.26962  0.76541  2.18    2930    2243    8318     9856   3.36
1850-1859     90-94     0.43943  0.88732  1.64     687     610    1388     1538   2.24
1850-1859     95-99     0.50905  0.93508  1.62      77      72     142      150   1.94
1850-1859    100-104    0.63015  0.96696  1.42       5       5       8        8   1.58
1850-1859    105-109    0.73794  0.98192  1.26       0       0       0        0   1.35
1850-1859    110+       0.81471  1.00000  1.23       0       0       0        0   1.23
1860-1869        0      0.15110  0.13676  0.31  100000   13676   90507  4488902  44.89
1860-1869      1-4      0.03016  0.11231  1.54   86324    9695  321493  4398394  50.95
1860-1869      5-9      0.00887  0.04324  2.08   76629    3313  373466  4076901  53.20
1860-1869     10-14     0.00430  0.02126  2.35   73316    1559  362447  3703435  50.51
1860-1869     15-19     0.00467  0.02311  2.61   71757    1658  354828  3340988  46.56
1860-1869     20-24     0.00610  0.03003  2.54   70099    2105  345315  2986160  42.60
1860-1869     25-29     0.00666  0.03277  2.54   67994    2228  334480  2640845  38.84
1860-1869     30-34     0.00750  0.03683  2.55   65766    2422  322885  2306365  35.07
1860-1869     35-39     0.00901  0.04406  2.56   63343    2791  309897  1983480  31.31
1860-1869     40-44     0.01084  0.05277  2.52   60552    3195  294836  1673583  27.64
1860-1869     45-49     0.01315  0.06370  2.55   57357    3653  277823  1378748  24.04
1860-1869     50-54     0.01714  0.08227  2.56   53703    4418  257716  1100925  20.50
1860-1869     55-59     0.02358  0.11156  2.59   49285    5498  233177   843209  17.11
1860-1869     60-64     0.03398  0.15699  2.58   43787    6874  202287   610032  13.93
1860-1869     65-69     0.05034  0.22426  2.57   36913    8278  164424   407744  11.05
1860-1869     70-74     0.07713  0.32359  2.51   28635    9266  120128   243320   8.50
1860-1869     75-79     0.12146  0.46288  2.43   19369    8965   73812   123192   6.36
1860-1869     80-84     0.17932  0.60389  2.30   10403    6283   35035    49380   4.75
1860-1869     85-89     0.26586  0.75321  2.12    4121    3104   11675    14345   3.48
1860-1869     90-94     0.36689  0.85819  1.90    1017     873    2379     2670   2.63
1860-1869     95-99     0.48855  0.92714  1.65     144     134     274      291   2.02
1860-1869    100-104    0.60954  0.96287  1.45      11      10      17       17   1.63
1860-1869    105-109    0.71933  0.97989  1.29       0       0       1        1   1.39
1860-1869    110+       0.79856  1.00000  1.25       0       0       0        0   1.25
1870-1879        0      0.14574  0.13235  0.31  100000   13235   90813  4668409  46.68
1870-1879      1-4      0.02552  0.09613  1.57   86765    8341  326785  4577597  52.76
1870-1879      5-9      0.00846  0.04129  2.12   78424    3238  382792  4250812  54.20
1870-1879     10-14     0.00412  0.02036  2.34   75186    1530  371857  3868020  51.45
1870-1879     15-19     0.00449  0.02221  2.63   73655    1636  364397  3496163  47.47
1870-1879     20-24     0.00625  0.03077  2.54   72020    2216  354656  3131766  43.48
1870-1879     25-29     0.00711  0.03494  2.50   69804    2439  342933  2777110  39.78
1870-1879     30-34     0.00776  0.03808  2.53   67365    2565  330499  2434177  36.13
1870-1879     35-39     0.00887  0.04341  2.55   64800    2813  317106  2103678  32.46
1870-1879     40-44     0.01023  0.04987  2.51   61987    3091  302238  1786573  28.82
1870-1879     45-49     0.01185  0.05759  2.56   58896    3392  286196  1484334  25.20
1870-1879     50-54     0.01517  0.07316  2.58   55504    4060  267696  1198138  21.59
1870-1879     55-59     0.02042  0.09734  2.60   51443    5008  245208   930442  18.09
1870-1879     60-64     0.02956  0.13798  2.59   46436    6407  216750   685234  14.76
1870-1879     65-69     0.04480  0.20206  2.58   40029    8088  180531   468485  11.70
1870-1879     70-74     0.07002  0.29853  2.53   31940    9535  136188   287953   9.02
1870-1879     75-79     0.11008  0.43010  2.46   22405    9636   87537   151765   6.77
1870-1879     80-84     0.16491  0.57254  2.33   12769    7311   44331    64228   5.03
1870-1879     85-89     0.25133  0.73460  2.17    5458    4010   15953    19897   3.65
1870-1879     90-94     0.35105  0.84143  1.91    1449    1219    3472     3944   2.72
1870-1879     95-99     0.47833  0.92330  1.68     230     212     443      472   2.06
1870-1879    100-104    0.60463  0.96209  1.46      18      17      28       29   1.64
1870-1879    105-109    0.71964  0.98006  1.29       1       1       1        1   1.39
1870-1879    110+       0.80226  1.00000  1.25       0       0       0        0   1.25
1880-1889        0      0.12169  0.11221  0.31  100000   11221   92210  4975486  49.75
1880-1889      1-4      0.02251  0.08538  1.57   88779    7580  336691  4883276  55.01
1880-1889      5-9      0.00789  0.03857  2.15   81199    3132  397059  4546585  55.99
1880-1889     10-14     0.00412  0.02037  2.36   78066    1590  386129  4149525  53.15
1880-1889     15-19     0.00453  0.02243  2.63   76476    1715  378325  3763397  49.21
1880-1889     20-24     0.00590  0.02909  2.54   74761    2175  368451  3385072  45.28
1880-1889     25-29     0.00638  0.03140  2.51   72586    2279  357248  3016620  41.56
1880-1889     30-34     0.00679  0.03338  2.51   70307    2347  345699  2659373  37.83
1880-1889     35-39     0.00762  0.03741  2.54   67960    2543  333533  2313674  34.04
1880-1889     40-44     0.00887  0.04337  2.52   65417    2837  320041  1980140  30.27
1880-1889     45-49     0.01029  0.05018  2.55   62580    3140  305203  1660099  26.53
1880-1889     50-54     0.01295  0.06280  2.59   59440    3733  288218  1354896  22.79
1880-1889     55-59     0.01759  0.08438  2.61   55707    4701  267301  1066678  19.15
1880-1889     60-64     0.02551  0.12020  2.60   51007    6131  240320   799377  15.67
1880-1889     65-69     0.03886  0.17768  2.59   44876    7974  205186   559057  12.46
1880-1889     70-74     0.06148  0.26730  2.56   36902    9864  160439   353871   9.59
1880-1889     75-79     0.09914  0.39693  2.49   27038   10732  108258   193432   7.15
1880-1889     80-84     0.15668  0.55469  2.37   16306    9045   57728    85174   5.22
1880-1889     85-89     0.23819  0.71184  2.17    7261    5169   21700    27446   3.78
1880-1889     90-94     0.34869  0.84402  1.94    2092    1766    5065     5746   2.75
1880-1889     95-99     0.47090  0.92018  1.69     326     300     638      681   2.09
1880-1889    100-104    0.59870  0.96087  1.47      26      25      42       43   1.66
1880-1889    105-109    0.71567  0.97965  1.29       1       1       1        1   1.39
1880-1889    110+       0.80006  1.00000  1.25       0       0       0        0   1.25
1890-1899        0      0.10950  0.10176  0.31  100000   10176   92935  5214702  52.15
1890-1899      1-4      0.01768  0.06778  1.54   89824    6088  344317  5121767  57.02
1890-1899      5-9      0.00612  0.03007  2.17   83736    2518  411565  4777450  57.05
1890-1899     10-14     0.00359  0.01781  2.43   81219    1446  402380  4365885  53.75
1890-1899     15-19     0.00465  0.02303  2.68   79772    1837  394601  3963505  49.69
1890-1899     20-24     0.00618  0.03041  2.53   77936    2370  383825  3568904  45.79
1890-1899     25-29     0.00634  0.03120  2.49   75565    2357  371911  3185079  42.15
1890-1899     30-34     0.00660  0.03248  2.49   73208    2378  360064  2813168  38.43
1890-1899     35-39     0.00741  0.03641  2.54   70830    2579  347803  2453104  34.63
1890-1899     40-44     0.00833  0.04079  2.53   68251    2784  334384  2105301  30.85
1890-1899     45-49     0.00967  0.04725  2.56   65467    3093  319796  1770917  27.05
1890-1899     50-54     0.01227  0.05960  2.57   62374    3717  302847  1451120  23.26
1890-1899     55-59     0.01647  0.07921  2.60   58657    4646  282117  1148273  19.58
1890-1899     60-64     0.02368  0.11208  2.61   54010    6054  255605   866155  16.04
1890-1899     65-69     0.03664  0.16843  2.61   47957    8077  220466   610551  12.73
1890-1899     70-74     0.05830  0.25538  2.57   39879   10184  174677   390085   9.78
1890-1899     75-79     0.09557  0.38593  2.51   29695   11460  119914   215408   7.25
1890-1899     80-84     0.15415  0.54921  2.38   18235   10015   64967    95494   5.24
1890-1899     85-89     0.24151  0.71989  2.20    8220    5917   24502    30527   3.71
1890-1899     90-94     0.36793  0.86355  1.93    2303    1988    5404     6024   2.62
1890-1899     95-99     0.49893  0.93259  1.64     314     293     587      620   1.97
1890-1899    100-104    0.63608  0.96867  1.41      21      21      32       33   1.56
1890-1899    105-109    0.75542  0.98389  1.24       1       1       1        1   1.32
1890-1899    110+       0.83699  1.00000  1.19       0       0       0        0   1.19
1900-1909        0      0.09225  0.08670  0.31  100000    8670   93980  5524535  55.25
1900-1909      1-4      0.01242  0.04815  1.45   91330    4398  354100  5430555  59.46
1900-1909      5-9      0.00428  0.02115  2.27   86932    1839  429646  5076455  58.40
1900-1909     10-14     0.00328  0.01629  2.50   85094    1386  422007  4646808  54.61
1900-1909     15-19     0.00478  0.02363  2.68   83707    1978  413947  4224801  50.47
1900-1909     20-24     0.00610  0.03004  2.50   81729    2455  402515  3810855  46.63
1900-1909     25-29     0.00622  0.03061  2.48   79274    2427  390261  3408340  42.99
1900-1909     30-34     0.00617  0.03038  2.49   76847    2334  378383  3018079  39.27
1900-1909     35-39     0.00682  0.03355  2.52   74513    2500  366367  2639696  35.43
1900-1909     40-44     0.00778  0.03818  2.53   72013    2749  353268  2273329  31.57
1900-1909     45-49     0.00916  0.04478  2.56   69264    3102  338737  1920061  27.72
1900-1909     50-54     0.01158  0.05632  2.59   66162    3726  321826  1581324  23.90
1900-1909     55-59     0.01534  0.07399  2.59   62435    4619  301065  1259497  20.17
1900-1909     60-64     0.02205  0.10475  2.61   57816    6056  274630   958432  16.58
1900-1909     65-69     0.03349  0.15503  2.61   51760    8024  239635   683803  13.21
1900-1909     70-74     0.05404  0.23902  2.59   43735   10454  193457   444168  10.16
1900-1909     75-79     0.08982  0.36739  2.52   33282   12227  136128   250711   7.53
1900-1909     80-84     0.14604  0.53004  2.41   21054   11160   76415   114583   5.44
1900-1909     85-89     0.23208  0.70419  2.21    9895    6968   30023    38168   3.86
1900-1909     90-94     0.34191  0.83694  1.95    2927    2450    7165     8145   2.78
1900-1909     95-99     0.47843  0.92411  1.68     477     441     922      981   2.05
1900-1909    100-104    0.61303  0.96418  1.45      36      35      57       59   1.62
1900-1909    105-109    0.73305  0.98166  1.27       1       1       2        2   1.36
1900-1909    110+       0.81746  1.00000  1.22       0       0       0        0   1.22
1910-1919        0      0.07339  0.06978  0.30  100000    6978   95087  5689463  56.89
1910-1919      1-4      0.00925  0.03614  1.46   93022    3362  363549  5594377  60.14
1910-1919      5-9      0.00349  0.01729  2.31   89659    1550  444125  5230827  58.34
1910-1919     10-14     0.00294  0.01459  2.57   88109    1285  437423  4786703  54.33
1910-1919     15-19     0.00511  0.02528  2.74   86824    2195  429160  4349280  50.09
1910-1919     20-24     0.00711  0.03493  2.49   84629    2956  415710  3920120  46.32
1910-1919     25-29     0.00715  0.03513  2.46   81673    2869  401075  3504410  42.91
1910-1919     30-34     0.00696  0.03421  2.48   78804    2696  387221  3103335  39.38
1910-1919     35-39     0.00692  0.03402  2.49   76108    2589  374036  2716114  35.69
1910-1919     40-44     0.00750  0.03680  2.54   73519    2705  360929  2342077  31.86
1910-1919     45-49     0.00865  0.04233  2.55   70814    2998  346735  1981148  27.98
1910-1919     50-54     0.01107  0.05394  2.61   67816    3658  330322  1634413  24.10
1910-1919     55-59     0.01492  0.07201  2.61   64158    4620  309740  1304091  20.33
1910-1919     60-64     0.02150  0.10225  2.61   59538    6088  283124   994352  16.70
1910-1919     65-69     0.03322  0.15388  2.61   53450    8225  247611   711228  13.31
1910-1919     70-74     0.05380  0.23810  2.59   45225   10768  200142   463617  10.25
1910-1919     75-79     0.08771  0.36039  2.53   34457   12418  141586   263475   7.65
1910-1919     80-84     0.14256  0.52022  2.40   22039   11465   80425   121889   5.53
1910-1919     85-89     0.22680  0.69485  2.21   10574    7347   32396    41464   3.92
1910-1919     90-94     0.33848  0.83497  1.97    3227    2694    7960     9068   2.81
1910-1919     95-99     0.47175  0.92132  1.69     532     491    1040     1108   2.08
1910-1919    100-104    0.60769  0.96314  1.45      42      40      66       69   1.64
1910-1919    105-109    0.72931  0.98128  1.28       2       2       2        2   1.37
1910-1919    110+       0.81462  1.00000  1.23       0       0       0        0   1.23
1920-1929        0      0.06140  0.05871  0.25  100000    5871   95618  6167418  61.67
1920-1929      1-4      0.00573  0.02257  1.42   94129    2124  371028  6071800  64.50
1920-1929      5-9      0.00214  0.01065  2.36   92005     980  457438  5700772  61.96
1920-1929     10-14     0.00191  0.00951  2.59   91025     865  453039  5243334  57.60
1920-1929     15-19     0.00341  0.01692  2.72   90159    1525  447318  4790295  53.13
1920-1929     20-24     0.00464  0.02293  2.50   88634    2032  438083  4342977  49.00
1920-1929     25-29     0.00454  0.02243  2.47   86602    1943  428092  3904894  45.09
1920-1929     30-34     0.00458  0.02265  2.51   84659    1917  418527  3476802  41.07
1920-1929     35-39     0.00492  0.02430  2.55   82742    2011  408778  3058275  36.96
1920-1929     40-44     0.00577  0.02843  2.56   80731    2295  398059  2649497  32.82
1920-1929     45-49     0.00728  0.03580  2.61   78436    2808  385465  2251438  28.70
1920-1929     50-54     0.00971  0.04743  2.61   75628    3587  369562  1865973  24.67
1920-1929     55-59     0.01354  0.06557  2.60   72041    4724  348863  1496410  20.77
1920-1929     60-64     0.02013  0.09605  2.62   67317    6466  321187  1147548  17.05
1920-1929     65-69     0.03156  0.14676  2.61   60851    8930  282945   826360  13.58
1920-1929     70-74     0.05094  0.22697  2.60   51921   11784  231340   543415  10.47
1920-1929     75-79     0.08544  0.35300  2.54   40136   14168  165831   312076   7.78
1920-1929     80-84     0.13879  0.51125  2.42   25968   13276   95654   146245   5.63
1920-1929     85-89     0.22223  0.68720  2.22   12692    8722   39247    50591   3.99
1920-1929     90-94     0.33177  0.82739  1.97    3970    3285    9901    11344   2.86
1920-1929     95-99     0.46574  0.91871  1.70     685     630    1352     1444   2.11
1920-1929    100-104    0.60280  0.96217  1.46      56      54      89       92   1.65
1920-1929    105-109    0.72596  0.98095  1.28       2       2       3        3   1.37
1920-1929    110+       0.81234  1.00000  1.23       0       0       0        0   1.23
1930-1939        0      0.04922  0.04738  0.21  100000    4738   96259  6454060  64.54
1930-1939      1-4      0.00350  0.01388  1.46   95262    1322  377684  6357801  66.74
1930-1939      5-9      0.00145  0.00722  2.40   93940     678  467940  5980117  63.66
1930-1939     10-14     0.00134  0.00667  2.61   93262     622  464825  5512177  59.10
1930-1939     15-19     0.00247  0.01228  2.72   92640    1138  460609  5047352  54.48
1930-1939     20-24     0.00337  0.01672  2.46   91502    1530  453622  4586743  50.13
1930-1939     25-29     0.00331  0.01640  2.51   89972    1476  446184  4133120  45.94
1930-1939     30-34     0.00343  0.01700  2.53   88496    1504  438762  3686936  41.66
1930-1939     35-39     0.00391  0.01939  2.57   86992    1687  430864  3248174  37.34
1930-1939     40-44     0.00488  0.02414  2.60   85306    2059  421582  2817310  33.03
1930-1939     45-49     0.00655  0.03226  2.60   83247    2685  409798  2395728  28.78
1930-1939     50-54     0.00920  0.04500  2.62   80561    3625  394165  1985930  24.65
1930-1939     55-59     0.01312  0.06362  2.63   76936    4895  373063  1591765  20.69
1930-1939     60-64     0.01996  0.09532  2.64   72041    6867  343986  1218702  16.92
1930-1939     65-69     0.03198  0.14860  2.63   65174    9685  302873   874716  13.42
1930-1939     70-74     0.05225  0.23217  2.60   55489   12883  246557   571843  10.31
1930-1939     75-79     0.08768  0.36024  2.53   42606   15349  175049   325286   7.63
1930-1939     80-84     0.14332  0.52210  2.40   27258   14231   99298   150237   5.51
1930-1939     85-89     0.22701  0.69561  2.22   13026    9061   39915    50939   3.91
1930-1939     90-94     0.34281  0.83890  1.96    3965    3326    9703    11024   2.78
1930-1939     95-99     0.47496  0.92291  1.69     639     590    1241     1321   2.07
1930-1939    100-104    0.61337  0.96444  1.45      49      47      77       80   1.62
1930-1939    105-109    0.73685  0.98213  1.27       2       2       2        2   1.35
1930-1939    110+       0.82259  1.00000  1.22       0       0       0        0   1.22
1940-1949        0      0.02991  0.02916  0.14  100000    2916   97498  6882631  68.83
1940-1949      1-4      0.00186  0.00740  1.62   97084     718  386629  6785133  69.89
1940-1949      5-9      0.00089  0.00445  2.33   96365     428  480683  6398504  66.40
1940-1949     10-14     0.00075  0.00376  2.61   95937     361  478822  5917820  61.68
1940-1949     15-19     0.00148  0.00739  2.80   95576     706  476326  5438998  56.91
1940-1949     20-24     0.00224  0.01112  2.50   94870    1055  471712  4962673  52.31
1940-1949     25-29     0.00212  0.01055  2.51   93815     989  466609  4490960  47.87
1940-1949     30-34     0.00225  0.01117  2.53   92826    1037  461573  4024351  43.35
1940-1949     35-39     0.00265  0.01314  2.59   91789    1206  456041  3562778  38.81
1940-1949     40-44     0.00344  0.01705  2.61   90583    1544  449222  3106737  34.30
1940-1949     45-49     0.00502  0.02483  2.64   89039    2211  439985  2657515  29.85
1940-1949     50-54     0.00754  0.03704  2.64   86828    3216  426564  2217530  25.54
1940-1949     55-59     0.01134  0.05525  2.66   83611    4620  407253  1790966  21.42
1940-1949     60-64     0.01785  0.08564  2.65   78992    6765  379075  1383714  17.52
1940-1949     65-69     0.02888  0.13516  2.64   72227    9762  338055  1004638  13.91
1940-1949     70-74     0.04848  0.21728  2.62   62465   13572  279966   666583  10.67
1940-1949     75-79     0.08226  0.34212  2.54   48892   16727  203344   386617   7.91
1940-1949     80-84     0.13666  0.50499  2.42   32165   16243  118861   183273   5.70
1940-1949     85-89     0.21760  0.67880  2.23   15922   10808   49669    64412   4.05
1940-1949     90-94     0.32920  0.82743  1.99    5114    4232   12854    14743   2.88
1940-1949     95-99     0.45797  0.91505  1.72     883     808    1763     1889   2.14
1940-1949    100-104    0.59475  0.96041  1.48      75      72     121      125   1.67
1940-1949    105-109    0.71896  0.98019  1.29       3       3       4        4   1.39
1940-1949    110+       0.80671  1.00000  1.24       0       0       0        0   1.24
1950-1959        0      0.01867  0.01837  0.11  100000    1837   98367  7228946  72.29
1950-1959      1-4      0.00105  0.00421  1.67   98163     413  391689  7130579  72.64
1950-1959      5-9      0.00052  0.00260  2.29   97750     254  488061  6738890  68.94
1950-1959     10-14     0.00040  0.00199  2.55   97496     194  487005  6250828  64.11
1950-1959     15-19     0.00073  0.00366  2.70   97302     356  485693  5763823  59.24
1950-1959     20-24     0.00094  0.00470  2.53   96946     456  483604  5278130  54.44
1950-1959     25-29     0.00101  0.00505  2.55   96490     487  481259  4794526  49.69
1950-1959     30-34     0.00125  0.00624  2.58   96003     599  478564  4313267  44.93
1950-1959     35-39     0.00164  0.00817  2.62   95404     780  475160  3834703  40.19
1950-1959     40-44     0.00238  0.01184  2.67   94624    1120  470506  3359544  35.50
1950-1959     45-49     0.00375  0.01860  2.68   93504    1739  463477  2889038  30.90
1950-1959     50-54     0.00598  0.02948  2.67   91765    2705  452522  2425561  26.43
1950-1959     55-59     0.00966  0.04726  2.67   89060    4209  435489  1973039  22.15
1950-1959     60-64     0.01575  0.07597  2.66   84851    6446  409191  1537551  18.12
1950-1959     65-69     0.02626  0.12370  2.66   78405    9699  369356  1128360  14.39
1950-1959     70-74     0.04492  0.20290  2.62   68706   13940  310337   759004  11.05
1950-1959     75-79     0.07668  0.32301  2.56   54766   17690  230682   448667   8.19
1950-1959     80-84     0.13030  0.48805  2.43   37076   18095  138870   217985   5.88
1950-1959     85-89     0.20999  0.66635  2.26   18981   12648   60230    79114   4.17
1950-1959     90-94     0.31613  0.81429  2.02    6333    5157   16312    18885   2.98
1950-1959     95-99     0.44732  0.90991  1.74    1176    1070    2392     2572   2.19
1950-1959    100-104    0.58501  0.95824  1.49     106     102     174      180   1.70
1950-1959    105-109    0.71137  0.97935  1.30       4       4       6        6   1.40
1950-1959    110+       0.80122  1.00000  1.25       0       0       0        0   1.25
1960-1969        0      0.01421  0.01403  0.12  100000    1403   98765  7374978  73.75
1960-1969      1-4      0.00066  0.00264  1.77   98597     260  393807  7276213  73.80
1960-1969      5-9      0.00040  0.00202  2.26   98336     199  491137  6882407  69.99
1960-1969     10-14     0.00031  0.00154  2.58   98138     152  490321  6391270  65.13
1960-1969     15-19     0.00066  0.00328  2.76   97986     322  489210  5900949  60.22
1960-1969     20-24     0.00079  0.00394  2.51   97664     385  487362  5411739  55.41
1960-1969     25-29     0.00086  0.00430  2.62   97279     419  485398  4924377  50.62
1960-1969     30-34     0.00107  0.00534  2.62   96860     517  483070  4438978  45.83
1960-1969     35-39     0.00147  0.00731  2.63   96343     704  480049  3955908  41.06
1960-1969     40-44     0.00212  0.01056  2.66   95639    1010  475838  3475859  36.34
1960-1969     45-49     0.00339  0.01681  2.68   94629    1591  469453  3000021  31.70
1960-1969     50-54     0.00533  0.02630  2.68   93038    2447  459518  2530567  27.20
1960-1969     55-59     0.00861  0.04221  2.69   90591    3824  444115  2071049  22.86
1960-1969     60-64     0.01437  0.06952  2.68   86767    6032  419869  1626934  18.75
1960-1969     65-69     0.02403  0.11377  2.67   80735    9185  382291  1207065  14.95
1960-1969     70-74     0.04143  0.18866  2.64   71550   13499  325834   824774  11.53
1960-1969     75-79     0.07143  0.30442  2.57   58051   17672  247399   498940   8.59
1960-1969     80-84     0.11985  0.45963  2.47   40379   18559  154860   251541   6.23
1960-1969     85-89     0.19403  0.63584  2.29   21820   13874   71505    96681   4.43
1960-1969     90-94     0.29420  0.78855  2.06    7946    6266   21298    25176   3.17
1960-1969     95-99     0.42179  0.89608  1.79    1680    1506    3569     3879   2.31
1960-1969    100-104    0.55941  0.95186  1.53     175     166     297      309   1.77
1960-1969    105-109    0.68998  0.97678  1.33       8       8      12       12   1.45
1960-1969    110+       0.78511  1.00000  1.27       0       0       0        0   1.27
1970-1979        0      0.00936  0.00928  0.13  100000     928   99192  7501653  75.02
1970-1979      1-4      0.00043  0.00172  1.75   99072     170  395904  7402461  74.72
1970-1979      5-9      0.00030  0.00149  2.30   98901     147  494110  7006557  70.84
1970-1979     10-14     0.00026  0.00130  2.65   98754     129  493470  6512447  65.95
1970-1979     15-19     0.00064  0.00320  2.74   98626     316  492416  6018977  61.03
1970-1979     20-24     0.00079  0.00393  2.49   98310     387  490582  5526561  56.22
1970-1979     25-29     0.00082  0.00411  2.56   97923     402  488635  5035979  51.43
1970-1979     30-34     0.00105  0.00522  2.60   97521     509  486383  4547343  46.63
1970-1979     35-39     0.00146  0.00729  2.64   97012     707  483393  4060960  41.86
1970-1979     40-44     0.00225  0.01121  2.68   96305    1080  479014  3577567  37.15
1970-1979     45-49     0.00341  0.01690  2.70   95225    1610  472416  3098553  32.54
1970-1979     50-54     0.00535  0.02642  2.66   93616    2474  462298  2626137  28.05
1970-1979     55-59     0.00826  0.04053  2.66   91142    3694  447056  2163839  23.74
1970-1979     60-64     0.01327  0.06435  2.67   87448    5627  424144  1716783  19.63
1970-1979     65-69     0.02203  0.10475  2.66   81821    8571  389048  1292639  15.80
1970-1979     70-74     0.03698  0.17005  2.64   73250   12456  336819   903591  12.34
1970-1979     75-79     0.06306  0.27357  2.58   60793   16631  263723   566772   9.32
1970-1979     80-84     0.10407  0.41248  2.49   44162   18216  175036   303049   6.86
1970-1979     85-89     0.16864  0.58172  2.33   25946   15093   89501   128014   4.93
1970-1979     90-94     0.25693  0.74102  2.14   10853    8042   31301    38512   3.55
1970-1979     95-99     0.37537  0.86524  1.89    2811    2432    6479     7212   2.57
1970-1979    100-104    0.50988  0.93646  1.62     379     355     696      733   1.93
1970-1979    105-109    0.64488  0.97014  1.40      24      23      36       37   1.54
1970-1979    110+       0.74731  1.00000  1.34       1       1       1        1   1.34
1980-1989        0      0.00650  0.00646  0.14  100000     646   99442  7669912  76.70
1980-1989      1-4      0.00029  0.00118  1.68   99354     117  397145  7570471  76.20
1980-1989      5-9      0.00016  0.00082  2.37   99237      81  495973  7173326  72.28
1980-1989     10-14     0.00017  0.00087  2.67   99156      87  495579  6677353  67.34
1980-1989     15-19     0.00047  0.00233  2.84   99070     231  494848  6181774  62.40
1980-1989     20-24     0.00064  0.00322  2.49   98838     318  493394  5686926  57.54
1980-1989     25-29     0.00076  0.00379  2.54   98520     373  491685  5193533  52.72
1980-1989     30-34     0.00091  0.00453  2.59   98147     445  489661  4701848  47.91
1980-1989     35-39     0.00125  0.00624  2.60   97702     610  487049  4212186  43.11
1980-1989     40-44     0.00184  0.00917  2.65   97092     890  483372  3725137  38.37
1980-1989     45-49     0.00295  0.01467  2.69   96202    1412  477744  3241765  33.70
1980-1989     50-54     0.00469  0.02318  2.67   94791    2197  468843  2764021  29.16
1980-1989     55-59     0.00745  0.03660  2.67   92594    3389  455089  2295178  24.79
1980-1989     60-64     0.01195  0.05811  2.67   89205    5184  433941  1840088  20.63
1980-1989     65-69     0.01942  0.09286  2.66   84021    7802  401839  1406147  16.74
1980-1989     70-74     0.03216  0.14950  2.65   76220   11395  354285  1004308  13.18
1980-1989     75-79     0.05425  0.24007  2.61   64824   15562  286884   650023  10.03
1980-1989     80-84     0.09173  0.37387  2.53   49262   18418  200786   363139   7.37
1980-1989     85-89     0.15262  0.54553  2.39   30845   16827  110248   162353   5.26
1980-1989     90-94     0.24170  0.71877  2.18   14018   10076   41687    52105   3.72
1980-1989     95-99     0.36245  0.85626  1.92    3942    3376    9313    10418   2.64
1980-1989    100-104    0.50531  0.93556  1.63     567     530    1049     1105   1.95
1980-1989    105-109    0.65020  0.97140  1.39      37      35      55       56   1.53
1980-1989    110+       0.75932  1.00000  1.32       1       1       1        1   1.32
1990-1999        0      0.00461  0.00459  0.14  100000     459   99605  7862272  78.62
1990-1999      1-4      0.00021  0.00086  1.68   99541      85  397966  7762667  77.98
1990-1999      5-9      0.00012  0.00062  2.48   99456      61  497123  7364700  74.05
1990-1999     10-14     0.00014  0.00070  2.67   99394      69  496810  6867577  69.09
1990-1999     15-19     0.00035  0.00176  2.84   99325     174  496248  6370767  64.14
1990-1999     20-24     0.00050  0.00249  2.54   99151     247  495144  5874519  59.25
1990-1999     25-29     0.00056  0.00279  2.57   98903     276  493847  5379376  54.39
1990-1999     30-34     0.00070  0.00351  2.62   98627     347  492313  4885529  49.54
1990-1999     35-39     0.00101  0.00502  2.64   98281     493  490241  4393216  44.70
1990-1999     40-44     0.00152  0.00758  2.67   97787     741  487214  3902975  39.91
1990-1999     45-49     0.00238  0.01184  2.66   97046    1149  482539  3415761  35.20
1990-1999     50-54     0.00375  0.01861  2.67   95898    1784  475339  2933222  30.59
1990-1999     55-59     0.00609  0.03002  2.67   94113    2825  463978  2457883  26.12
1990-1999     60-64     0.00998  0.04876  2.69   91288    4452  446137  1993905  21.84
1990-1999     65-69     0.01623  0.07818  2.65   86837    6789  418238  1547768  17.82
1990-1999     70-74     0.02683  0.12623  2.66   80048   10104  376607  1129531  14.11
1990-1999     75-79     0.04600  0.20741  2.63   69944   14507  315372   752923  10.76
1990-1999     80-84     0.08044  0.33622  2.56   55437   18639  231704   437552   7.89
1990-1999     85-89     0.13755  0.50857  2.44   36798   18714  136054   205848   5.59
1990-1999     90-94     0.22951  0.70126  2.23   18084   12681   55255    69793   3.86
1990-1999     95-99     0.35433  0.85077  1.95    5402    4596   12971    14539   2.69
1990-1999    100-104    0.50650  0.93678  1.64     806     755    1491     1568   1.94
1990-1999    105-109    0.66122  0.97347  1.38      51      50      75       77   1.51
1990-1999    110+       0.77594  1.00000  1.29       1       1       2        2   1.29
2000-2009        0      0.00293  0.00292  0.14  100000     292   99750  8052090  80.52
2000-2009      1-4      0.00017  0.00068  1.55   99708      68  398665  7952340  79.76
2000-2009      5-9      0.00009  0.00043  2.39   99640      43  498088  7553674  75.81
2000-2009     10-14     0.00011  0.00053  2.78   99597      53  497868  7055586  70.84
2000-2009     15-19     0.00031  0.00155  2.94   99544     155  497403  6557718  65.88
2000-2009     20-24     0.00050  0.00248  2.47   99390     246  496326  6060315  60.98
2000-2009     25-29     0.00048  0.00239  2.50   99144     237  495125  5563989  56.12
2000-2009     30-34     0.00051  0.00255  2.57   98907     252  493920  5068864  51.25
2000-2009     35-39     0.00072  0.00359  2.66   98654     354  492442  4574945  46.37
2000-2009     40-44     0.00113  0.00563  2.73   98300     554  490242  4082502  41.53
2000-2009     45-49     0.00189  0.00940  2.71   97746     919  486625  3592260  36.75
2000-2009     50-54     0.00314  0.01560  2.68   96828    1510  480633  3105635  32.07
2000-2009     55-59     0.00502  0.02482  2.68   95317    2366  471099  2625002  27.54
2000-2009     60-64     0.00802  0.03938  2.68   92951    3661  456261  2153904  23.17
2000-2009     65-69     0.01319  0.06397  2.66   89291    5712  433105  1697643  19.01
2000-2009     70-74     0.02188  0.10408  2.67   83579    8699  397585  1264538  15.13
2000-2009     75-79     0.03773  0.17336  2.66   74880   12981  344039   866953  11.58
2000-2009     80-84     0.06874  0.29510  2.60   61899   18266  265713   522914   8.45
2000-2009     85-89     0.12549  0.47697  2.49   43632   20811  165839   257201   5.89
2000-2009     90-94     0.21755  0.68229  2.27   22821   15570   71570    91361   4.00
2000-2009     95-99     0.34797  0.84650  1.97    7250    6137   17638    19791   2.73
2000-2009    100-104    0.50898  0.93837  1.64    1113    1044    2052     2153   1.93
2000-2009    105-109    0.67242  0.97538  1.36      69      67      99      102   1.48
2000-2009    110+       0.79143  1.00000  1.26       2       2       2        2   1.26
2010-2019        0      0.00234  0.00234  0.14  100000     234   99800  8218110  82.18
2010-2019      1-4      0.00012  0.00050  1.72   99766      50  398952  8118310  81.37
2010-2019      5-9      0.00007  0.00033  2.32   99717      33  498494  7719358  77.41
2010-2019     10-14     0.00009  0.00044  2.82   99684      44  498321  7220864  72.44
2010-2019     15-19     0.00024  0.00121  2.98   99639     120  497954  6722542  67.47
2010-2019     20-24     0.00044  0.00219  2.61   99519     218  497072  6224588  62.55
2010-2019     25-29     0.00051  0.00253  2.51   99301     251  495877  5727516  57.68
2010-2019     30-34     0.00054  0.00269  2.56   99050     267  494597  5231639  52.82
2010-2019     35-39     0.00062  0.00310  2.59   98783     306  493177  4737042  47.95
2010-2019     40-44     0.00088  0.00441  2.63   98477     435  491354  4243865  43.10
2010-2019     45-49     0.00143  0.00715  2.72   98042     701  488614  3752511  38.27
2010-2019     50-54     0.00240  0.01191  2.70   97341    1160  484042  3263897  33.53
2010-2019     55-59     0.00398  0.01970  2.69   96182    1895  476524  2779855  28.90
2010-2019     60-64     0.00670  0.03300  2.69   94287    3111  464240  2303331  24.43
2010-2019     65-69     0.01094  0.05334  2.67   91175    4863  444521  1839091  20.17
2010-2019     70-74     0.01787  0.08578  2.67   86312    7404  414344  1394570  16.16
2010-2019     75-79     0.03128  0.14581  2.67   78908   11506  367771   980225  12.42
2010-2019     80-84     0.05841  0.25669  2.64   67403   17302  296231   612455   9.09
2010-2019     85-89     0.11088  0.43546  2.54   50101   21817  196759   316223   6.31
2010-2019     90-94     0.20165  0.65381  2.31   28284   18492   91705   119464   4.22
2010-2019     95-99     0.33257  0.83338  2.01    9791    8160   24536    27760   2.84
2010-2019    100-104    0.49765  0.93473  1.66    1631    1525    3064     3223   1.98
2010-2019    105-109    0.66715  0.97482  1.37     106     104     156      159   1.49
2010-2019    110+       0.79073  1.00000  1.26       3       3       3        3   1.26
2020-2021        0      0.00210  0.00209  0.14  100000     209   99821  8272120  82.72
2020-2021      1-4      0.00012  0.00046  1.65   99791      46  399055  8172299  81.89
2020-2021      5-9      0.00006  0.00028  2.42   99745      28  498652  7773244  77.93
2020-2021     10-14     0.00008  0.00041  2.65   99717      41  498487  7274592  72.95
2020-2021     15-19     0.00025  0.00124  2.95   99676     123  498126  6776105  67.98
2020-2021     20-24     0.00042  0.00208  2.50   99553     207  497245  6277979  63.06
2020-2021     25-29     0.00045  0.00226  2.52   99345     224  496171  5780734  58.19
2020-2021     30-34     0.00051  0.00253  2.50   99121     251  494979  5284564  53.31
2020-2021     35-39     0.00061  0.00303  2.60   98870     299  493632  4789585  48.44
2020-2021     40-44     0.00080  0.00400  2.61   98571     394  491912  4295953  43.58
2020-2021     45-49     0.00126  0.00626  2.66   98177     615  489446  3804041  38.75
2020-2021     50-54     0.00211  0.01052  2.68   97562    1026  485430  3314594  33.97
2020-2021     55-59     0.00357  0.01771  2.73   96536    1710  478789  2829165  29.31
2020-2021     60-64     0.00611  0.03014  2.72   94826    2858  467599  2350375  24.79
2020-2021     65-69     0.01041  0.05082  2.68   91967    4674  449016  1882776  20.47
2020-2021     70-74     0.01708  0.08216  2.68   87293    7172  419811  1433760  16.42
2020-2021     75-79     0.02982  0.13945  2.68   80122   11173  374685  1013950  12.66
2020-2021     80-84     0.05568  0.24624  2.65   68949   16978  304913   639265   9.27
2020-2021     85-89     0.10708  0.42393  2.54   51971   22032  205759   334352   6.43
2020-2021     90-94     0.19751  0.64665  2.33   29939   19360   98021   128593   4.30
2020-2021     95-99     0.32528  0.82623  2.02   10579    8741   26871    30572   2.89
2020-2021    100-104    0.48780  0.93083  1.68    1838    1711    3508     3701   2.01
2020-2021    105-109    0.65631  0.97319  1.39     127     124     189      193   1.52
2020-2021    110+       0.78101  1.00000  1.28       3       3       4        4   1.28
