Taiwan, Life tables (period 5x10), Total	Last modified: 18 Dec 2020;  Methods Protocol: v6 (2017)

  Year          Age         mx       qx    ax      lx      dx      Lx       Tx     ex
1970-1979        0      0.01349  0.01334  0.12  100000    1334   98829  7039215  70.39
1970-1979      1-4      0.00190  0.00757  1.42   98666     747  392738  6940386  70.34
1970-1979      5-9      0.00054  0.00269  2.26   97919     264  488874  6547649  66.87
1970-1979     10-14     0.00047  0.00235  2.65   97656     229  487740  6058775  62.04
1970-1979     15-19     0.00096  0.00481  2.76   97426     469  486080  5571035  57.18
1970-1979     20-24     0.00128  0.00639  2.61   96958     620  483304  5084955  52.45
1970-1979     25-29     0.00142  0.00708  2.53   96338     682  480005  4601650  47.77
1970-1979     30-34     0.00179  0.00890  2.63   95656     851  476262  4121646  43.09
1970-1979     35-39     0.00244  0.01215  2.64   94805    1152  471301  3645384  38.45
1970-1979     40-44     0.00355  0.01760  2.64   93653    1649  464371  3174083  33.89
1970-1979     45-49     0.00517  0.02552  2.65   92004    2348  454514  2709711  29.45
1970-1979     50-54     0.00805  0.03949  2.67   89656    3541  440034  2255197  25.15
1970-1979     55-59     0.01257  0.06102  2.64   86116    5255  418180  1815163  21.08
1970-1979     60-64     0.01987  0.09494  2.67   80861    7677  386396  1396983  17.28
1970-1979     65-69     0.03253  0.15101  2.63   73184   11051  339711  1010588  13.81
1970-1979     70-74     0.05208  0.23130  2.58   62133   14371  275948   670877  10.80
1970-1979     75-79     0.08132  0.33821  2.51   47761   16153  198634   394928   8.27
1970-1979     80-84     0.12753  0.47882  2.40   31608   15135  118678   196294   6.21
1970-1979     85-89     0.18368  0.61287  2.29   16473   10096   54965    77616   4.71
1970-1979     90-94     0.26017  0.74123  2.10    6377    4727   18169    22651   3.55
1970-1979     95-99     0.35419  0.84557  1.91    1650    1395    3940     4482   2.72
1970-1979    100-104    0.46236  0.91483  1.70     255     233     504      542   2.13
1970-1979    105-109    0.57365  0.95397  1.50      22      21      36       38   1.73
1970-1979    110+       0.66081  1.00000  1.51       1       1       2        2   1.51
1980-1989        0      0.00794  0.00789  0.13  100000     789   99316  7280810  72.81
1980-1989      1-4      0.00104  0.00415  1.53   99211     412  395828  7181494  72.39
1980-1989      5-9      0.00042  0.00209  2.39   98800     207  493459  6785666  68.68
1980-1989     10-14     0.00039  0.00196  2.62   98593     193  492506  6292206  63.82
1980-1989     15-19     0.00096  0.00480  2.79   98400     472  490954  5799700  58.94
1980-1989     20-24     0.00115  0.00573  2.59   97927     561  488288  5308746  54.21
1980-1989     25-29     0.00125  0.00622  2.52   97367     605  485331  4820459  49.51
1980-1989     30-34     0.00147  0.00734  2.59   96761     710  482098  4335127  44.80
1980-1989     35-39     0.00206  0.01026  2.64   96051     985  477932  3853030  40.11
1980-1989     40-44     0.00302  0.01499  2.66   95066    1425  471990  3375098  35.50
1980-1989     45-49     0.00458  0.02267  2.65   93641    2123  463218  2903108  31.00
1980-1989     50-54     0.00681  0.03352  2.65   91517    3067  450370  2439890  26.66
1980-1989     55-59     0.01031  0.05032  2.66   88450    4451  431820  1989521  22.49
1980-1989     60-64     0.01640  0.07897  2.66   83999    6633  404442  1557701  18.54
1980-1989     65-69     0.02690  0.12650  2.65   77366    9787  363788  1153259  14.91
1980-1989     70-74     0.04335  0.19640  2.61   67579   13272  306179   789471  11.68
1980-1989     75-79     0.06987  0.29814  2.54   54307   16191  231724   483292   8.90
1980-1989     80-84     0.11556  0.44571  2.44   38116   16989  147010   251568   6.60
1980-1989     85-89     0.17358  0.59116  2.30   21127   12490   71951   104559   4.95
1980-1989     90-94     0.23885  0.70936  2.14    8638    6127   25654    32607   3.77
1980-1989     95-99     0.34603  0.83910  1.93    2511    2107    6088     6953   2.77
1980-1989    100-104    0.45823  0.91331  1.71     404     369     805      866   2.14
1980-1989    105-109    0.57443  0.95446  1.50      35      33      58       61   1.73
1980-1989    110+       0.66568  1.00000  1.50       2       2       2        2   1.50
1990-1999        0      0.00640  0.00636  0.14  100000     636   99451  7474138  74.74
1990-1999      1-4      0.00065  0.00258  1.60   99364     257  396840  7374687  74.22
1990-1999      5-9      0.00030  0.00147  2.42   99107     146  495160  6977848  70.41
1990-1999     10-14     0.00032  0.00162  2.79   98961     160  494451  6482688  65.51
1990-1999     15-19     0.00087  0.00436  2.70   98801     431  493014  5988237  60.61
1990-1999     20-24     0.00098  0.00487  2.60   98370     479  490703  5495223  55.86
1990-1999     25-29     0.00114  0.00570  2.58   97891     558  488106  5004520  51.12
1990-1999     30-34     0.00144  0.00716  2.61   97334     697  484999  4516415  46.40
1990-1999     35-39     0.00196  0.00975  2.63   96636     942  480946  4031416  41.72
1990-1999     40-44     0.00276  0.01370  2.63   95694    1311  475369  3550470  37.10
1990-1999     45-49     0.00400  0.01980  2.65   94383    1869  467526  3075100  32.58
1990-1999     50-54     0.00594  0.02928  2.64   92515    2709  456188  2607574  28.19
1990-1999     55-59     0.00891  0.04363  2.64   89805    3919  439795  2151387  23.96
1990-1999     60-64     0.01393  0.06744  2.65   85887    5792  415815  1711592  19.93
1990-1999     65-69     0.02183  0.10383  2.64   80095    8316  380861  1295777  16.18
1990-1999     70-74     0.03534  0.16305  2.63   71779   11704  331138   914916  12.75
1990-1999     75-79     0.05847  0.25613  2.58   60075   15387  263156   583778   9.72
1990-1999     80-84     0.09963  0.39846  2.49   44688   17806  178724   320622   7.17
1990-1999     85-89     0.15598  0.55194  2.35   26881   14837   95118   141898   5.28
1990-1999     90-94     0.23095  0.69857  2.17   12044    8414   36432    46781   3.88
1990-1999     95-99     0.33404  0.82931  1.96    3631    3011    9013    10349   2.85
1990-1999    100-104    0.45488  0.91269  1.72     620     566    1243     1336   2.16
1990-1999    105-109    0.58286  0.95728  1.49      54      52      89       92   1.70
1990-1999    110+       0.68489  1.00000  1.46       2       2       3        3   1.46
2000-2009        0      0.00572  0.00569  0.14  100000     569   99509  7739036  77.39
2000-2009      1-4      0.00040  0.00161  1.62   99431     160  397342  7639527  76.83
2000-2009      5-9      0.00018  0.00090  2.35   99271      89  496119  7242185  72.95
2000-2009     10-14     0.00018  0.00090  2.65   99182      89  495700  6746066  68.02
2000-2009     15-19     0.00050  0.00252  2.85   99093     250  494927  6250366  63.08
2000-2009     20-24     0.00066  0.00330  2.58   98843     326  493428  5755439  58.23
2000-2009     25-29     0.00084  0.00420  2.61   98517     414  491598  5262011  53.41
2000-2009     30-34     0.00119  0.00593  2.65   98104     582  489153  4770413  48.63
2000-2009     35-39     0.00174  0.00864  2.67   97522     843  485645  4281260  43.90
2000-2009     40-44     0.00253  0.01258  2.65   96679    1217  480533  3795615  39.26
2000-2009     45-49     0.00354  0.01755  2.62   95462    1676  473324  3315082  34.73
2000-2009     50-54     0.00501  0.02474  2.63   93787    2321  463431  2841759  30.30
2000-2009     55-59     0.00731  0.03593  2.65   91466    3287  449616  2378328  26.00
2000-2009     60-64     0.01111  0.05412  2.65   88180    4773  429659  1928712  21.87
2000-2009     65-69     0.01725  0.08290  2.66   83407    6915  400838  1499053  17.97
2000-2009     70-74     0.02808  0.13168  2.64   76492   10072  358647  1098215  14.36
2000-2009     75-79     0.04547  0.20503  2.61   66420   13618  299511   739568  11.13
2000-2009     80-84     0.07659  0.32249  2.55   52802   17028  222318   440058   8.33
2000-2009     85-89     0.12551  0.47515  2.44   35774   16998  135427   217740   6.09
2000-2009     90-94     0.19701  0.64067  2.27   18776   12029   61059    82313   4.38
2000-2009     95-99     0.29646  0.79149  2.06    6747    5340   18012    21253   3.15
2000-2009    100-104    0.42265  0.89672  1.79    1407    1261    2985     3241   2.30
2000-2009    105-109    0.56225  0.95279  1.53     145     138     246      256   1.76
2000-2009    110+       0.67569  1.00000  1.48       7       7      10       10   1.48
2010-2019        0      0.00426  0.00425  0.14  100000     425   99635  7972555  79.73
2010-2019      1-4      0.00022  0.00090  1.65   99575      89  398092  7872920  79.06
2010-2019      5-9      0.00013  0.00063  2.46   99486      63  497271  7474828  75.13
2010-2019     10-14     0.00014  0.00070  2.69   99424      70  496956  6977557  70.18
2010-2019     15-19     0.00035  0.00173  2.90   99354     172  496407  6480601  65.23
2010-2019     20-24     0.00046  0.00230  2.53   99182     228  495344  5984193  60.34
2010-2019     25-29     0.00056  0.00281  2.64   98953     278  494110  5488849  55.47
2010-2019     30-34     0.00086  0.00427  2.67   98675     422  492393  4994740  50.62
2010-2019     35-39     0.00136  0.00677  2.70   98254     665  489738  4502346  45.82
2010-2019     40-44     0.00214  0.01063  2.67   97589    1038  485527  4012608  41.12
2010-2019     45-49     0.00320  0.01587  2.64   96551    1532  479147  3527082  36.53
2010-2019     50-54     0.00449  0.02221  2.62   95019    2110  470081  3047934  32.08
2010-2019     55-59     0.00621  0.03061  2.62   92909    2844  457776  2577853  27.75
2010-2019     60-64     0.00884  0.04329  2.64   90065    3899  441126  2120077  23.54
2010-2019     65-69     0.01329  0.06443  2.66   86166    5551  417839  1678951  19.49
2010-2019     70-74     0.02175  0.10348  2.66   80614    8342  383540  1261111  15.64
2010-2019     75-79     0.03692  0.16982  2.65   72272   12273  332472   877571  12.14
2010-2019     80-84     0.06450  0.27926  2.60   59999   16755  259780   545099   9.09
2010-2019     85-89     0.10994  0.43069  2.49   43243   18625  169402   285319   6.60
2010-2019     90-94     0.17821  0.60310  2.32   24619   14847   83314   115918   4.71
2010-2019     95-99     0.27623  0.76755  2.11    9771    7500   27151    32604   3.34
2010-2019    100-104    0.40355  0.88572  1.83    2271    2012    4985     5454   2.40
2010-2019    105-109    0.54915  0.94970  1.56     260     247     449      468   1.80
2010-2019    110+       0.67030  1.00000  1.49      13      13      19       19   1.49
