Bulgaria, Life tables (period 5x5), Total	Last modified: 15 Sep 2022;  Methods Protocol: v6 (2017)

  Year          Age         mx       qx    ax      lx      dx      Lx       Tx     ex
1947-1949        0      0.13427  0.12283  0.31  100000   12283   91474  5599682  56.00
1947-1949      1-4      0.01235  0.04776  1.26   87717    4190  339377  5508208  62.79
1947-1949      5-9      0.00250  0.01244  2.21   83528    1039  414742  5168831  61.88
1947-1949     10-14     0.00185  0.00920  2.58   82489     759  410611  4754089  57.63
1947-1949     15-19     0.00335  0.01662  2.78   81730    1358  405633  4343479  53.14
1947-1949     20-24     0.00474  0.02341  2.44   80372    1881  397038  3937845  49.00
1947-1949     25-29     0.00409  0.02024  2.41   78491    1588  388344  3540807  45.11
1947-1949     30-34     0.00387  0.01917  2.45   76902    1474  380760  3152463  40.99
1947-1949     35-39     0.00415  0.02052  2.51   75428    1548  373285  2771703  36.75
1947-1949     40-44     0.00495  0.02444  2.53   73880    1806  364945  2398418  32.46
1947-1949     45-49     0.00655  0.03222  2.59   72075    2322  354769  2033473  28.21
1947-1949     50-54     0.00990  0.04836  2.60   69752    3374  340682  1678704  24.07
1947-1949     55-59     0.01430  0.06911  2.59   66379    4587  320854  1338023  20.16
1947-1949     60-64     0.02307  0.10919  2.56   61792    6747  292488  1017169  16.46
1947-1949     65-69     0.03436  0.15888  2.63   55045    8746  254501   724680  13.17
1947-1949     70-74     0.05959  0.25997  2.55   46299   12036  201967   470180  10.16
1947-1949     75-79     0.09382  0.37869  2.45   34263   12975  138291   268212   7.83
1947-1949     80-84     0.13790  0.50272  2.31   21288   10702   77608   129922   6.10
1947-1949     85-89     0.18050  0.59729  2.17   10586    6323   35030    52313   4.94
1947-1949     90-94     0.22773  0.68094  2.05    4263    2903   12747    17283   4.05
1947-1949     95-99     0.28545  0.77094  2.02    1360    1049    3674     4536   3.34
1947-1949    100-104    0.35067  0.83828  1.89     312     261     745      863   2.77
1947-1949    105-109    0.42196  0.88989  1.75      50      45     106      118   2.34
1947-1949    110+       0.48012  1.00000  2.08       6       6      12       12   2.08
1950-1954        0      0.09802  0.09177  0.31  100000    9177   93629  6198074  61.98
1950-1954      1-4      0.00738  0.02893  1.22   90823    2628  355975  6104445  67.21
1950-1954      5-9      0.00138  0.00685  2.27   88195     604  439326  5748470  65.18
1950-1954     10-14     0.00116  0.00579  2.55   87591     507  436711  5309145  60.61
1950-1954     15-19     0.00205  0.01020  2.75   87084     888  433416  4872433  55.95
1950-1954     20-24     0.00290  0.01439  2.51   86195    1240  427887  4439017  51.50
1950-1954     25-29     0.00271  0.01347  2.43   84955    1144  421831  4011130  47.21
1950-1954     30-34     0.00261  0.01299  2.49   83811    1089  416325  3589299  42.83
1950-1954     35-39     0.00298  0.01478  2.54   82722    1222  410599  3172974  38.36
1950-1954     40-44     0.00383  0.01896  2.54   81500    1545  403705  2762375  33.89
1950-1954     45-49     0.00527  0.02603  2.61   79955    2081  394811  2358670  29.50
1950-1954     50-54     0.00801  0.03929  2.62   77874    3059  382094  1963859  25.22
1950-1954     55-59     0.01205  0.05857  2.60   74814    4382  363546  1581766  21.14
1950-1954     60-64     0.02002  0.09561  2.65   70433    6734  336313  1218220  17.30
1950-1954     65-69     0.03169  0.14710  2.57   63698    9370  295728   881907  13.85
1950-1954     70-74     0.05101  0.22704  2.58   54328   12334  241803   586179  10.79
1950-1954     75-79     0.08754  0.36001  2.53   41994   15118  172694   344376   8.20
1950-1954     80-84     0.12710  0.47641  2.37   26875   12804  100742   171682   6.39
1950-1954     85-89     0.17651  0.59014  2.19   14072    8304   47047    70940   5.04
1950-1954     90-94     0.21970  0.66848  2.07    5767    3855   17548    23892   4.14
1950-1954     95-99     0.28607  0.77252  2.02    1912    1477    5163     6344   3.32
1950-1954    100-104    0.35755  0.84488  1.88     435     367    1028     1181   2.71
1950-1954    105-109    0.43555  0.89830  1.73      67      61     139      153   2.27
1950-1954    110+       0.49921  1.00000  2.00       7       7      14       14   2.00
1955-1959        0      0.06882  0.06557  0.28  100000    6557   95278  6631364  66.31
1955-1959      1-4      0.00492  0.01943  1.17   93443    1815  368630  6536087  69.95
1955-1959      5-9      0.00081  0.00406  2.26   91627     372  457119  6167457  67.31
1955-1959     10-14     0.00065  0.00323  2.58   91256     295  455565  5710337  62.58
1955-1959     15-19     0.00101  0.00502  2.70   90961     457  453753  5254772  57.77
1955-1959     20-24     0.00135  0.00674  2.48   90504     610  450983  4801019  53.05
1955-1959     25-29     0.00151  0.00752  2.54   89895     676  447813  4350036  48.39
1955-1959     30-34     0.00169  0.00844  2.59   89219     753  444281  3902224  43.74
1955-1959     35-39     0.00213  0.01061  2.58   88466     939  440058  3457943  39.09
1955-1959     40-44     0.00291  0.01447  2.63   87527    1266  434629  3017885  34.48
1955-1959     45-49     0.00436  0.02156  2.67   86261    1860  426966  2583255  29.95
1955-1959     50-54     0.00694  0.03414  2.68   84401    2882  415324  2156290  25.55
1955-1959     55-59     0.01143  0.05566  2.68   81519    4537  397074  1740965  21.36
1955-1959     60-64     0.01897  0.09077  2.64   76982    6988  368406  1343891  17.46
1955-1959     65-69     0.03118  0.14527  2.65   69995   10168  326080   975486  13.94
1955-1959     70-74     0.05220  0.23157  2.57   59827   13854  265427   649406  10.85
1955-1959     75-79     0.08073  0.33649  2.53   45972   15469  191618   383979   8.35
1955-1959     80-84     0.12827  0.47936  2.37   30503   14622  113993   192361   6.31
1955-1959     85-89     0.17761  0.59636  2.25   15881    9471   53324    78368   4.93
1955-1959     90-94     0.23898  0.69958  2.04    6410    4484   18765    25044   3.91
1955-1959     95-99     0.29154  0.77921  2.01    1926    1501    5147     6279   3.26
1955-1959    100-104    0.36497  0.85114  1.87     425     362     992     1132   2.66
1955-1959    105-109    0.44529  0.90375  1.71      63      57     128      140   2.22
1955-1959    110+       0.51128  1.00000  1.96       6       6      12       12   1.96
1960-1964        0      0.03874  0.03754  0.17  100000    3754   96897  7005751  70.06
1960-1964      1-4      0.00216  0.00859  1.34   96246     827  382780  6908855  71.78
1960-1964      5-9      0.00063  0.00314  2.29   95419     300  476281  6526075  68.39
1960-1964     10-14     0.00055  0.00273  2.60   95119     260  474972  6049794  63.60
1960-1964     15-19     0.00085  0.00424  2.63   94859     403  473345  5574822  58.77
1960-1964     20-24     0.00103  0.00513  2.51   94457     485  471077  5101477  54.01
1960-1964     25-29     0.00119  0.00592  2.55   93972     556  468497  4630400  49.27
1960-1964     30-34     0.00144  0.00716  2.59   93416     669  465469  4161903  44.55
1960-1964     35-39     0.00188  0.00934  2.58   92747     867  461642  3696434  39.85
1960-1964     40-44     0.00260  0.01294  2.61   91881    1189  456563  3234792  35.21
1960-1964     45-49     0.00392  0.01942  2.66   90692    1761  449338  2778229  30.63
1960-1964     50-54     0.00615  0.03032  2.68   88931    2697  438389  2328891  26.19
1960-1964     55-59     0.01022  0.04993  2.68   86234    4306  421179  1890502  21.92
1960-1964     60-64     0.01734  0.08334  2.67   81928    6828  393729  1469323  17.93
1960-1964     65-69     0.02876  0.13460  2.62   75100   10109  351437  1075594  14.32
1960-1964     70-74     0.04853  0.21742  2.61   64991   14130  291179   724157  11.14
1960-1964     75-79     0.07937  0.33153  2.52   50861   16862  212457   432978   8.51
1960-1964     80-84     0.12313  0.46740  2.42   33999   15891  129061   220521   6.49
1960-1964     85-89     0.17469  0.58959  2.24   18108   10676   61117    91460   5.05
1960-1964     90-94     0.22288  0.67808  2.11    7432    5039   22610    30343   4.08
1960-1964     95-99     0.29361  0.78231  2.01    2392    1872    6374     7733   3.23
1960-1964    100-104    0.37258  0.85776  1.85     521     447    1199     1359   2.61
1960-1964    105-109    0.45892  0.91115  1.69      74      67     147      160   2.15
1960-1964    110+       0.52990  1.00000  1.89       7       7      12       12   1.89
1965-1969        0      0.03150  0.03068  0.15  100000    3068   97385  7090245  70.90
1965-1969      1-4      0.00142  0.00566  1.45   96932     549  386327  6992860  72.14
1965-1969      5-9      0.00056  0.00281  2.32   96383     270  481193  6606533  68.54
1965-1969     10-14     0.00044  0.00222  2.63   96113     213  480058  6125341  63.73
1965-1969     15-19     0.00076  0.00378  2.76   95900     362  478686  5645282  58.87
1965-1969     20-24     0.00096  0.00478  2.54   95537     456  476563  5166596  54.08
1965-1969     25-29     0.00107  0.00533  2.55   95081     507  474165  4690033  49.33
1965-1969     30-34     0.00131  0.00652  2.57   94574     617  471370  4215869  44.58
1965-1969     35-39     0.00177  0.00881  2.64   93957     828  467834  3744499  39.85
1965-1969     40-44     0.00252  0.01254  2.66   93129    1168  462913  3276665  35.18
1965-1969     45-49     0.00389  0.01925  2.64   91961    1771  455634  2813753  30.60
1965-1969     50-54     0.00612  0.03016  2.69   90190    2720  444663  2358119  26.15
1965-1969     55-59     0.00978  0.04781  2.68   87470    4182  427664  1913456  21.88
1965-1969     60-64     0.01703  0.08189  2.66   83288    6820  400508  1485791  17.84
1965-1969     65-69     0.02941  0.13749  2.64   76468   10514  357522  1085283  14.19
1965-1969     70-74     0.04920  0.22007  2.60   65954   14514  294998   727761  11.03
1965-1969     75-79     0.07898  0.33068  2.54   51440   17010  215364   432763   8.41
1965-1969     80-84     0.12745  0.47879  2.40   34430   16485  129339   217399   6.31
1965-1969     85-89     0.18179  0.60709  2.26   17945   10894   59930    88059   4.91
1965-1969     90-94     0.22889  0.68723  2.09    7051    4846   21170    28129   3.99
1965-1969     95-99     0.30174  0.79153  2.00    2205    1746    5785     6960   3.16
1965-1969    100-104    0.38113  0.86413  1.84     460     397    1042     1175   2.55
1965-1969    105-109    0.46710  0.91494  1.68      62      57     122      132   2.12
1965-1969    110+       0.53732  1.00000  1.86       5       5      10       10   1.86
1970-1974        0      0.02656  0.02596  0.13  100000    2596   97742  7108235  71.08
1970-1974      1-4      0.00111  0.00442  1.51   97404     430  388548  7010493  71.97
1970-1974      5-9      0.00049  0.00245  2.36   96974     238  484243  6621945  68.29
1970-1974     10-14     0.00042  0.00208  2.58   96736     201  483196  6137703  63.45
1970-1974     15-19     0.00071  0.00355  2.74   96535     343  481901  5654507  58.57
1970-1974     20-24     0.00094  0.00468  2.49   96192     450  479832  5172606  53.77
1970-1974     25-29     0.00107  0.00533  2.58   95742     510  477477  4692774  49.01
1970-1974     30-34     0.00129  0.00643  2.55   95232     612  474663  4215297  44.26
1970-1974     35-39     0.00175  0.00869  2.63   94620     823  471154  3740634  39.53
1970-1974     40-44     0.00254  0.01263  2.71   93798    1185  466272  3269481  34.86
1970-1974     45-49     0.00399  0.01978  2.67   92613    1832  458804  2803209  30.27
1970-1974     50-54     0.00638  0.03143  2.65   90781    2854  447204  2344405  25.82
1970-1974     55-59     0.01018  0.04971  2.67   87927    4371  429449  1897201  21.58
1970-1974     60-64     0.01718  0.08260  2.67   83556    6901  401728  1467752  17.57
1970-1974     65-69     0.02984  0.13946  2.66   76655   10691  358273  1066024  13.91
1970-1974     70-74     0.05086  0.22679  2.61   65964   14960  294118   707751  10.73
1970-1974     75-79     0.08352  0.34593  2.52   51004   17644  211247   413633   8.11
1970-1974     80-84     0.13145  0.49021  2.41   33361   16354  124408   202387   6.07
1970-1974     85-89     0.19611  0.63565  2.23   17007   10810   55123    77979   4.59
1970-1974     90-94     0.25010  0.72031  2.06    6196    4463   17846    22856   3.69
1970-1974     95-99     0.33193  0.82366  1.94    1733    1427    4301     5010   2.89
1970-1974    100-104    0.42195  0.89192  1.76     306     273     646      709   2.32
1970-1974    105-109    0.51704  0.93588  1.59      33      31      60       63   1.92
1970-1974    110+       0.59384  1.00000  1.68       2       2       4        4   1.68
1975-1979        0      0.02256  0.02212  0.12  100000    2212   98045  7107840  71.08
1975-1979      1-4      0.00110  0.00439  1.54   97788     429  390098  7009795  71.68
1975-1979      5-9      0.00048  0.00238  2.36   97360     232  486185  6619697  67.99
1975-1979     10-14     0.00043  0.00215  2.55   97128     209  485127  6133512  63.15
1975-1979     15-19     0.00070  0.00350  2.77   96919     339  483836  5648385  58.28
1975-1979     20-24     0.00092  0.00461  2.50   96580     445  481788  5164548  53.47
1975-1979     25-29     0.00104  0.00516  2.57   96135     496  479469  4682760  48.71
1975-1979     30-34     0.00129  0.00645  2.64   95638     617  476733  4203292  43.95
1975-1979     35-39     0.00180  0.00894  2.63   95021     850  473089  3726558  39.22
1975-1979     40-44     0.00265  0.01315  2.66   94171    1238  467960  3253470  34.55
1975-1979     45-49     0.00429  0.02125  2.71   92933    1975  460151  2785510  29.97
1975-1979     50-54     0.00684  0.03364  2.67   90958    3060  447654  2325359  25.57
1975-1979     55-59     0.01094  0.05331  2.65   87898    4686  428490  1877705  21.36
1975-1979     60-64     0.01747  0.08397  2.68   83212    6987  399836  1449215  17.42
1975-1979     65-69     0.02961  0.13848  2.66   76225   10555  356437  1049379  13.77
1975-1979     70-74     0.05129  0.22825  2.59   65670   14989  292233   692943  10.55
1975-1979     75-79     0.08620  0.35556  2.54   50681   18020  209035   400710   7.91
1975-1979     80-84     0.13783  0.50652  2.38   32661   16543  120029   191675   5.87
1975-1979     85-89     0.19935  0.64289  2.24   16117   10362   51979    71647   4.45
1975-1979     90-94     0.27555  0.75759  2.03    5756    4360   15824    19668   3.42
1975-1979     95-99     0.34967  0.84028  1.91    1395    1172    3353     3844   2.76
1975-1979    100-104    0.44553  0.90546  1.72     223     202     453      491   2.20
1975-1979    105-109    0.54604  0.94573  1.54      21      20      36       38   1.82
1975-1979    110+       0.62712  1.00000  1.59       1       1       2        2   1.59
1980-1984        0      0.01809  0.01781  0.11  100000    1781   98419  7123239  71.23
1980-1984      1-4      0.00110  0.00440  1.57   98219     432  391829  7024820  71.52
1980-1984      5-9      0.00046  0.00229  2.40   97788     224  488355  6632991  67.83
1980-1984     10-14     0.00039  0.00193  2.61   97564     189  487367  6144636  62.98
1980-1984     15-19     0.00071  0.00355  2.78   97375     346  486106  5657269  58.10
1980-1984     20-24     0.00090  0.00447  2.54   97029     434  484078  5171163  53.29
1980-1984     25-29     0.00104  0.00518  2.58   96595     501  481762  4687085  48.52
1980-1984     30-34     0.00132  0.00656  2.61   96094     631  478965  4205322  43.76
1980-1984     35-39     0.00189  0.00942  2.68   95464     899  475234  3726357  39.03
1980-1984     40-44     0.00286  0.01421  2.66   94565    1344  469685  3251124  34.38
1980-1984     45-49     0.00453  0.02240  2.65   93221    2088  461206  2781439  29.84
1980-1984     50-54     0.00713  0.03509  2.68   91133    3198  448232  2320233  25.46
1980-1984     55-59     0.01148  0.05592  2.66   87935    4917  428168  1872001  21.29
1980-1984     60-64     0.01812  0.08688  2.63   83017    7213  398022  1443834  17.39
1980-1984     65-69     0.02970  0.13887  2.66   75805   10527  354439  1045812  13.80
1980-1984     70-74     0.05053  0.22555  2.62   65278   14723  291393   691373  10.59
1980-1984     75-79     0.08407  0.34797  2.53   50555   17592  209240   399980   7.91
1980-1984     80-84     0.13904  0.51014  2.39   32963   16816  120940   190740   5.79
1980-1984     85-89     0.20613  0.65526  2.22   16147   10581   51330    69801   4.32
1980-1984     90-94     0.28208  0.76825  2.04    5567    4277   15161    18471   3.32
1980-1984     95-99     0.37739  0.86366  1.86    1290    1114    2952     3310   2.57
1980-1984    100-104    0.48431  0.92438  1.66     176     163     336      358   2.04
1980-1984    105-109    0.59337  0.95875  1.47      13      13      21       22   1.68
1980-1984    110+       0.67966  1.00000  1.47       1       1       1        1   1.47
1985-1989        0      0.01447  0.01428  0.12  100000    1428   98742  7134912  71.35
1985-1989      1-4      0.00096  0.00384  1.61   98572     379  393381  7036170  71.38
1985-1989      5-9      0.00042  0.00210  2.35   98193     206  490417  6642789  67.65
1985-1989     10-14     0.00039  0.00195  2.56   97987     191  489469  6152372  62.79
1985-1989     15-19     0.00070  0.00350  2.76   97796     342  488210  5662903  57.91
1985-1989     20-24     0.00093  0.00462  2.54   97453     450  486160  5174693  53.10
1985-1989     25-29     0.00102  0.00510  2.60   97003     495  483829  4688533  48.33
1985-1989     30-34     0.00137  0.00683  2.64   96509     660  480984  4204704  43.57
1985-1989     35-39     0.00202  0.01003  2.69   95849     961  477027  3723720  38.85
1985-1989     40-44     0.00310  0.01539  2.69   94888    1460  471068  3246692  34.22
1985-1989     45-49     0.00495  0.02446  2.68   93427    2285  461826  2775624  29.71
1985-1989     50-54     0.00766  0.03762  2.65   91142    3429  447671  2313798  25.39
1985-1989     55-59     0.01186  0.05768  2.66   87714    5060  426711  1866127  21.28
1985-1989     60-64     0.01879  0.08997  2.63   82654    7436  395648  1439417  17.41
1985-1989     65-69     0.02962  0.13837  2.62   75218   10408  351367  1043769  13.88
1985-1989     70-74     0.04906  0.21964  2.62   64810   14235  290144   692403  10.68
1985-1989     75-79     0.08196  0.34115  2.54   50576   17254  210512   402259   7.95
1985-1989     80-84     0.13788  0.50788  2.41   33322   16924  122739   191747   5.75
1985-1989     85-89     0.20884  0.66512  2.27   16398   10907   52225    69008   4.21
1985-1989     90-94     0.30861  0.79797  1.97    5491    4382   14199    16782   3.06
1985-1989     95-99     0.41855  0.89295  1.79    1109     991    2367     2583   2.33
1985-1989    100-104    0.54431  0.94690  1.56     119     112     207      216   1.82
1985-1989    105-109    0.66647  0.97318  1.36       6       6       9        9   1.50
1985-1989    110+       0.75837  1.00000  1.32       0       0       0        0   1.32
1990-1994        0      0.01562  0.01541  0.12  100000    1541   98640  7113358  71.13
1990-1994      1-4      0.00098  0.00391  1.69   98459     385  392946  7014718  71.24
1990-1994      5-9      0.00042  0.00208  2.32   98074     204  489827  6621772  67.52
1990-1994     10-14     0.00037  0.00186  2.56   97871     183  488908  6131945  62.65
1990-1994     15-19     0.00074  0.00367  2.82   97688     359  487659  5643037  57.77
1990-1994     20-24     0.00098  0.00489  2.51   97330     476  485462  5155378  52.97
1990-1994     25-29     0.00112  0.00559  2.57   96854     541  482952  4669916  48.22
1990-1994     30-34     0.00149  0.00742  2.65   96313     715  479882  4186964  43.47
1990-1994     35-39     0.00223  0.01108  2.68   95598    1059  475529  3707081  38.78
1990-1994     40-44     0.00349  0.01730  2.70   94539    1635  468927  3231552  34.18
1990-1994     45-49     0.00551  0.02721  2.67   92904    2528  458637  2762625  29.74
1990-1994     50-54     0.00819  0.04017  2.65   90376    3630  443339  2303989  25.49
1990-1994     55-59     0.01224  0.05947  2.63   86745    5159  421516  1860650  21.45
1990-1994     60-64     0.01866  0.08935  2.64   81587    7289  390721  1439134  17.64
1990-1994     65-69     0.02923  0.13670  2.63   74297   10156  347448  1048413  14.11
1990-1994     70-74     0.04693  0.21078  2.59   64141   13520  288081   700966  10.93
1990-1994     75-79     0.07854  0.32958  2.56   50622   16684  212419   412885   8.16
1990-1994     80-84     0.13105  0.48995  2.43   33938   16628  126879   200465   5.91
1990-1994     85-89     0.20649  0.65821  2.25   17310   11394   55178    73586   4.25
1990-1994     90-94     0.30039  0.78763  1.98    5916    4660   15513    18409   3.11
1990-1994     95-99     0.42289  0.89605  1.78    1256    1126    2662     2896   2.30
1990-1994    100-104    0.55403  0.95000  1.54     131     124     224      234   1.79
1990-1994    105-109    0.67934  0.97516  1.34       7       6       9       10   1.47
1990-1994    110+       0.77170  1.00000  1.30       0       0       0        0   1.30
1995-1999        0      0.01549  0.01528  0.12  100000    1528   98651  7088802  70.89
1995-1999      1-4      0.00100  0.00399  1.62   98472     393  392954  6990151  70.99
1995-1999      5-9      0.00040  0.00198  2.30   98079     194  489871  6597197  67.26
1995-1999     10-14     0.00037  0.00185  2.65   97885     182  488996  6107326  62.39
1995-1999     15-19     0.00067  0.00336  2.79   97703     328  487791  5618331  57.50
1995-1999     20-24     0.00092  0.00461  2.53   97375     448  485767  5130540  52.69
1995-1999     25-29     0.00105  0.00525  2.58   96927     509  483400  4644773  47.92
1995-1999     30-34     0.00142  0.00706  2.68   96418     681  480509  4161373  43.16
1995-1999     35-39     0.00217  0.01079  2.71   95737    1033  476319  3680864  38.45
1995-1999     40-44     0.00360  0.01787  2.66   94704    1692  469569  3204545  33.84
1995-1999     45-49     0.00580  0.02860  2.68   93012    2660  458887  2734976  29.40
1995-1999     50-54     0.00880  0.04308  2.63   90352    3892  442543  2276089  25.19
1995-1999     55-59     0.01295  0.06284  2.63   86460    5434  419447  1833546  21.21
1995-1999     60-64     0.01942  0.09282  2.62   81027    7521  387253  1414099  17.45
1995-1999     65-69     0.02932  0.13705  2.62   73506   10074  343541  1026846  13.97
1995-1999     70-74     0.04805  0.21548  2.61   63431   13668  284473   683306  10.77
1995-1999     75-79     0.07951  0.33239  2.53   49763   16541  208022   398833   8.01
1995-1999     80-84     0.13472  0.50115  2.45   33222   16649  123584   190811   5.74
1995-1999     85-89     0.21632  0.67793  2.25   16573   11235   51937    67226   4.06
1995-1999     90-94     0.33085  0.82800  1.98    5338    4420   13358    15290   2.86
1995-1999     95-99     0.46612  0.91940  1.71     918     844    1811     1931   2.10
1995-1999    100-104    0.60952  0.96392  1.45      74      71     117      121   1.63
1995-1999    105-109    0.73833  0.98240  1.26       3       3       4        4   1.35
1995-1999    110+       0.82736  1.00000  1.21       0       0       0        0   1.21
2000-2004        0      0.01324  0.01309  0.12  100000    1309   98851  7209405  72.09
2000-2004      1-4      0.00068  0.00270  1.57   98691     267  394116  7110554  72.05
2000-2004      5-9      0.00028  0.00139  2.45   98425     137  491775  6716437  68.24
2000-2004     10-14     0.00028  0.00138  2.69   98288     136  491126  6224662  63.33
2000-2004     15-19     0.00052  0.00262  2.80   98152     257  490196  5733536  58.41
2000-2004     20-24     0.00081  0.00405  2.51   97895     397  488487  5243340  53.56
2000-2004     25-29     0.00090  0.00449  2.57   97498     438  486427  4754853  48.77
2000-2004     30-34     0.00127  0.00631  2.66   97060     612  483869  4268427  43.98
2000-2004     35-39     0.00192  0.00956  2.71   96448     922  480125  3784558  39.24
2000-2004     40-44     0.00317  0.01575  2.72   95526    1505  474206  3304433  34.59
2000-2004     45-49     0.00520  0.02567  2.69   94021    2414  464529  2830227  30.10
2000-2004     50-54     0.00824  0.04042  2.65   91608    3703  449328  2365698  25.82
2000-2004     55-59     0.01221  0.05935  2.64   87905    5217  427186  1916370  21.80
2000-2004     60-64     0.01824  0.08743  2.64   82687    7229  396347  1489185  18.01
2000-2004     65-69     0.02748  0.12895  2.62   75458    9731  354138  1092838  14.48
2000-2004     70-74     0.04415  0.19975  2.62   65728   13129  297354   738700  11.24
2000-2004     75-79     0.07411  0.31384  2.56   52598   16507  222743   441346   8.39
2000-2004     80-84     0.12403  0.47012  2.43   36091   16967  136795   218603   6.06
2000-2004     85-89     0.20298  0.65412  2.28   19124   12509   61628    81807   4.28
2000-2004     90-94     0.30788  0.80507  2.04    6615    5325   17297    20179   3.05
2000-2004     95-99     0.43661  0.90465  1.76    1289    1166    2672     2883   2.24
2000-2004    100-104    0.57793  0.95683  1.50     123     118     204      211   1.72
2000-2004    105-109    0.70998  0.97936  1.30       5       5       7        7   1.41
2000-2004    110+       0.80437  1.00000  1.24       0       0       0        0   1.24
2005-2009        0      0.00964  0.00956  0.13  100000     956   99168  7304659  73.05
2005-2009      1-4      0.00050  0.00201  1.59   99044     199  395695  7205491  72.75
2005-2009      5-9      0.00029  0.00147  2.40   98845     145  493846  6809796  68.89
2005-2009     10-14     0.00029  0.00143  2.69   98700     141  493171  6315950  63.99
2005-2009     15-19     0.00052  0.00262  2.80   98558     258  492227  5822778  59.08
2005-2009     20-24     0.00079  0.00392  2.59   98301     386  490576  5330552  54.23
2005-2009     25-29     0.00091  0.00452  2.51   97915     443  488475  4839976  49.43
2005-2009     30-34     0.00115  0.00572  2.65   97473     557  486050  4351501  44.64
2005-2009     35-39     0.00174  0.00867  2.69   96915     841  482631  3865451  39.88
2005-2009     40-44     0.00292  0.01452  2.71   96075    1395  477183  3382820  35.21
2005-2009     45-49     0.00500  0.02474  2.69   94679    2342  467987  2905637  30.69
2005-2009     50-54     0.00803  0.03942  2.67   92337    3640  453212  2437650  26.40
2005-2009     55-59     0.01198  0.05824  2.62   88698    5166  431207  1984438  22.37
2005-2009     60-64     0.01736  0.08334  2.62   83532    6962  401089  1553231  18.59
2005-2009     65-69     0.02550  0.12017  2.61   76570    9202  360824  1152142  15.05
2005-2009     70-74     0.04063  0.18515  2.61   67368   12473  307011   791317  11.75
2005-2009     75-79     0.06756  0.29047  2.59   54895   15945  236020   484307   8.82
2005-2009     80-84     0.11605  0.44912  2.48   38950   17493  150742   248287   6.37
2005-2009     85-89     0.18714  0.62036  2.28   21457   13311   71127    97544   4.55
2005-2009     90-94     0.28708  0.78116  2.08    8146    6363   22165    26417   3.24
2005-2009     95-99     0.40691  0.88705  1.82    1783    1581    3886     4252   2.39
2005-2009    100-104    0.54379  0.94743  1.56     201     191     351      366   1.82
2005-2009    105-109    0.67539  0.97477  1.35      11      10      15       16   1.48
2005-2009    110+       0.77180  1.00000  1.30       0       0       0        0   1.30
2010-2014        0      0.00818  0.00812  0.13  100000     812   99295  7431185  74.31
2010-2014      1-4      0.00041  0.00163  1.52   99188     162  396349  7331890  73.92
2010-2014      5-9      0.00020  0.00101  2.34   99026     100  494863  6935541  70.04
2010-2014     10-14     0.00023  0.00115  2.58   98926     114  494354  6440677  65.11
2010-2014     15-19     0.00047  0.00235  2.81   98812     232  493551  5946324  60.18
2010-2014     20-24     0.00065  0.00325  2.54   98579     320  492110  5452773  55.31
2010-2014     25-29     0.00073  0.00366  2.63   98259     359  490444  4960663  50.49
2010-2014     30-34     0.00103  0.00515  2.58   97900     504  488278  4470219  45.66
2010-2014     35-39     0.00154  0.00768  2.67   97396     748  485232  3981941  40.88
2010-2014     40-44     0.00261  0.01298  2.76   96647    1254  480421  3496710  36.18
2010-2014     45-49     0.00444  0.02197  2.72   95393    2096  472181  3016288  31.62
2010-2014     50-54     0.00733  0.03602  2.66   93297    3360  458634  2544108  27.27
2010-2014     55-59     0.01113  0.05421  2.63   89937    4875  438141  2085474  23.19
2010-2014     60-64     0.01620  0.07798  2.61   85062    6633  409458  1647333  19.37
2010-2014     65-69     0.02347  0.11108  2.60   78429    8712  371242  1237875  15.78
2010-2014     70-74     0.03546  0.16343  2.61   69717   11394  321349   866633  12.43
2010-2014     75-79     0.05959  0.26077  2.61   58323   15209  255224   545283   9.35
2010-2014     80-84     0.10452  0.41501  2.52   43113   17893  171184   290059   6.73
2010-2014     85-89     0.17702  0.60177  2.34   25221   15177   85736   118875   4.71
2010-2014     90-94     0.27798  0.76607  2.07   10044    7694   27679    33139   3.30
2010-2014     95-99     0.41804  0.89528  1.81    2350    2103    5032     5460   2.32
2010-2014    100-104    0.56916  0.95519  1.52     246     235     413      428   1.74
2010-2014    105-109    0.71022  0.97958  1.30      11      11      15       15   1.40
2010-2014    110+       0.80913  1.00000  1.24       0       0       0        0   1.24
2015-2019        0      0.00613  0.00610  0.14  100000     610   99473  7485213  74.85
2015-2019      1-4      0.00031  0.00124  1.61   99390     123  397264  7385740  74.31
2015-2019      5-9      0.00016  0.00082  2.43   99267      81  496125  6988475  70.40
2015-2019     10-14     0.00019  0.00095  2.76   99186      94  495717  6492350  65.46
2015-2019     15-19     0.00047  0.00234  2.87   99091     232  494962  5996633  60.52
2015-2019     20-24     0.00059  0.00295  2.54   98859     292  493579  5501671  55.65
2015-2019     25-29     0.00071  0.00353  2.55   98567     348  491981  5008092  50.81
2015-2019     30-34     0.00098  0.00489  2.70   98219     480  489992  4516111  45.98
2015-2019     35-39     0.00151  0.00752  2.70   97739     735  487000  4026120  41.19
2015-2019     40-44     0.00247  0.01226  2.69   97004    1189  482270  3539120  36.48
2015-2019     45-49     0.00435  0.02156  2.71   95815    2066  474348  3056850  31.90
2015-2019     50-54     0.00708  0.03483  2.68   93749    3265  461159  2582502  27.55
2015-2019     55-59     0.01117  0.05440  2.64   90484    4922  440819  2121344  23.44
2015-2019     60-64     0.01654  0.07957  2.61   85562    6809  411549  1680524  19.64
2015-2019     65-69     0.02344  0.11093  2.59   78753    8736  372711  1268975  16.11
2015-2019     70-74     0.03440  0.15891  2.60   70017   11126  323389   896264  12.80
2015-2019     75-79     0.05479  0.24213  2.60   58891   14260  260249   572876   9.73
2015-2019     80-84     0.09640  0.38927  2.53   44631   17374  180220   312627   7.00
2015-2019     85-89     0.16744  0.58191  2.38   27258   15862   94731   132407   4.86
2015-2019     90-94     0.27810  0.77149  2.11   11396    8792   31614    37676   3.31
2015-2019     95-99     0.41687  0.89535  1.81    2604    2332    5593     6063   2.33
2015-2019    100-104    0.57556  0.95721  1.51     273     261     453      469   1.72
2015-2019    105-109    0.72288  0.98117  1.29      12      11      16       16   1.38
2015-2019    110+       0.82439  1.00000  1.21       0       0       0        0   1.21
2020-2021        0      0.00527  0.00525  0.14  100000     525   99548  7246105  72.46
2020-2021      1-4      0.00027  0.00108  1.60   99475     107  397643  7146558  71.84
2020-2021      5-9      0.00014  0.00072  2.48   99368      71  496661  6748914  67.92
2020-2021     10-14     0.00019  0.00094  2.97   99297      93  496295  6252254  62.97
2020-2021     15-19     0.00043  0.00215  2.89   99204     213  495568  5755959  58.02
2020-2021     20-24     0.00072  0.00359  2.72   98991     355  494142  5260391  53.14
2020-2021     25-29     0.00079  0.00396  2.72   98635     391  492286  4766249  48.32
2020-2021     30-34     0.00112  0.00558  2.70   98245     548  489959  4273963  43.50
2020-2021     35-39     0.00186  0.00927  2.78   97696     906  486474  3784004  38.73
2020-2021     40-44     0.00308  0.01530  2.67   96790    1481  480500  3297530  34.07
2020-2021     45-49     0.00531  0.02623  2.71   95309    2500  470824  2817029  29.56
2020-2021     50-54     0.00875  0.04289  2.69   92810    3981  454867  2346205  25.28
2020-2021     55-59     0.01414  0.06839  2.63   88829    6075  429722  1891338  21.29
2020-2021     60-64     0.02149  0.10222  2.62   82753    8459  393663  1461616  17.66
2020-2021     65-69     0.03125  0.14537  2.60   74295   10800  345570  1067953  14.37
2020-2021     70-74     0.04647  0.20877  2.57   63494   13256  285251   722382  11.38
2020-2021     75-79     0.07091  0.30177  2.53   50238   15160  213802   437131   8.70
2020-2021     80-84     0.11368  0.44188  2.48   35078   15500  136351   223329   6.37
2020-2021     85-89     0.19000  0.62997  2.33   19578   12333   64913    86978   4.44
2020-2021     90-94     0.30729  0.80510  2.04    7244    5832   18981    22066   3.05
2020-2021     95-99     0.44705  0.91134  1.75    1412    1287    2878     3085   2.18
2020-2021    100-104    0.60161  0.96281  1.47     125     121     200      207   1.65
2020-2021    105-109    0.74069  0.98284  1.26       5       5       6        6   1.35
2020-2021    110+       0.83485  1.00000  1.20       0       0       0        0   1.20
