Chile, Life tables (period 5x5), Total	Last modified: 18 Apr 2022;  Methods Protocol: v6 (2017)

  Year          Age         mx       qx    ax      lx      dx      Lx       Tx     ex
1992-1994        0      0.01387  0.01370  0.12  100000    1370   98796  7469973  74.70
1992-1994      1-4      0.00066  0.00265  1.46   98630     261  393857  7371178  74.74
1992-1994      5-9      0.00027  0.00134  2.41   98369     132  491502  6977321  70.93
1992-1994     10-14     0.00029  0.00145  2.68   98237     143  490854  6485819  66.02
1992-1994     15-19     0.00064  0.00318  2.74   98094     312  489765  5994966  61.11
1992-1994     20-24     0.00097  0.00486  2.54   97782     475  487741  5505201  56.30
1992-1994     25-29     0.00113  0.00565  2.51   97307     550  485164  5017459  51.56
1992-1994     30-34     0.00126  0.00630  2.55   96757     609  482292  4532295  46.84
1992-1994     35-39     0.00171  0.00853  2.60   96148     820  478772  4050004  42.12
1992-1994     40-44     0.00240  0.01191  2.63   95328    1136  473951  3571231  37.46
1992-1994     45-49     0.00383  0.01900  2.62   94193    1789  466700  3097280  32.88
1992-1994     50-54     0.00575  0.02834  2.64   92403    2619  455840  2630580  28.47
1992-1994     55-59     0.00899  0.04403  2.66   89784    3953  439676  2174740  24.22
1992-1994     60-64     0.01425  0.06892  2.65   85831    5915  415254  1735064  20.21
1992-1994     65-69     0.02211  0.10515  2.68   79916    8403  380085  1319810  16.52
1992-1994     70-74     0.03604  0.16575  2.58   71512   11853  328895   939724  13.14
1992-1994     75-79     0.05725  0.25136  2.58   59659   14996  261962   610829  10.24
1992-1994     80-84     0.08752  0.35942  2.51   44663   16053  183411   348867   7.81
1992-1994     85-89     0.13763  0.50710  2.41   28610   14508  105416   165456   5.78
1992-1994     90-94     0.20618  0.65550  2.22   14102    9244   44834    60040   4.26
1992-1994     95-99     0.29987  0.79400  2.04    4858    3857   12863    15206   3.13
1992-1994    100-104    0.41591  0.89162  1.80    1001     892    2145     2343   2.34
1992-1994    105-109    0.54430  0.94710  1.56     108     103     189      198   1.82
1992-1994    110+       0.64972  1.00000  1.54       6       6       9        9   1.54
1995-1999        0      0.01110  0.01099  0.13  100000    1099   99040  7562410  75.62
1995-1999      1-4      0.00055  0.00218  1.66   98901     216  395097  7463370  75.46
1995-1999      5-9      0.00025  0.00124  2.37   98685     122  493103  7068273  71.62
1995-1999     10-14     0.00027  0.00133  2.71   98563     131  492512  6575171  66.71
1995-1999     15-19     0.00058  0.00290  2.81   98432     285  491533  6082658  61.80
1995-1999     20-24     0.00092  0.00461  2.58   98147     452  489638  5591126  56.97
1995-1999     25-29     0.00105  0.00523  2.57   97695     511  487234  5101488  52.22
1995-1999     30-34     0.00126  0.00629  2.58   97184     611  484442  4614254  47.48
1995-1999     35-39     0.00157  0.00782  2.62   96572     755  481063  4129812  42.76
1995-1999     40-44     0.00231  0.01150  2.66   95817    1101  476511  3648749  38.08
1995-1999     45-49     0.00350  0.01734  2.69   94716    1643  469783  3172239  33.49
1995-1999     50-54     0.00556  0.02745  2.67   93073    2554  459418  2702456  29.04
1995-1999     55-59     0.00852  0.04175  2.64   90519    3779  443684  2243039  24.78
1995-1999     60-64     0.01315  0.06379  2.68   86740    5534  420846  1799354  20.74
1995-1999     65-69     0.02068  0.09852  2.62   81207    8001  386967  1378508  16.98
1995-1999     70-74     0.03330  0.15434  2.64   73206   11299  339319   991542  13.54
1995-1999     75-79     0.05249  0.23281  2.57   61907   14413  274562   652223  10.54
1995-1999     80-84     0.08305  0.34443  2.52   47495   16358  196962   377661   7.95
1995-1999     85-89     0.13475  0.49944  2.41   31136   15551  115402   180699   5.80
1995-1999     90-94     0.20991  0.66535  2.25   15585   10370   49400    65296   4.19
1995-1999     95-99     0.30864  0.80453  2.03    5216    4196   13596    15896   3.05
1995-1999    100-104    0.43264  0.90188  1.77    1020     919    2125     2300   2.26
1995-1999    105-109    0.56774  0.95394  1.52     100      95     168      175   1.75
1995-1999    110+       0.67689  1.00000  1.48       5       5       7        7   1.48
2000-2004        0      0.00893  0.00886  0.13  100000     886   99230  7712172  77.12
2000-2004      1-4      0.00046  0.00184  1.59   99114     182  396017  7612942  76.81
2000-2004      5-9      0.00020  0.00102  2.41   98932     101  494396  7216925  72.95
2000-2004     10-14     0.00023  0.00115  2.71   98831     113  493894  6722529  68.02
2000-2004     15-19     0.00053  0.00263  2.84   98717     260  493023  6228635  63.10
2000-2004     20-24     0.00082  0.00410  2.54   98457     404  491293  5735612  58.25
2000-2004     25-29     0.00094  0.00468  2.53   98054     459  489132  5244318  53.48
2000-2004     30-34     0.00110  0.00551  2.60   97595     537  486681  4755186  48.72
2000-2004     35-39     0.00140  0.00698  2.62   97057     678  483671  4268505  43.98
2000-2004     40-44     0.00198  0.00986  2.65   96379     951  479660  3784834  39.27
2000-2004     45-49     0.00307  0.01522  2.65   95429    1453  473731  3305174  34.64
2000-2004     50-54     0.00471  0.02331  2.68   93976    2191  464802  2831443  30.13
2000-2004     55-59     0.00759  0.03731  2.66   91785    3425  450907  2366641  25.78
2000-2004     60-64     0.01167  0.05679  2.61   88361    5018  429829  1915735  21.68
2000-2004     65-69     0.01836  0.08803  2.68   83343    7337  399667  1485906  17.83
2000-2004     70-74     0.02954  0.13793  2.60   76006   10484  354883  1086239  14.29
2000-2004     75-79     0.04716  0.21197  2.62   65522   13889  294511   731356  11.16
2000-2004     80-84     0.07489  0.31607  2.53   51633   16320  217916   436845   8.46
2000-2004     85-89     0.12123  0.46349  2.46   35314   16368  135012   218929   6.20
2000-2004     90-94     0.19449  0.63802  2.30   18946   12088   62153    83917   4.43
2000-2004     95-99     0.29383  0.78854  2.06    6858    5408   18405    21764   3.17
2000-2004    100-104    0.42016  0.89531  1.80    1450    1298    3090     3359   2.32
2000-2004    105-109    0.55997  0.95219  1.53     152     145     258      269   1.77
2000-2004    110+       0.67355  1.00000  1.48       7       7      11       11   1.48
2005-2009        0      0.00820  0.00815  0.13  100000     815   99293  7805029  78.05
2005-2009      1-4      0.00035  0.00140  1.52   99185     139  396397  7705735  77.69
2005-2009      5-9      0.00018  0.00089  2.43   99046      88  495006  7309338  73.80
2005-2009     10-14     0.00020  0.00101  2.73   98958     100  494565  6814333  68.86
2005-2009     15-19     0.00052  0.00261  2.79   98858     258  493722  6319768  63.93
2005-2009     20-24     0.00077  0.00386  2.59   98601     381  492086  5826046  59.09
2005-2009     25-29     0.00087  0.00436  2.57   98220     428  490061  5333960  54.31
2005-2009     30-34     0.00105  0.00525  2.60   97792     513  487729  4843899  49.53
2005-2009     35-39     0.00133  0.00665  2.61   97279     647  484850  4356170  44.78
2005-2009     40-44     0.00186  0.00927  2.64   96632     896  481046  3871321  40.06
2005-2009     45-49     0.00275  0.01368  2.66   95736    1309  475623  3390274  35.41
2005-2009     50-54     0.00426  0.02108  2.66   94427    1990  467486  2914652  30.87
2005-2009     55-59     0.00664  0.03269  2.69   92437    3022  455215  2447165  26.47
2005-2009     60-64     0.01088  0.05303  2.66   89415    4742  435995  1991950  22.28
2005-2009     65-69     0.01676  0.08061  2.63   84673    6826  407157  1555955  18.38
2005-2009     70-74     0.02628  0.12381  2.67   77847    9638  366767  1148798  14.76
2005-2009     75-79     0.04370  0.19776  2.60   68209   13489  308670   782030  11.47
2005-2009     80-84     0.07366  0.31151  2.53   54720   17046  231424   473361   8.65
2005-2009     85-89     0.11560  0.44660  2.45   37674   16825  145547   241937   6.42
2005-2009     90-94     0.18511  0.61809  2.31   20849   12887   69614    96389   4.62
2005-2009     95-99     0.27498  0.76463  2.10    7963    6088   22141    26775   3.36
2005-2009    100-104    0.39144  0.87636  1.85    1874    1642    4196     4634   2.47
2005-2009    105-109    0.52343  0.94087  1.60     232     218     417      438   1.89
2005-2009    110+       0.63312  1.00000  1.58      14      14      22       22   1.58
2010-2014        0      0.00742  0.00737  0.13  100000     737   99362  7876758  78.77
2010-2014      1-4      0.00030  0.00119  1.63   99263     119  396771  7777396  78.35
2010-2014      5-9      0.00015  0.00074  2.43   99144      74  495533  7380625  74.44
2010-2014     10-14     0.00018  0.00092  2.76   99071      91  495149  6885093  69.50
2010-2014     15-19     0.00047  0.00236  2.80   98980     233  494385  6389943  64.56
2010-2014     20-24     0.00068  0.00338  2.58   98746     334  492923  5895558  59.70
2010-2014     25-29     0.00078  0.00388  2.58   98412     382  491136  5402636  54.90
2010-2014     30-34     0.00093  0.00466  2.56   98031     457  489039  4911499  50.10
2010-2014     35-39     0.00122  0.00607  2.65   97574     592  486477  4422461  45.32
2010-2014     40-44     0.00177  0.00881  2.66   96982     854  482912  3935984  40.58
2010-2014     45-49     0.00260  0.01295  2.66   96128    1244  477727  3453072  35.92
2010-2014     50-54     0.00395  0.01957  2.68   94883    1857  470105  2975345  31.36
2010-2014     55-59     0.00615  0.03031  2.67   93026    2819  458565  2505240  26.93
2010-2014     60-64     0.00971  0.04748  2.67   90207    4283  441062  2046675  22.69
2010-2014     65-69     0.01563  0.07539  2.65   85924    6478  414421  1605612  18.69
2010-2014     70-74     0.02433  0.11499  2.62   79446    9136  375524  1191192  14.99
2010-2014     75-79     0.03963  0.18117  2.64   70310   12738  321447   815668  11.60
2010-2014     80-84     0.07312  0.31121  2.61   57572   17917  245022   494221   8.58
2010-2014     85-89     0.12007  0.45889  2.43   39655   18197  151556   249199   6.28
2010-2014     90-94     0.18740  0.62220  2.30   21458   13351   71241    97643   4.55
2010-2014     95-99     0.28527  0.77794  2.08    8107    6307   22107    26402   3.26
2010-2014    100-104    0.40697  0.88697  1.82    1800    1597    3923     4295   2.39
2010-2014    105-109    0.54343  0.94738  1.56     203     193     355      371   1.82
2010-2014    110+       0.65582  1.00000  1.52      11      11      16       16   1.52
2015-2019        0      0.00679  0.00675  0.14  100000     675   99416  7974252  79.74
2015-2019      1-4      0.00027  0.00106  1.56   99325     105  397044  7874836  79.28
2015-2019      5-9      0.00013  0.00066  2.46   99220      66  495932  7477792  75.37
2015-2019     10-14     0.00016  0.00081  2.80   99154      80  495594  6981860  70.41
2015-2019     15-19     0.00044  0.00222  2.85   99074     220  494897  6486266  65.47
2015-2019     20-24     0.00064  0.00318  2.57   98854     314  493508  5991369  60.61
2015-2019     25-29     0.00075  0.00377  2.58   98540     371  491804  5497860  55.79
2015-2019     30-34     0.00090  0.00449  2.63   98169     441  489800  5006057  50.99
2015-2019     35-39     0.00118  0.00588  2.61   97728     575  487264  4516256  46.21
2015-2019     40-44     0.00164  0.00815  2.67   97153     792  483920  4028993  41.47
2015-2019     45-49     0.00239  0.01188  2.65   96361    1145  479120  3545073  36.79
2015-2019     50-54     0.00363  0.01799  2.65   95217    1713  472057  3065953  32.20
2015-2019     55-59     0.00554  0.02733  2.67   93504    2555  461560  2593896  27.74
2015-2019     60-64     0.00869  0.04258  2.67   90948    3873  445711  2132336  23.45
2015-2019     65-69     0.01379  0.06680  2.66   87076    5816  421779  1686624  19.37
2015-2019     70-74     0.02190  0.10412  2.63   81259    8461  386275  1264845  15.57
2015-2019     75-79     0.03506  0.16187  2.63   72798   11784  336062   878570  12.07
2015-2019     80-84     0.05899  0.25834  2.60   61015   15762  267201   542508   8.89
2015-2019     85-89     0.12010  0.46521  2.58   45252   21052  175288   275307   6.08
2015-2019     90-94     0.20884  0.66235  2.24   24200   16029   76752   100019   4.13
2015-2019     95-99     0.33120  0.83152  2.01    8171    6794   20515    23267   2.85
2015-2019    100-104    0.49154  0.93206  1.67    1377    1283    2610     2752   2.00
2015-2019    105-109    0.65719  0.97323  1.38      94      91     139      142   1.52
2015-2019    110+       0.77968  1.00000  1.28       3       3       3        3   1.28
