Denmark, Life tables (period 5x5), Total	Last modified: 22 Mar 2022;  Methods Protocol: v6 (2017)

  Year          Age         mx       qx    ax      lx      dx      Lx       Tx     ex
1835-1839        0      0.20215  0.17727  0.31  100000   17727   87693  4097458  40.97
1835-1839      1-4      0.02898  0.10797  1.46   82273    8883  306540  4009765  48.74
1835-1839      5-9      0.00894  0.04365  2.29   73390    3204  358270  3703226  50.46
1835-1839     10-14     0.00570  0.02806  2.36   70186    1970  345739  3344955  47.66
1835-1839     15-19     0.00552  0.02722  2.58   68217    1857  336598  2999216  43.97
1835-1839     20-24     0.00769  0.03777  2.59   66360    2506  325751  2662618  40.12
1835-1839     25-29     0.00833  0.04082  2.51   63854    2606  312770  2336867  36.60
1835-1839     30-34     0.00966  0.04717  2.56   61247    2889  299187  2024097  33.05
1835-1839     35-39     0.01212  0.05884  2.55   58358    3434  283375  1724910  29.56
1835-1839     40-44     0.01324  0.06408  2.52   54925    3520  265887  1441535  26.25
1835-1839     45-49     0.01713  0.08223  2.58   51405    4227  246815  1175648  22.87
1835-1839     50-54     0.02071  0.09849  2.52   47178    4647  224376   928833  19.69
1835-1839     55-59     0.02683  0.12597  2.58   42531    5358  199704   704457  16.56
1835-1839     60-64     0.03938  0.17973  2.57   37173    6681  169658   504753  13.58
1835-1839     65-69     0.05446  0.23990  2.52   30492    7315  134312   335095  10.99
1835-1839     70-74     0.07951  0.33150  2.49   23177    7683   96636   200784   8.66
1835-1839     75-79     0.11088  0.43098  2.42   15494    6678   60224   104147   6.72
1835-1839     80-84     0.17165  0.58935  2.34    8816    5196   30271    43923   4.98
1835-1839     85-89     0.24705  0.72043  2.11    3620    2608   10557    13652   3.77
1835-1839     90-94     0.31151  0.80320  1.99    1012     813    2610     3095   3.06
1835-1839     95-99     0.40040  0.87857  1.81     199     175     437      485   2.44
1835-1839    100-104    0.49631  0.92823  1.63      24      22      45       48   1.99
1835-1839    105-109    0.59197  0.95768  1.47       2       2       3        3   1.68
1835-1839    110+       0.66660  1.00000  1.50       0       0       0        0   1.50
1840-1844        0      0.20317  0.17806  0.31  100000   17806   87639  4285669  42.86
1840-1844      1-4      0.02262  0.08555  1.45   82194    7032  310834  4198029  51.07
1840-1844      5-9      0.00750  0.03680  2.37   75163    2766  368547  3887196  51.72
1840-1844     10-14     0.00514  0.02534  2.37   72397    1835  357155  3518649  48.60
1840-1844     15-19     0.00555  0.02741  2.62   70562    1934  348203  3161493  44.80
1840-1844     20-24     0.00737  0.03617  2.53   68628    2482  337018  2813291  40.99
1840-1844     25-29     0.00758  0.03718  2.52   66146    2460  324623  2476273  37.44
1840-1844     30-34     0.00879  0.04302  2.56   63686    2740  311739  2151650  33.79
1840-1844     35-39     0.01046  0.05098  2.54   60946    3107  297092  1839911  30.19
1840-1844     40-44     0.01273  0.06173  2.56   57839    3571  280500  1542819  26.67
1840-1844     45-49     0.01535  0.07397  2.54   54268    4014  261459  1262318  23.26
1840-1844     50-54     0.01937  0.09252  2.57   50254    4650  239994  1000860  19.92
1840-1844     55-59     0.02562  0.12065  2.59   45605    5502  214762   760866  16.68
1840-1844     60-64     0.03828  0.17501  2.55   40103    7018  183353   546104  13.62
1840-1844     65-69     0.05280  0.23394  2.57   33084    7740  146594   362751  10.96
1840-1844     70-74     0.08220  0.34046  2.48   25345    8629  104977   216157   8.53
1840-1844     75-79     0.11449  0.44197  2.42   16716    7388   64529   111180   6.65
1840-1844     80-84     0.17095  0.58774  2.34    9328    5482   32070    46651   5.00
1840-1844     85-89     0.24269  0.71378  2.12    3845    2745   11310    14582   3.79
1840-1844     90-94     0.32100  0.81369  1.97    1101     896    2790     3272   2.97
1840-1844     95-99     0.41597  0.88897  1.78     205     182     438      482   2.35
1840-1844    100-104    0.51732  0.93646  1.59      23      21      41       44   1.91
1840-1844    105-109    0.61737  0.96354  1.43       1       1       2        2   1.61
1840-1844    110+       0.69542  1.00000  1.44       0       0       0        0   1.44
1845-1849        0      0.21858  0.18978  0.31  100000   18978   86825  4091021  40.91
1845-1849      1-4      0.02765  0.10342  1.49   81022    8379  303014  4004196  49.42
1845-1849      5-9      0.00921  0.04494  2.27   72643    3264  354294  3701182  50.95
1845-1849     10-14     0.00559  0.02754  2.35   69378    1910  341835  3346889  48.24
1845-1849     15-19     0.00575  0.02838  2.65   67468    1915  332847  3005054  44.54
1845-1849     20-24     0.00848  0.04154  2.53   65553    2723  321048  2672207  40.76
1845-1849     25-29     0.00793  0.03888  2.46   62830    2443  307944  2351158  37.42
1845-1849     30-34     0.00892  0.04364  2.57   60387    2635  295526  2043214  33.84
1845-1849     35-39     0.01048  0.05110  2.54   57752    2951  281494  1747687  30.26
1845-1849     40-44     0.01210  0.05875  2.54   54801    3219  266073  1466193  26.75
1845-1849     45-49     0.01505  0.07258  2.57   51582    3744  248827  1200120  23.27
1845-1849     50-54     0.01890  0.09034  2.56   47838    4322  228639   951293  19.89
1845-1849     55-59     0.02613  0.12296  2.60   43516    5351  204748   722654  16.61
1845-1849     60-64     0.03707  0.16997  2.56   38165    6487  175001   517906  13.57
1845-1849     65-69     0.05421  0.23933  2.55   31678    7582  139845   342904  10.82
1845-1849     70-74     0.08249  0.34218  2.51   24097    8245   99953   203060   8.43
1845-1849     75-79     0.11976  0.45667  2.40   15851    7239   60446   103106   6.50
1845-1849     80-84     0.17340  0.59226  2.32    8612    5101   29415    42661   4.95
1845-1849     85-89     0.24512  0.71778  2.11    3512    2521   10283    13245   3.77
1845-1849     90-94     0.31914  0.81247  1.98     991     805    2523     2962   2.99
1845-1849     95-99     0.41384  0.88738  1.78     186     165     399      439   2.36
1845-1849    100-104    0.51225  0.93443  1.60      21      20      38       40   1.93
1845-1849    105-109    0.60956  0.96177  1.44       1       1       2        2   1.63
1845-1849    110+       0.68575  1.00000  1.46       0       0       0        0   1.46
1850-1854        0      0.20432  0.17894  0.31  100000   17894   87577  4274345  42.74
1850-1854      1-4      0.02371  0.08966  1.56   82106    7362  310473  4186767  50.99
1850-1854      5-9      0.00844  0.04122  2.17   74745    3081  365005  3876295  51.86
1850-1854     10-14     0.00498  0.02457  2.40   71663    1761  353746  3511289  49.00
1850-1854     15-19     0.00531  0.02624  2.62   69903    1834  345155  3157543  45.17
1850-1854     20-24     0.00752  0.03694  2.55   68068    2515  334174  2812388  41.32
1850-1854     25-29     0.00750  0.03680  2.49   65554    2413  321703  2478214  37.80
1850-1854     30-34     0.00842  0.04127  2.55   63141    2606  309325  2156511  34.15
1850-1854     35-39     0.01029  0.05018  2.58   60535    3038  295315  1847186  30.51
1850-1854     40-44     0.01237  0.06001  2.53   57497    3450  278971  1551872  26.99
1850-1854     45-49     0.01453  0.07017  2.57   54047    3792  261012  1272901  23.55
1850-1854     50-54     0.02021  0.09636  2.58   50255    4842  239564  1011889  20.14
1850-1854     55-59     0.02477  0.11678  2.56   45412    5303  214095   772326  17.01
1850-1854     60-64     0.03632  0.16690  2.58   40109    6694  184313   558231  13.92
1850-1854     65-69     0.04903  0.21893  2.56   33415    7315  149207   373918  11.19
1850-1854     70-74     0.08007  0.33384  2.51   26099    8713  108821   224711   8.61
1850-1854     75-79     0.11434  0.44233  2.44   17386    7691   67259   115890   6.67
1850-1854     80-84     0.17055  0.58577  2.33    9696    5679   33301    48631   5.02
1850-1854     85-89     0.24054  0.71227  2.14    4016    2861   11893    15330   3.82
1850-1854     90-94     0.32076  0.81366  1.97    1156     940    2931     3438   2.97
1850-1854     95-99     0.41587  0.88881  1.78     215     191     460      506   2.35
1850-1854    100-104    0.51604  0.93589  1.60      24      22      43       46   1.92
1850-1854    105-109    0.61463  0.96290  1.43       2       1       2        2   1.62
1850-1854    110+       0.69172  1.00000  1.45       0       0       0        0   1.45
1855-1859        0      0.14809  0.13428  0.31  100000   13428   90678  4383940  43.84
1855-1859      1-4      0.02870  0.10752  1.63   86572    9308  324268  4293262  49.59
1855-1859      5-9      0.01127  0.05457  2.13   77264    4216  374238  3968994  51.37
1855-1859     10-14     0.00587  0.02889  2.33   73047    2110  359592  3594756  49.21
1855-1859     15-19     0.00547  0.02701  2.59   70937    1916  350060  3235164  45.61
1855-1859     20-24     0.00713  0.03503  2.56   69021    2417  339210  2885104  41.80
1855-1859     25-29     0.00754  0.03699  2.50   66604    2464  326854  2545894  38.22
1855-1859     30-34     0.00838  0.04103  2.53   64140    2632  314207  2219040  34.60
1855-1859     35-39     0.00966  0.04718  2.55   61508    2902  300428  1904833  30.97
1855-1859     40-44     0.01156  0.05621  2.55   58606    3294  284965  1604405  27.38
1855-1859     45-49     0.01350  0.06534  2.57   55312    3614  267764  1319439  23.85
1855-1859     50-54     0.01799  0.08618  2.57   51698    4455  247658  1051675  20.34
1855-1859     55-59     0.02423  0.11451  2.60   47243    5410  223240   804017  17.02
1855-1859     60-64     0.03426  0.15813  2.57   41833    6615  193070   580777  13.88
1855-1859     65-69     0.05136  0.22846  2.58   35218    8046  156652   387707  11.01
1855-1859     70-74     0.07856  0.32853  2.51   27172    8927  113626   231056   8.50
1855-1859     75-79     0.12077  0.46057  2.42   18245    8403   69579   117429   6.44
1855-1859     80-84     0.17261  0.59279  2.36    9842    5834   33801    47850   4.86
1855-1859     85-89     0.26425  0.74626  2.08    4008    2991   11318    14049   3.51
1855-1859     90-94     0.35726  0.85161  1.93    1017     866    2424     2731   2.69
1855-1859     95-99     0.48352  0.92529  1.66     151     140     289      307   2.04
1855-1859    100-104    0.60723  0.96251  1.45      11      11      18       18   1.64
1855-1859    105-109    0.71961  0.97999  1.29       0       0       1        1   1.39
1855-1859    110+       0.80046  1.00000  1.25       0       0       0        0   1.25
1860-1864        0      0.14590  0.13248  0.31  100000   13248   90803  4548789  45.49
1860-1864      1-4      0.02426  0.09155  1.52   86752    7942  327331  4457986  51.39
1860-1864      5-9      0.00872  0.04257  2.21   78810    3355  384680  4130655  52.41
1860-1864     10-14     0.00557  0.02747  2.40   75455    2073  371882  3745974  49.65
1860-1864     15-19     0.00532  0.02628  2.57   73382    1929  362221  3374092  45.98
1860-1864     20-24     0.00735  0.03611  2.58   71453    2580  351019  3011871  42.15
1860-1864     25-29     0.00781  0.03830  2.48   68873    2638  337719  2660852  38.63
1860-1864     30-34     0.00816  0.04000  2.53   66235    2649  324638  2323133  35.07
1860-1864     35-39     0.00952  0.04650  2.53   63586    2957  310612  1998495  31.43
1860-1864     40-44     0.01070  0.05215  2.54   60629    3162  295362  1687883  27.84
1860-1864     45-49     0.01280  0.06209  2.58   57468    3568  278688  1392520  24.23
1860-1864     50-54     0.01719  0.08250  2.58   53899    4447  258722  1113832  20.67
1860-1864     55-59     0.02269  0.10758  2.59   49453    5320  234451   855110  17.29
1860-1864     60-64     0.03492  0.16112  2.61   44132    7111  203646   620659  14.06
1860-1864     65-69     0.04953  0.22069  2.53   37022    8170  164954   417012  11.26
1860-1864     70-74     0.07608  0.32034  2.54   28851    9242  121483   252058   8.74
1860-1864     75-79     0.11191  0.43473  2.43   19609    8525   76176   130575   6.66
1860-1864     80-84     0.17247  0.59096  2.34   11085    6550   37981    54399   4.91
1860-1864     85-89     0.25314  0.73455  2.14    4534    3330   13157    16418   3.62
1860-1864     90-94     0.35569  0.84483  1.89    1204    1017    2859     3261   2.71
1860-1864     95-99     0.45596  0.91120  1.71     187     170     373      403   2.16
1860-1864    100-104    0.56015  0.94991  1.52      17      16      28       29   1.77
1860-1864    105-109    0.65782  0.97095  1.37       1       1       1        1   1.52
1860-1864    110+       0.73331  1.00000  1.36       0       0       0        0   1.36
1865-1869        0      0.14831  0.13447  0.31  100000   13447   90667  4382974  43.83
1865-1869      1-4      0.03006  0.11225  1.63   86553    9715  323150  4292307  49.59
1865-1869      5-9      0.01204  0.05819  2.15   76838    4471  371470  3969157  51.66
1865-1869     10-14     0.00663  0.03256  2.35   72367    2356  355584  3597687  49.71
1865-1869     15-19     0.00614  0.03022  2.56   70011    2116  344894  3242103  46.31
1865-1869     20-24     0.00744  0.03650  2.51   67895    2478  333310  2897209  42.67
1865-1869     25-29     0.00738  0.03622  2.50   65417    2369  321156  2563899  39.19
1865-1869     30-34     0.00816  0.04000  2.53   63048    2522  309008  2242743  35.57
1865-1869     35-39     0.00923  0.04513  2.54   60526    2732  295907  1933735  31.95
1865-1869     40-44     0.01050  0.05115  2.52   57794    2956  281640  1637828  28.34
1865-1869     45-49     0.01241  0.06025  2.57   54838    3304  266167  1356188  24.73
1865-1869     50-54     0.01629  0.07838  2.58   51534    4039  247909  1090021  21.15
1865-1869     55-59     0.02191  0.10407  2.59   47495    4943  225582   842112  17.73
1865-1869     60-64     0.03176  0.14744  2.58   42553    6274  197571   616531  14.49
1865-1869     65-69     0.04759  0.21348  2.59   36279    7745  162726   418959  11.55
1865-1869     70-74     0.07230  0.30611  2.50   28534    8734  120802   256234   8.98
1865-1869     75-79     0.10931  0.42819  2.47   19799    8478   77561   135432   6.84
1865-1869     80-84     0.16183  0.56620  2.35   11322    6410   39611    57870   5.11
1865-1869     85-89     0.24550  0.72339  2.16    4911    3553   14472    18260   3.72
1865-1869     90-94     0.34299  0.83721  1.94    1359    1137    3316     3788   2.79
1865-1869     95-99     0.46003  0.91455  1.71     221     202     440      472   2.13
1865-1869    100-104    0.58083  0.95637  1.49      19      18      31       32   1.71
1865-1869    105-109    0.69361  0.97677  1.32       1       1       1        1   1.44
1865-1869    110+       0.77704  1.00000  1.29       0       0       0        0   1.29
1870-1874        0      0.14643  0.13292  0.31  100000   13292   90772  4660812  46.61
1870-1874      1-4      0.02039  0.07761  1.50   86708    6729  329981  4570040  52.71
1870-1874      5-9      0.00757  0.03706  2.24   79979    2964  391721  4240059  53.01
1870-1874     10-14     0.00516  0.02548  2.44   77015    1962  380043  3848338  49.97
1870-1874     15-19     0.00561  0.02770  2.58   75053    2079  370235  3468295  46.21
1870-1874     20-24     0.00705  0.03467  2.54   72974    2530  358660  3098060  42.45
1870-1874     25-29     0.00726  0.03565  2.48   70444    2512  345900  2739401  38.89
1870-1874     30-34     0.00811  0.03975  2.57   67933    2700  333107  2393501  35.23
1870-1874     35-39     0.00974  0.04753  2.52   65232    3101  318479  2060394  31.59
1870-1874     40-44     0.01082  0.05270  2.54   62131    3274  302596  1741916  28.04
1870-1874     45-49     0.01315  0.06370  2.56   58857    3749  285127  1439320  24.45
1870-1874     50-54     0.01689  0.08114  2.57   55108    4472  264686  1154193  20.94
1870-1874     55-59     0.02239  0.10620  2.59   50636    5378  240236   889507  17.57
1870-1874     60-64     0.03281  0.15207  2.60   45258    6882  209762   649271  14.35
1870-1874     65-69     0.04883  0.21806  2.55   38376    8368  171381   439508  11.45
1870-1874     70-74     0.07387  0.31252  2.54   30008    9378  126960   268127   8.94
1870-1874     75-79     0.10994  0.42775  2.41   20630    8824   80265   141168   6.84
1870-1874     80-84     0.16014  0.56211  2.35   11805    6636   41438    60903   5.16
1870-1874     85-89     0.24038  0.71536  2.17    5169    3698   15384    19465   3.77
1870-1874     90-94     0.34516  0.83855  1.93    1471    1234    3575     4081   2.77
1870-1874     95-99     0.46115  0.91513  1.70     238     217     471      506   2.13
1870-1874    100-104    0.58214  0.95666  1.49      20      19      33       34   1.71
1870-1874    105-109    0.69403  0.97678  1.32       1       1       1        1   1.44
1870-1874    110+       0.77634  1.00000  1.29       0       0       0        0   1.29
1875-1879        0      0.15446  0.13950  0.31  100000   13950   90316  4629582  46.30
1875-1879      1-4      0.02137  0.08118  1.52   86050    6986  326871  4539266  52.75
1875-1879      5-9      0.00851  0.04157  2.21   79064    3286  386165  4212395  53.28
1875-1879     10-14     0.00536  0.02645  2.42   75778    2004  373725  3826230  50.49
1875-1879     15-19     0.00557  0.02747  2.57   73774    2027  363943  3452505  46.80
1875-1879     20-24     0.00698  0.03433  2.54   71747    2463  352665  3088563  43.05
1875-1879     25-29     0.00719  0.03531  2.51   69284    2447  340314  2735897  39.49
1875-1879     30-34     0.00800  0.03922  2.52   66837    2621  327694  2395583  35.84
1875-1879     35-39     0.00902  0.04414  2.55   64216    2834  314121  2067890  32.20
1875-1879     40-44     0.01025  0.04999  2.52   61381    3068  299308  1753769  28.57
1875-1879     45-49     0.01226  0.05953  2.58   58313    3471  283152  1454461  24.94
1875-1879     50-54     0.01619  0.07789  2.57   54841    4272  263811  1171309  21.36
1875-1879     55-59     0.02118  0.10073  2.58   50570    5094  240523   907498  17.95
1875-1879     60-64     0.03014  0.14057  2.61   45476    6393  212069   666975  14.67
1875-1879     65-69     0.04618  0.20776  2.59   39083    8120  175820   454906  11.64
1875-1879     70-74     0.07133  0.30296  2.51   30963    9381  131503   279085   9.01
1875-1879     75-79     0.10926  0.42832  2.48   21582    9244   84608   147582   6.84
1875-1879     80-84     0.16498  0.57246  2.33   12338    7063   42812    62975   5.10
1875-1879     85-89     0.23617  0.70737  2.17    5275    3731   15800    20163   3.82
1875-1879     90-94     0.33797  0.83276  1.95    1544    1285    3804     4363   2.83
1875-1879     95-99     0.45283  0.91083  1.72     258     235     519      559   2.17
1875-1879    100-104    0.57126  0.95385  1.51      23      22      38       40   1.74
1875-1879    105-109    0.68313  0.97530  1.34       1       1       2        2   1.46
1875-1879    110+       0.76670  1.00000  1.30       0       0       0        0   1.30
1880-1884        0      0.15517  0.14008  0.31  100000   14008   90276  4736404  47.36
1880-1884      1-4      0.02005  0.07635  1.49   85992    6566  327520  4646128  54.03
1880-1884      5-9      0.00753  0.03690  2.25   79426    2931  389082  4318608  54.37
1880-1884     10-14     0.00507  0.02504  2.41   76496    1916  377516  3929526  51.37
1880-1884     15-19     0.00529  0.02609  2.59   74580    1946  368215  3552010  47.63
1880-1884     20-24     0.00665  0.03273  2.53   72634    2377  357305  3183795  43.83
1880-1884     25-29     0.00694  0.03410  2.50   70257    2396  345289  2826489  40.23
1880-1884     30-34     0.00749  0.03678  2.53   67861    2496  333144  2481200  36.56
1880-1884     35-39     0.00829  0.04060  2.52   65365    2654  320244  2148056  32.86
1880-1884     40-44     0.00968  0.04728  2.56   62711    2965  306324  1827812  29.15
1880-1884     45-49     0.01157  0.05624  2.56   59746    3360  290533  1521489  25.47
1880-1884     50-54     0.01515  0.07310  2.59   56386    4122  271993  1230956  21.83
1880-1884     55-59     0.02048  0.09758  2.58   52264    5100  248967   958963  18.35
1880-1884     60-64     0.02886  0.13492  2.59   47165    6363  220518   709996  15.05
1880-1884     65-69     0.04356  0.19714  2.59   40801    8043  184633   489479  12.00
1880-1884     70-74     0.06699  0.28757  2.54   32758    9420  140620   304846   9.31
1880-1884     75-79     0.10366  0.41008  2.45   23338    9570   92320   164226   7.04
1880-1884     80-84     0.15739  0.55630  2.37   13768    7659   48662    71906   5.22
1880-1884     85-89     0.23738  0.70988  2.17    6109    4336   18268    23244   3.81
1880-1884     90-94     0.34030  0.83502  1.95    1772    1480    4349     4977   2.81
1880-1884     95-99     0.45712  0.91294  1.71     292     267     584      628   2.15
1880-1884    100-104    0.57483  0.95465  1.50      25      24      42       44   1.73
1880-1884    105-109    0.68458  0.97545  1.33       1       1       2        2   1.46
1880-1884    110+       0.76695  1.00000  1.30       0       0       0        0   1.30
1885-1889        0      0.14627  0.13279  0.31  100000   13279   90782  4834216  48.34
1885-1889      1-4      0.01897  0.07246  1.51   86721    6284  331265  4743434  54.70
1885-1889      5-9      0.00732  0.03586  2.24   80437    2885  394233  4412169  54.85
1885-1889     10-14     0.00511  0.02522  2.46   77553    1956  382796  4017936  51.81
1885-1889     15-19     0.00555  0.02739  2.56   75597    2071  372927  3635140  48.09
1885-1889     20-24     0.00650  0.03199  2.53   73526    2352  361812  3262213  44.37
1885-1889     25-29     0.00649  0.03192  2.49   71174    2272  350159  2900401  40.75
1885-1889     30-34     0.00722  0.03545  2.55   68902    2443  338513  2550242  37.01
1885-1889     35-39     0.00836  0.04097  2.54   66459    2723  325606  2211729  33.28
1885-1889     40-44     0.00931  0.04550  2.51   63736    2900  311473  1886123  29.59
1885-1889     45-49     0.01101  0.05364  2.58   60836    3263  296280  1574651  25.88
1885-1889     50-54     0.01430  0.06910  2.59   57573    3979  278261  1278370  22.20
1885-1889     55-59     0.01970  0.09405  2.59   53595    5040  255847  1000109  18.66
1885-1889     60-64     0.02773  0.12994  2.59   48554    6309  227542   744262  15.33
1885-1889     65-69     0.04171  0.18948  2.59   42245    8004  191905   516720  12.23
1885-1889     70-74     0.06393  0.27649  2.56   34240    9467  148077   324814   9.49
1885-1889     75-79     0.10071  0.40157  2.48   24773    9948   98786   176738   7.13
1885-1889     80-84     0.15632  0.55303  2.36   14825    8199   52449    77952   5.26
1885-1889     85-89     0.23218  0.70351  2.20    6626    4662   20078    25503   3.85
1885-1889     90-94     0.34639  0.83985  1.93    1965    1650    4763     5425   2.76
1885-1889     95-99     0.46670  0.91833  1.70     315     289     619      662   2.10
1885-1889    100-104    0.59507  0.96010  1.47      26      25      41       43   1.67
1885-1889    105-109    0.71294  0.97934  1.30       1       1       1        1   1.40
1885-1889    110+       0.79793  1.00000  1.25       0       0       0        0   1.25
1890-1894        0      0.15242  0.13783  0.31  100000   13783   90431  4757039  47.57
1890-1894      1-4      0.02145  0.08148  1.54   86217    7025  327566  4666609  54.13
1890-1894      5-9      0.00783  0.03830  2.20   79192    3033  387463  4339043  54.79
1890-1894     10-14     0.00511  0.02522  2.43   76159    1921  375851  3951580  51.89
1890-1894     15-19     0.00526  0.02596  2.55   74238    1927  366461  3575729  48.17
1890-1894     20-24     0.00589  0.02905  2.51   72311    2100  356321  3209268  44.38
1890-1894     25-29     0.00606  0.02985  2.52   70211    2095  345864  2852946  40.63
1890-1894     30-34     0.00681  0.03347  2.54   68115    2280  334968  2507082  36.81
1890-1894     35-39     0.00795  0.03897  2.54   65835    2566  322867  2172114  32.99
1890-1894     40-44     0.00916  0.04480  2.55   63269    2835  309400  1849246  29.23
1890-1894     45-49     0.01094  0.05327  2.56   60435    3219  294307  1539846  25.48
1890-1894     50-54     0.01435  0.06938  2.60   57216    3970  276564  1245539  21.77
1890-1894     55-59     0.01983  0.09467  2.60   53246    5041  254144   968975  18.20
1890-1894     60-64     0.02955  0.13798  2.60   48205    6651  225087   714831  14.83
1890-1894     65-69     0.04393  0.19848  2.57   41554    8247  187731   489743  11.79
1890-1894     70-74     0.06846  0.29308  2.55   33306    9761  142581   302012   9.07
1890-1894     75-79     0.10741  0.42264  2.48   23545    9951   92646   159431   6.77
1890-1894     80-84     0.16912  0.58304  2.34   13594    7926   46865    66785   4.91
1890-1894     85-89     0.25998  0.74607  2.14    5668    4229   16266    19920   3.51
1890-1894     90-94     0.37997  0.86816  1.87    1439    1250    3289     3654   2.54
1890-1894     95-99     0.51285  0.93741  1.62     190     178     347      365   1.92
1890-1894    100-104    0.64633  0.97032  1.39      12      12      18       18   1.54
1890-1894    105-109    0.76197  0.98443  1.23       0       0       0        0   1.31
1890-1894    110+       0.84096  1.00000  1.19       0       0       0        0   1.19
1895-1899        0      0.14616  0.13269  0.31  100000   13269   90787  5186201  51.86
1895-1899      1-4      0.01289  0.04989  1.43   86731    4327  335803  5095414  58.75
1895-1899      5-9      0.00419  0.02070  2.21   82403    1706  407266  4759611  57.76
1895-1899     10-14     0.00335  0.01662  2.55   80698    1341  400199  4352345  53.93
1895-1899     15-19     0.00417  0.02065  2.59   79356    1639  392830  3952146  49.80
1895-1899     20-24     0.00512  0.02527  2.54   77718    1964  383747  3559316  45.80
1895-1899     25-29     0.00527  0.02599  2.51   75754    1969  373858  3175568  41.92
1895-1899     30-34     0.00604  0.02977  2.56   73785    2197  363564  2801710  37.97
1895-1899     35-39     0.00689  0.03389  2.54   71588    2426  351981  2438146  34.06
1895-1899     40-44     0.00838  0.04106  2.56   69162    2840  338881  2086165  30.16
1895-1899     45-49     0.01014  0.04951  2.58   66322    3284  323669  1747284  26.35
1895-1899     50-54     0.01340  0.06487  2.57   63039    4089  305267  1423616  22.58
1895-1899     55-59     0.01776  0.08521  2.61   58950    5023  282747  1118348  18.97
1895-1899     60-64     0.02618  0.12319  2.61   53927    6643  253767   835601  15.50
1895-1899     65-69     0.04048  0.18447  2.60   47283    8722  215492   581834  12.31
1895-1899     70-74     0.06392  0.27626  2.55   38561   10653  166662   366342   9.50
1895-1899     75-79     0.09972  0.39848  2.48   27908   11121  111523   199680   7.15
1895-1899     80-84     0.15534  0.55136  2.37   16787    9256   59585    88158   5.25
1895-1899     85-89     0.23706  0.71068  2.18    7531    5352   22578    28572   3.79
1895-1899     90-94     0.34750  0.84195  1.94    2179    1835    5279     5994   2.75
1895-1899     95-99     0.47379  0.92180  1.69     344     317     670      714   2.07
1895-1899    100-104    0.60553  0.96254  1.46      27      26      43       44   1.64
1895-1899    105-109    0.72503  0.98078  1.28       1       1       1        1   1.38
1895-1899    110+       0.80987  1.00000  1.23       0       0       0        0   1.23
1900-1904        0      0.13138  0.12039  0.31  100000   12039   91640  5394094  53.94
1900-1904      1-4      0.00987  0.03847  1.36   87961    3384  342914  5302454  60.28
1900-1904      5-9      0.00331  0.01642  2.34   84577    1389  419191  4959540  58.64
1900-1904     10-14     0.00273  0.01356  2.54   83188    1128  413161  4540349  54.58
1900-1904     15-19     0.00371  0.01839  2.63   82060    1509  406725  4127188  50.29
1900-1904     20-24     0.00468  0.02313  2.52   80551    1863  398136  3720463  46.19
1900-1904     25-29     0.00486  0.02402  2.53   78687    1890  388776  3322327  42.22
1900-1904     30-34     0.00577  0.02846  2.55   76797    2186  378628  2933551  38.20
1900-1904     35-39     0.00665  0.03274  2.56   74611    2443  367106  2554923  34.24
1900-1904     40-44     0.00810  0.03969  2.56   72169    2865  353842  2187817  30.32
1900-1904     45-49     0.00998  0.04870  2.57   69304    3375  338321  1833974  26.46
1900-1904     50-54     0.01283  0.06224  2.60   65929    4104  319787  1495653  22.69
1900-1904     55-59     0.01793  0.08594  2.58   61825    5313  296293  1175867  19.02
1900-1904     60-64     0.02537  0.11963  2.62   56512    6760  266501   879574  15.56
1900-1904     65-69     0.04032  0.18387  2.61   49752    9148  226860   613073  12.32
1900-1904     70-74     0.06281  0.27216  2.55   40604   11051  175938   386212   9.51
1900-1904     75-79     0.10001  0.39939  2.48   29553   11803  118014   210275   7.12
1900-1904     80-84     0.15593  0.55365  2.38   17750    9827   63021    92260   5.20
1900-1904     85-89     0.24442  0.72321  2.18    7923    5730   23442    29239   3.69
1900-1904     90-94     0.36353  0.85477  1.90    2193    1874    5156     5797   2.64
1900-1904     95-99     0.48923  0.92826  1.66     318     296     604      641   2.01
1900-1904    100-104    0.61973  0.96531  1.43      23      22      36       37   1.60
1900-1904    105-109    0.73514  0.98178  1.27       1       1       1        1   1.36
1900-1904    110+       0.81628  1.00000  1.23       0       0       0        0   1.23
1905-1909        0      0.12111  0.11172  0.31  100000   11172   92243  5584650  55.85
1905-1909      1-4      0.00823  0.03219  1.31   88828    2860  347609  5492407  61.83
1905-1909      5-9      0.00249  0.01238  2.34   85969    1064  427013  5144798  59.84
1905-1909     10-14     0.00217  0.01082  2.60   84905     918  422316  4717785  55.57
1905-1909     15-19     0.00338  0.01675  2.65   83986    1407  416623  4295468  51.14
1905-1909     20-24     0.00426  0.02110  2.54   82579    1742  408608  3878846  46.97
1905-1909     25-29     0.00456  0.02255  2.51   80837    1823  399647  3470238  42.93
1905-1909     30-34     0.00511  0.02522  2.55   79014    1993  390184  3070591  38.86
1905-1909     35-39     0.00592  0.02915  2.56   77020    2245  379622  2680407  34.80
1905-1909     40-44     0.00746  0.03662  2.58   74775    2738  367255  2300784  30.77
1905-1909     45-49     0.00909  0.04445  2.57   72037    3202  352392  1933529  26.84
1905-1909     50-54     0.01226  0.05957  2.61   68834    4100  334361  1581137  22.97
1905-1909     55-59     0.01691  0.08126  2.61   64734    5260  311083  1246776  19.26
1905-1909     60-64     0.02501  0.11802  2.61   59474    7019  280608   935693  15.73
1905-1909     65-69     0.03886  0.17777  2.61   52455    9325  239986   655084  12.49
1905-1909     70-74     0.06118  0.26615  2.56   43130   11479  187635   415099   9.62
1905-1909     75-79     0.09831  0.39436  2.49   31651   12482  126971   227464   7.19
1905-1909     80-84     0.15633  0.55334  2.36   19169   10607   67849   100493   5.24
1905-1909     85-89     0.23403  0.70751  2.21    8562    6058   25885    32644   3.81
1905-1909     90-94     0.35635  0.84713  1.90    2504    2122    5954     6759   2.70
1905-1909     95-99     0.46700  0.91804  1.69     383     351     753      805   2.10
1905-1909    100-104    0.59002  0.95865  1.48      31      30      51       53   1.68
1905-1909    105-109    0.70348  0.97809  1.31       1       1       2        2   1.42
1905-1909    110+       0.78710  1.00000  1.27       0       0       0        0   1.27
1910-1914        0      0.10409  0.09707  0.31  100000    9707   93260  5807093  58.07
1910-1914      1-4      0.00663  0.02608  1.37   90293    2355  354976  5713833  63.28
1910-1914      5-9      0.00214  0.01065  2.32   87938     936  437179  5358857  60.94
1910-1914     10-14     0.00178  0.00884  2.61   87002     769  433172  4921678  56.57
1910-1914     15-19     0.00300  0.01489  2.68   86233    1284  428179  4488507  52.05
1910-1914     20-24     0.00387  0.01919  2.54   84948    1630  420728  4060327  47.80
1910-1914     25-29     0.00413  0.02044  2.52   83318    1703  412373  3639599  43.68
1910-1914     30-34     0.00473  0.02337  2.55   81615    1907  403406  3227226  39.54
1910-1914     35-39     0.00567  0.02796  2.56   79707    2229  393097  2823820  35.43
1910-1914     40-44     0.00656  0.03229  2.56   77479    2502  381292  2430723  31.37
1910-1914     45-49     0.00867  0.04249  2.61   74977    3186  367260  2049431  27.33
1910-1914     50-54     0.01142  0.05555  2.58   71791    3988  349318  1682171  23.43
1910-1914     55-59     0.01608  0.07746  2.62   67803    5252  326522  1332854  19.66
1910-1914     60-64     0.02373  0.11230  2.62   62551    7025  296043  1006332  16.09
1910-1914     65-69     0.03666  0.16845  2.59   55527    9353  255128   710290  12.79
1910-1914     70-74     0.05793  0.25412  2.59   46173   11734  202563   455161   9.86
1910-1914     75-79     0.09545  0.38537  2.50   34440   13272  139047   252598   7.33
1910-1914     80-84     0.14910  0.53573  2.37   21168   11340   76057   113551   5.36
1910-1914     85-89     0.23645  0.71228  2.21    9828    7000   29605    37494   3.82
1910-1914     90-94     0.34139  0.83669  1.95    2828    2366    6930     7889   2.79
1910-1914     95-99     0.47351  0.92164  1.69     462     426     899      958   2.08
1910-1914    100-104    0.60435  0.96221  1.46      36      35      58       59   1.64
1910-1914    105-109    0.72242  0.98045  1.28       1       1       2        2   1.38
1910-1914    110+       0.80672  1.00000  1.24       0       0       0        0   1.24
1915-1919        0      0.09720  0.09106  0.31  100000    9106   93676  5708518  57.09
1915-1919      1-4      0.00727  0.02853  1.31   90894    2593  356600  5614842  61.77
1915-1919      5-9      0.00232  0.01155  2.35   88301    1020  438800  5258242  59.55
1915-1919     10-14     0.00205  0.01021  2.63   87282     891  434300  4819442  55.22
1915-1919     15-19     0.00373  0.01848  2.78   86391    1596  428407  4385141  50.76
1915-1919     20-24     0.00550  0.02712  2.48   84794    2299  418178  3956734  46.66
1915-1919     25-29     0.00618  0.03043  2.50   82495    2510  406198  3538557  42.89
1915-1919     30-34     0.00615  0.03030  2.51   79985    2423  393889  3132359  39.16
1915-1919     35-39     0.00654  0.03219  2.52   77561    2497  381603  2738471  35.31
1915-1919     40-44     0.00688  0.03384  2.54   75064    2540  369066  2356868  31.40
1915-1919     45-49     0.00841  0.04123  2.58   72524    2990  355394  1987802  27.41
1915-1919     50-54     0.01123  0.05469  2.59   69534    3803  338498  1632408  23.48
1915-1919     55-59     0.01584  0.07631  2.62   65731    5016  316719  1293911  19.68
1915-1919     60-64     0.02317  0.10987  2.65   60716    6671  287900   977192  16.09
1915-1919     65-69     0.03617  0.16639  2.60   54045    8993  248630   689291  12.75
1915-1919     70-74     0.05848  0.25620  2.58   45052   11543  197383   440661   9.78
1915-1919     75-79     0.09556  0.38604  2.51   33510   12936  135368   243278   7.26
1915-1919     80-84     0.15517  0.55313  2.40   20573   11380   73336   107910   5.25
1915-1919     85-89     0.23912  0.71490  2.19    9194    6573   27487    34574   3.76
1915-1919     90-94     0.35380  0.85089  1.95    2621    2230    6304     7088   2.70
1915-1919     95-99     0.49076  0.92923  1.66     391     363     740      784   2.01
1915-1919    100-104    0.62584  0.96671  1.43      28      27      43       44   1.59
1915-1919    105-109    0.74472  0.98284  1.26       1       1       1        1   1.34
1915-1919    110+       0.82698  1.00000  1.21       0       0       0        0   1.21
1920-1924        0      0.08830  0.08320  0.31  100000    8320   94222  6047416  60.47
1920-1924      1-4      0.00544  0.02147  1.37   91680    1968  361538  5953194  64.93
1920-1924      5-9      0.00174  0.00867  2.34   89712     778  446486  5591656  62.33
1920-1924     10-14     0.00148  0.00739  2.60   88933     658  443087  5145169  57.85
1920-1924     15-19     0.00264  0.01311  2.77   88276    1158  438796  4702083  53.27
1920-1924     20-24     0.00345  0.01712  2.51   87118    1491  431880  4263286  48.94
1920-1924     25-29     0.00366  0.01815  2.54   85627    1554  424308  3831407  44.75
1920-1924     30-34     0.00398  0.01972  2.53   84073    1658  416262  3407099  40.53
1920-1924     35-39     0.00451  0.02228  2.58   82415    1837  407630  2990837  36.29
1920-1924     40-44     0.00538  0.02658  2.60   80579    2141  397761  2583207  32.06
1920-1924     45-49     0.00716  0.03519  2.59   78437    2760  385543  2185446  27.86
1920-1924     50-54     0.01005  0.04909  2.64   75677    3715  369611  1799903  23.78
1920-1924     55-59     0.01450  0.07010  2.62   71962    5044  347801  1430292  19.88
1920-1924     60-64     0.02274  0.10791  2.64   66917    7221  317529  1082491  16.18
1920-1924     65-69     0.03565  0.16430  2.62   59696    9808  275122   764962  12.81
1920-1924     70-74     0.05709  0.25087  2.59   49888   12515  219231   489840   9.82
1920-1924     75-79     0.09558  0.38570  2.50   37373   14415  150818   270610   7.24
1920-1924     80-84     0.15570  0.55276  2.38   22958   12690   81504   119792   5.22
1920-1924     85-89     0.24150  0.71583  2.16   10268    7350   30434    38288   3.73
1920-1924     90-94     0.35536  0.85075  1.94    2918    2482    6985     7854   2.69
1920-1924     95-99     0.49354  0.93040  1.65     435     405     821      869   2.00
1920-1924    100-104    0.62951  0.96744  1.42      30      29      47       48   1.58
1920-1924    105-109    0.74891  0.98326  1.25       1       1       1        1   1.33
1920-1924    110+       0.83112  1.00000  1.20       0       0       0        0   1.20
1925-1929        0      0.08537  0.08059  0.31  100000    8059   94403  6170795  61.71
1925-1929      1-4      0.00456  0.01804  1.29   91941    1658  363277  6076391  66.09
1925-1929      5-9      0.00135  0.00673  2.35   90283     607  449803  5713115  63.28
1925-1929     10-14     0.00109  0.00542  2.64   89676     486  447231  5263312  58.69
1925-1929     15-19     0.00212  0.01056  2.74   89190     942  443822  4816081  54.00
1925-1929     20-24     0.00294  0.01458  2.50   88248    1286  438022  4372259  49.55
1925-1929     25-29     0.00288  0.01431  2.50   86961    1244  431690  3934237  45.24
1925-1929     30-34     0.00327  0.01622  2.53   85717    1391  425148  3502547  40.86
1925-1929     35-39     0.00414  0.02049  2.57   84326    1728  417435  3077399  36.49
1925-1929     40-44     0.00505  0.02493  2.58   82598    2059  408013  2659964  32.20
1925-1929     45-49     0.00687  0.03381  2.66   80539    2723  396311  2251950  27.96
1925-1929     50-54     0.00958  0.04684  2.64   77816    3645  380468  1855639  23.85
1925-1929     55-59     0.01422  0.06880  2.66   74171    5103  358906  1475171  19.89
1925-1929     60-64     0.02229  0.10585  2.63   69069    7311  328004  1116265  16.16
1925-1929     65-69     0.03546  0.16347  2.61   61758   10096  284677   788261  12.76
1925-1929     70-74     0.05856  0.25674  2.60   51662   13264  226503   503584   9.75
1925-1929     75-79     0.09679  0.38955  2.50   38398   14958  154540   277081   7.22
1925-1929     80-84     0.15442  0.54911  2.37   23440   12871   83352   122541   5.23
1925-1929     85-89     0.24462  0.72477  2.19   10569    7660   31315    39189   3.71
1925-1929     90-94     0.35343  0.84927  1.94    2909    2471    6990     7875   2.71
1925-1929     95-99     0.48803  0.92782  1.66     438     407     834      884   2.02
1925-1929    100-104    0.61878  0.96510  1.44      32      31      49       51   1.61
1925-1929    105-109    0.73362  0.98158  1.27       1       1       1        2   1.36
1925-1929    110+       0.81405  1.00000  1.23       0       0       0        0   1.23
1930-1934        0      0.07679  0.07288  0.30  100000    7288   94904  6287723  62.88
1930-1934      1-4      0.00366  0.01451  1.31   92712    1345  367235  6192819  66.80
1930-1934      5-9      0.00114  0.00569  2.33   91367     520  455446  5825584  63.76
1930-1934     10-14     0.00094  0.00469  2.54   90847     426  453187  5370138  59.11
1930-1934     15-19     0.00188  0.00935  2.72   90421     845  450179  4916951  54.38
1930-1934     20-24     0.00262  0.01302  2.50   89575    1167  444966  4466772  49.87
1930-1934     25-29     0.00281  0.01396  2.52   88409    1234  438979  4021806  45.49
1930-1934     30-34     0.00303  0.01505  2.52   87174    1312  432620  3582827  41.10
1930-1934     35-39     0.00376  0.01863  2.61   85862    1600  425487  3150207  36.69
1930-1934     40-44     0.00487  0.02407  2.58   84263    2028  416415  2724719  32.34
1930-1934     45-49     0.00654  0.03222  2.63   82234    2649  404891  2308304  28.07
1930-1934     50-54     0.00955  0.04669  2.65   79585    3716  389202  1903413  23.92
1930-1934     55-59     0.01426  0.06898  2.63   75869    5234  366933  1514211  19.96
1930-1934     60-64     0.02198  0.10450  2.64   70635    7382  335768  1147278  16.24
1930-1934     65-69     0.03535  0.16290  2.59   63254   10304  291464   811510  12.83
1930-1934     70-74     0.05853  0.25664  2.60   52950   13589  232160   520047   9.82
1930-1934     75-79     0.09517  0.38423  2.49   39361   15124  158918   287887   7.31
1930-1934     80-84     0.15304  0.54614  2.38   24237   13237   86494   128969   5.32
1930-1934     85-89     0.23289  0.70349  2.19   11000    7739   33229    42475   3.86
1930-1934     90-94     0.33534  0.82921  1.95    3262    2705    8065     9246   2.83
1930-1934     95-99     0.46304  0.91663  1.70     557     511    1103     1181   2.12
1930-1934    100-104    0.59090  0.95909  1.48      46      45      75       78   1.68
1930-1934    105-109    0.70788  0.97869  1.30       2       2       3        3   1.41
1930-1934    110+       0.79210  1.00000  1.26       0       0       0        0   1.26
1935-1939        0      0.06716  0.06404  0.27  100000    6404   95352  6421195  64.21
1935-1939      1-4      0.00346  0.01373  1.36   93596    1285  370999  6325843  67.59
1935-1939      5-9      0.00115  0.00572  2.39   92311     528  460178  5954844  64.51
1935-1939     10-14     0.00088  0.00437  2.54   91784     402  457931  5494666  59.87
1935-1939     15-19     0.00147  0.00734  2.75   91382     670  455404  5036735  55.12
1935-1939     20-24     0.00207  0.01030  2.50   90712     935  451226  4581331  50.50
1935-1939     25-29     0.00228  0.01134  2.55   89777    1018  446387  4130105  46.00
1935-1939     30-34     0.00265  0.01318  2.56   88759    1169  440947  3683718  41.50
1935-1939     35-39     0.00331  0.01640  2.58   87590    1437  434479  3242771  37.02
1935-1939     40-44     0.00427  0.02116  2.62   86153    1823  426430  2808291  32.60
1935-1939     45-49     0.00611  0.03013  2.62   84331    2541  415595  2381861  28.24
1935-1939     50-54     0.00908  0.04445  2.63   81789    3636  400324  1966266  24.04
1935-1939     55-59     0.01365  0.06612  2.66   78154    5167  378653  1565942  20.04
1935-1939     60-64     0.02179  0.10367  2.66   72986    7567  347228  1187289  16.27
1935-1939     65-69     0.03502  0.16180  2.65   65419   10585  302228   840061  12.84
1935-1939     70-74     0.05771  0.25315  2.58   54834   13881  240527   537834   9.81
1935-1939     75-79     0.09642  0.38828  2.49   40953   15901  164922   297307   7.26
1935-1939     80-84     0.15375  0.54756  2.37   25052   13717   89216   132385   5.28
1935-1939     85-89     0.23533  0.70829  2.19   11335    8028   34115    43169   3.81
1935-1939     90-94     0.34946  0.84348  1.93    3306    2789    7981     9054   2.74
1935-1939     95-99     0.47389  0.92187  1.69     518     477    1007     1073   2.07
1935-1939    100-104    0.60574  0.96257  1.46      40      39      64       66   1.64
1935-1939    105-109    0.72491  0.98075  1.28       2       1       2        2   1.38
1935-1939    110+       0.80935  1.00000  1.24       0       0       0        0   1.24
1940-1944        0      0.05174  0.04974  0.22  100000    4974   96118  6663461  66.63
1940-1944      1-4      0.00248  0.00986  1.40   95026     937  377669  6567343  69.11
1940-1944      5-9      0.00082  0.00409  2.31   94090     385  469413  6189674  65.78
1940-1944     10-14     0.00070  0.00350  2.50   93705     328  467707  5720261  61.05
1940-1944     15-19     0.00124  0.00616  2.76   93377     576  465594  5252555  56.25
1940-1944     20-24     0.00178  0.00887  2.55   92802     824  461987  4786960  51.58
1940-1944     25-29     0.00191  0.00952  2.53   91978     876  457725  4324973  47.02
1940-1944     30-34     0.00216  0.01075  2.57   91102     979  453131  3867248  42.45
1940-1944     35-39     0.00280  0.01390  2.62   90123    1253  447638  3414117  37.88
1940-1944     40-44     0.00367  0.01821  2.63   88870    1619  440516  2966478  33.38
1940-1944     45-49     0.00546  0.02695  2.66   87252    2352  430763  2525963  28.95
1940-1944     50-54     0.00815  0.03999  2.65   84900    3395  416524  2095200  24.68
1940-1944     55-59     0.01243  0.06037  2.66   81505    4921  395998  1678675  20.60
1940-1944     60-64     0.01973  0.09426  2.65   76584    7219  365933  1282677  16.75
1940-1944     65-69     0.03279  0.15212  2.63   69365   10552  321815   916743  13.22
1940-1944     70-74     0.05448  0.24090  2.60   58813   14168  260075   594928  10.12
1940-1944     75-79     0.08984  0.36721  2.51   44645   16394  182485   334853   7.50
1940-1944     80-84     0.14909  0.53599  2.38   28251   15142  101561   152367   5.39
1940-1944     85-89     0.23050  0.70078  2.20   13109    9186   39855    50807   3.88
1940-1944     90-94     0.34213  0.84070  1.98    3922    3298    9638    10952   2.79
1940-1944     95-99     0.46688  0.91874  1.70     625     574    1230     1314   2.10
1940-1944    100-104    0.59864  0.96103  1.47      51      49      82       84   1.66
1940-1944    105-109    0.71828  0.98000  1.29       2       2       3        3   1.39
1940-1944    110+       0.80343  1.00000  1.24       0       0       0        0   1.24
1945-1949        0      0.04172  0.04035  0.18  100000    4035   96707  6837187  68.37
1945-1949      1-4      0.00198  0.00787  1.46   95965     755  381947  6740481  70.24
1945-1949      5-9      0.00070  0.00349  2.34   95210     333  475165  6358534  66.78
1945-1949     10-14     0.00061  0.00302  2.62   94877     287  473705  5883369  62.01
1945-1949     15-19     0.00110  0.00547  2.82   94591     517  471826  5409664  57.19
1945-1949     20-24     0.00172  0.00857  2.56   94073     806  468402  4937838  52.49
1945-1949     25-29     0.00189  0.00939  2.52   93267     876  464160  4469436  47.92
1945-1949     30-34     0.00207  0.01031  2.53   92391     953  459600  4005276  43.35
1945-1949     35-39     0.00258  0.01282  2.56   91439    1172  454330  3545676  38.78
1945-1949     40-44     0.00340  0.01685  2.61   90266    1521  447694  3091345  34.25
1945-1949     45-49     0.00507  0.02505  2.61   88745    2223  438424  2643652  29.79
1945-1949     50-54     0.00748  0.03673  2.63   86522    3178  425077  2205228  25.49
1945-1949     55-59     0.01139  0.05546  2.64   83344    4622  405791  1780151  21.36
1945-1949     60-64     0.01821  0.08732  2.66   78722    6874  377500  1374360  17.46
1945-1949     65-69     0.02972  0.13889  2.65   71847    9979  335787   996860  13.87
1945-1949     70-74     0.04968  0.22204  2.61   61869   13738  276526   661073  10.69
1945-1949     75-79     0.08100  0.33754  2.53   48131   16246  200574   384547   7.99
1945-1949     80-84     0.13614  0.50278  2.40   31885   16031  117758   183972   5.77
1945-1949     85-89     0.20856  0.66494  2.28   15854   10542   50546    66214   4.18
1945-1949     90-94     0.32204  0.81868  2.00    5312    4349   13504    15668   2.95
1945-1949     95-99     0.43478  0.90260  1.76     963     869    1999     2164   2.25
1945-1949    100-104    0.56450  0.95269  1.52      94      89     158      165   1.76
1945-1949    105-109    0.68619  0.97599  1.33       4       4       6        6   1.45
1945-1949    110+       0.77509  1.00000  1.29       0       0       0        0   1.29
1950-1954        0      0.02899  0.02828  0.14  100000    2828   97564  7090035  70.90
1950-1954      1-4      0.00131  0.00522  1.50   97172     508  387420  6992470  71.96
1950-1954      5-9      0.00046  0.00231  2.35   96664     223  482729  6605050  68.33
1950-1954     10-14     0.00038  0.00192  2.62   96441     185  481763  6122321  63.48
1950-1954     15-19     0.00067  0.00333  2.79   96256     320  480571  5640558  58.60
1950-1954     20-24     0.00096  0.00477  2.59   95935     458  478573  5159987  53.79
1950-1954     25-29     0.00111  0.00555  2.63   95477     529  476130  4681414  49.03
1950-1954     30-34     0.00133  0.00664  2.57   94948     630  473205  4205284  44.29
1950-1954     35-39     0.00180  0.00895  2.62   94317     844  469576  3732079  39.57
1950-1954     40-44     0.00266  0.01324  2.66   93473    1237  464469  3262504  34.90
1950-1954     45-49     0.00441  0.02184  2.69   92236    2014  456527  2798035  30.34
1950-1954     50-54     0.00666  0.03281  2.68   90222    2960  444231  2341508  25.95
1950-1954     55-59     0.01037  0.05063  2.65   87261    4418  425920  1897277  21.74
1950-1954     60-64     0.01685  0.08101  2.64   82843    6711  398370  1471357  17.76
1950-1954     65-69     0.02730  0.12825  2.64   76132    9764  357620  1072986  14.09
1950-1954     70-74     0.04757  0.21363  2.62   66368   14178  298060   715366  10.78
1950-1954     75-79     0.08090  0.33764  2.55   52190   17622  217821   417306   8.00
1950-1954     80-84     0.13422  0.49931  2.44   34568   17261  128599   199486   5.77
1950-1954     85-89     0.21365  0.67260  2.25   17308   11641   54488    70887   4.10
1950-1954     90-94     0.32738  0.82598  2.00    5667    4681   14297    16399   2.89
1950-1954     95-99     0.45984  0.91629  1.72     986     904    1965     2101   2.13
1950-1954    100-104    0.60077  0.96196  1.47      83      79     132      136   1.65
1950-1954    105-109    0.72832  0.98132  1.28       3       3       4        4   1.37
1950-1954    110+       0.81744  1.00000  1.22       0       0       0        0   1.22
1955-1959        0      0.02407  0.02357  0.12  100000    2357   97929  7204371  72.04
1955-1959      1-4      0.00096  0.00383  1.56   97643     374  389660  7106442  72.78
1955-1959      5-9      0.00039  0.00193  2.29   97269     188  485835  6716782  69.05
1955-1959     10-14     0.00032  0.00160  2.56   97081     155  485027  6230947  64.18
1955-1959     15-19     0.00063  0.00314  2.89   96926     305  483988  5745919  59.28
1955-1959     20-24     0.00081  0.00406  2.55   96621     392  482146  5261931  54.46
1955-1959     25-29     0.00095  0.00473  2.67   96229     455  480085  4779785  49.67
1955-1959     30-34     0.00118  0.00589  2.66   95774     565  477548  4299700  44.89
1955-1959     35-39     0.00159  0.00792  2.67   95210     755  474292  3822152  40.14
1955-1959     40-44     0.00241  0.01200  2.63   94455    1134  469591  3347860  35.44
1955-1959     45-49     0.00386  0.01911  2.69   93321    1784  462484  2878269  30.84
1955-1959     50-54     0.00641  0.03157  2.65   91538    2889  450889  2415786  26.39
1955-1959     55-59     0.01021  0.04984  2.67   88648    4418  432966  1964897  22.17
1955-1959     60-64     0.01605  0.07732  2.65   84230    6512  405849  1531931  18.19
1955-1959     65-69     0.02639  0.12426  2.65   77717    9657  365889  1126081  14.49
1955-1959     70-74     0.04426  0.20023  2.62   68060   13628  307877   760193  11.17
1955-1959     75-79     0.07581  0.31991  2.56   54433   17413  229698   452316   8.31
1955-1959     80-84     0.12633  0.47788  2.45   37019   17691  140036   222618   6.01
1955-1959     85-89     0.20289  0.65391  2.28   19328   12639   62294    82582   4.27
1955-1959     90-94     0.30972  0.80713  2.03    6689    5399   17433    20288   3.03
1955-1959     95-99     0.44148  0.90717  1.75    1290    1170    2651     2855   2.21
1955-1959    100-104    0.58200  0.95772  1.50     120     115     197      204   1.70
1955-1959    105-109    0.71187  0.97951  1.30       5       5       7        7   1.40
1955-1959    110+       0.80414  1.00000  1.24       0       0       0        0   1.24
1960-1964        0      0.02082  0.02044  0.11  100000    2044   98181  7238933  72.39
1960-1964      1-4      0.00088  0.00350  1.66   97956     343  391022  7140752  72.90
1960-1964      5-9      0.00043  0.00212  2.29   97614     207  487506  6749731  69.15
1960-1964     10-14     0.00030  0.00151  2.61   97406     147  486680  6262224  64.29
1960-1964     15-19     0.00059  0.00293  2.80   97259     285  485668  5775545  59.38
1960-1964     20-24     0.00074  0.00369  2.50   96974     358  483975  5289877  54.55
1960-1964     25-29     0.00085  0.00422  2.58   96616     408  482092  4805902  49.74
1960-1964     30-34     0.00110  0.00548  2.62   96208     527  479784  4323810  44.94
1960-1964     35-39     0.00158  0.00786  2.71   95681     752  476687  3844026  40.18
1960-1964     40-44     0.00238  0.01185  2.67   94929    1125  472028  3367340  35.47
1960-1964     45-49     0.00379  0.01877  2.68   93805    1761  464945  2895312  30.87
1960-1964     50-54     0.00617  0.03040  2.71   92044    2798  453812  2430367  26.40
1960-1964     55-59     0.01022  0.04990  2.66   89245    4453  435827  1976555  22.15
1960-1964     60-64     0.01625  0.07828  2.67   84792    6638  408488  1540728  18.17
1960-1964     65-69     0.02659  0.12511  2.64   78155    9778  367700  1132240  14.49
1960-1964     70-74     0.04416  0.19974  2.61   68377   13658  309251   764539  11.18
1960-1964     75-79     0.07534  0.31842  2.57   54719   17424  231257   455288   8.32
1960-1964     80-84     0.12650  0.47796  2.44   37295   17826  140919   224031   6.01
1960-1964     85-89     0.20244  0.65247  2.28   19469   12703   62750    83113   4.27
1960-1964     90-94     0.31297  0.80892  2.01    6766    5473   17488    20363   3.01
1960-1964     95-99     0.43936  0.90583  1.76    1293    1171    2666     2875   2.22
1960-1964    100-104    0.57730  0.95642  1.50     122     116     202      209   1.72
1960-1964    105-109    0.70508  0.97863  1.31       5       5       7        8   1.41
1960-1964    110+       0.79663  1.00000  1.26       0       0       0        0   1.26
1965-1969        0      0.01657  0.01633  0.11  100000    1633   98555  7283575  72.84
1965-1969      1-4      0.00077  0.00306  1.71   98367     301  392781  7185020  73.04
1965-1969      5-9      0.00045  0.00223  2.44   98067     219  489774  6792239  69.26
1965-1969     10-14     0.00035  0.00174  2.44   97848     170  488805  6302465  64.41
1965-1969     15-19     0.00065  0.00323  2.83   97678     315  487705  5813660  59.52
1965-1969     20-24     0.00072  0.00360  2.50   97363     351  485939  5325956  54.70
1965-1969     25-29     0.00074  0.00371  2.63   97012     360  484206  4840017  49.89
1965-1969     30-34     0.00104  0.00517  2.62   96652     499  482072  4355811  45.07
1965-1969     35-39     0.00161  0.00804  2.68   96153     773  478971  3873739  40.29
1965-1969     40-44     0.00251  0.01246  2.66   95379    1189  474119  3394769  35.59
1965-1969     45-49     0.00389  0.01927  2.65   94190    1815  466694  2920650  31.01
1965-1969     50-54     0.00623  0.03072  2.67   92376    2838  455256  2453956  26.56
1965-1969     55-59     0.01025  0.05007  2.67   89538    4483  437239  1998700  22.32
1965-1969     60-64     0.01658  0.07981  2.66   85055    6788  409383  1561462  18.36
1965-1969     65-69     0.02687  0.12634  2.64   78267    9888  367970  1152078  14.72
1965-1969     70-74     0.04385  0.19836  2.60   68379   13563  309340   784108  11.47
1965-1969     75-79     0.07068  0.30165  2.57   54815   16535  233950   474769   8.66
1965-1969     80-84     0.11861  0.45542  2.45   38280   17434  146977   240819   6.29
1965-1969     85-89     0.19056  0.62903  2.30   20846   13113   68815    93842   4.50
1965-1969     90-94     0.28716  0.78131  2.08    7733    6042   21041    25027   3.24
1965-1969     95-99     0.41245  0.89033  1.81    1691    1506    3651     3986   2.36
1965-1969    100-104    0.54816  0.94864  1.55     185     176     321      335   1.81
1965-1969    105-109    0.67868  0.97523  1.35      10       9      14       14   1.47
1965-1969    110+       0.77493  1.00000  1.29       0       0       0        0   1.29
1970-1974        0      0.01258  0.01244  0.12  100000    1244   98909  7355820  73.56
1970-1974      1-4      0.00062  0.00249  1.78   98756     246  394477  7256911  73.48
1970-1974      5-9      0.00041  0.00206  2.38   98510     203  492018  6862433  69.66
1970-1974     10-14     0.00033  0.00163  2.64   98307     160  491157  6370415  64.80
1970-1974     15-19     0.00072  0.00359  2.69   98147     353  489920  5879259  59.90
1970-1974     20-24     0.00078  0.00390  2.44   97794     381  487996  5389338  55.11
1970-1974     25-29     0.00074  0.00370  2.61   97413     360  486203  4901343  50.31
1970-1974     30-34     0.00101  0.00506  2.62   97053     491  484096  4415139  45.49
1970-1974     35-39     0.00159  0.00793  2.67   96562     765  481021  3931043  40.71
1970-1974     40-44     0.00263  0.01306  2.67   95796    1251  476072  3450023  36.01
1970-1974     45-49     0.00421  0.02086  2.70   94545    1973  468182  2973951  31.46
1970-1974     50-54     0.00664  0.03267  2.65   92573    3024  455745  2505769  27.07
1970-1974     55-59     0.01011  0.04939  2.66   89549    4422  437404  2050024  22.89
1970-1974     60-64     0.01617  0.07793  2.66   85126    6633  410126  1612620  18.94
1970-1974     65-69     0.02561  0.12068  2.62   78493    9473  369944  1202494  15.32
1970-1974     70-74     0.04098  0.18654  2.60   69020   12875  314193   832550  12.06
1970-1974     75-79     0.06473  0.27960  2.57   56145   15698  242526   518357   9.23
1970-1974     80-84     0.10472  0.41459  2.49   40447   16769  160127   275831   6.82
1970-1974     85-89     0.17034  0.58664  2.35   23678   13891   81544   115703   4.89
1970-1974     90-94     0.26224  0.74762  2.13    9788    7318   27905    34159   3.49
1970-1974     95-99     0.38090  0.86943  1.87    2470    2148    5638     6255   2.53
1970-1974    100-104    0.51673  0.93891  1.61     323     303     586      616   1.91
1970-1974    105-109    0.65208  0.97135  1.39      20      19      29       30   1.53
1970-1974    110+       0.75419  1.00000  1.33       1       1       1        1   1.33
1975-1979        0      0.00927  0.00920  0.13  100000     920   99200  7423257  74.23
1975-1979      1-4      0.00054  0.00215  1.59   99080     213  395809  7324057  73.92
1975-1979      5-9      0.00032  0.00159  2.45   98868     157  493938  6928248  70.08
1975-1979     10-14     0.00027  0.00137  2.65   98711     135  493235  6434310  65.18
1975-1979     15-19     0.00067  0.00333  2.84   98575     328  492169  5941074  60.27
1975-1979     20-24     0.00082  0.00410  2.46   98247     403  490211  5448905  55.46
1975-1979     25-29     0.00081  0.00405  2.49   97845     397  488227  4958694  50.68
1975-1979     30-34     0.00095  0.00475  2.61   97448     463  486133  4470466  45.88
1975-1979     35-39     0.00150  0.00748  2.67   96985     726  483239  3984333  41.08
1975-1979     40-44     0.00253  0.01259  2.70   96260    1212  478517  3501094  36.37
1975-1979     45-49     0.00408  0.02020  2.67   95048    1920  470771  3022577  31.80
1975-1979     50-54     0.00664  0.03269  2.67   93128    3045  458559  2551806  27.40
1975-1979     55-59     0.01026  0.05008  2.65   90084    4512  439816  2093248  23.24
1975-1979     60-64     0.01576  0.07597  2.63   85572    6501  412429  1653432  19.32
1975-1979     65-69     0.02444  0.11552  2.64   79071    9134  373782  1241003  15.69
1975-1979     70-74     0.03919  0.17903  2.59   69936   12521  319473   867221  12.40
1975-1979     75-79     0.06190  0.26890  2.56   57415   15439  249399   547748   9.54
1975-1979     80-84     0.09783  0.39294  2.50   41977   16494  168610   298349   7.11
1975-1979     85-89     0.15999  0.56334  2.37   25482   14355   89723   129739   5.09
1975-1979     90-94     0.25257  0.73448  2.15   11127    8173   32358    40015   3.60
1975-1979     95-99     0.37085  0.86234  1.90    2954    2548    6870     7657   2.59
1975-1979    100-104    0.50956  0.93667  1.62     407     381     748      787   1.94
1975-1979    105-109    0.64868  0.97092  1.39      26      25      39       40   1.54
1975-1979    110+       0.75343  1.00000  1.33       1       1       1        1   1.33
1980-1984        0      0.00792  0.00787  0.13  100000     787   99318  7441207  74.41
1980-1984      1-4      0.00046  0.00183  1.63   99213     182  396424  7341889  74.00
1980-1984      5-9      0.00023  0.00115  2.52   99032     114  494876  6945466  70.13
1980-1984     10-14     0.00023  0.00113  2.80   98917     112  494341  6450590  65.21
1980-1984     15-19     0.00058  0.00288  2.87   98806     285  493424  5956249  60.28
1980-1984     20-24     0.00079  0.00396  2.54   98521     390  491644  5462825  55.45
1980-1984     25-29     0.00092  0.00457  2.55   98131     449  489556  4971180  50.66
1980-1984     30-34     0.00116  0.00581  2.55   97682     567  487019  4481624  45.88
1980-1984     35-39     0.00157  0.00783  2.68   97115     760  483809  3994605  41.13
1980-1984     40-44     0.00243  0.01210  2.73   96355    1166  479120  3510796  36.44
1980-1984     45-49     0.00417  0.02065  2.70   95188    1966  471416  3031677  31.85
1980-1984     50-54     0.00667  0.03285  2.69   93222    3063  459032  2560260  27.46
1980-1984     55-59     0.01045  0.05100  2.67   90160    4598  440081  2101229  23.31
1980-1984     60-64     0.01639  0.07891  2.65   85562    6752  411955  1661148  19.41
1980-1984     65-69     0.02443  0.11545  2.62   78810    9098  372402  1249193  15.85
1980-1984     70-74     0.03820  0.17500  2.61   69712   12199  319351   876791  12.58
1980-1984     75-79     0.06057  0.26391  2.56   57512   15178  250598   557440   9.69
1980-1984     80-84     0.09588  0.38637  2.49   42334   16357  170600   306842   7.25
1980-1984     85-89     0.15291  0.54558  2.38   25978   14173   92686   136242   5.24
1980-1984     90-94     0.24528  0.72409  2.17   11805    8548   34849    43556   3.69
1980-1984     95-99     0.35818  0.85212  1.92    3257    2775    7749     8707   2.67
1980-1984    100-104    0.49464  0.93107  1.65     482     448     907      959   1.99
1980-1984    105-109    0.63372  0.96834  1.41      33      32      51       52   1.57
1980-1984    110+       0.73971  1.00000  1.35       1       1       1        1   1.35
1985-1989        0      0.00815  0.00809  0.13  100000     809   99298  7471154  74.71
1985-1989      1-4      0.00044  0.00176  1.53   99191     174  396334  7371856  74.32
1985-1989      5-9      0.00020  0.00102  2.53   99017     101  494833  6975523  70.45
1985-1989     10-14     0.00021  0.00103  2.54   98915     102  494327  6480690  65.52
1985-1989     15-19     0.00052  0.00259  2.92   98813     256  493537  5986363  60.58
1985-1989     20-24     0.00073  0.00364  2.54   98558     359  491906  5492826  55.73
1985-1989     25-29     0.00085  0.00423  2.62   98199     416  490003  5000920  50.93
1985-1989     30-34     0.00116  0.00578  2.67   97783     565  487599  4510917  46.13
1985-1989     35-39     0.00158  0.00788  2.65   97218     766  484291  4023318  41.38
1985-1989     40-44     0.00241  0.01201  2.73   96452    1158  479633  3539027  36.69
1985-1989     45-49     0.00387  0.01917  2.71   95294    1827  472279  3059394  32.10
1985-1989     50-54     0.00660  0.03249  2.71   93467    3036  460389  2587115  27.68
1985-1989     55-59     0.01061  0.05177  2.65   90431    4682  441145  2126726  23.52
1985-1989     60-64     0.01620  0.07802  2.63   85749    6690  412894  1685581  19.66
1985-1989     65-69     0.02453  0.11578  2.59   79059    9153  373214  1272687  16.10
1985-1989     70-74     0.03685  0.16922  2.59   69906   11829  320999   899473  12.87
1985-1989     75-79     0.05797  0.25408  2.57   58076   14756  254530   578474   9.96
1985-1989     80-84     0.09112  0.37103  2.50   43320   16073  176390   323944   7.48
1985-1989     85-89     0.14637  0.53048  2.41   27247   14454   98751   147554   5.42
1985-1989     90-94     0.23471  0.70766  2.20   12793    9053   38572    48803   3.81
1985-1989     95-99     0.34876  0.84449  1.95    3740    3158    9056    10231   2.74
1985-1989    100-104    0.48692  0.92823  1.67     582     540    1109     1175   2.02
1985-1989    105-109    0.62870  0.96752  1.42      42      40      64       66   1.58
1985-1989    110+       0.73661  1.00000  1.36       1       1       2        2   1.36
1990-1994        0      0.00651  0.00647  0.14  100000     647   99441  7520228  75.20
1990-1994      1-4      0.00035  0.00141  1.62   99353     140  397079  7420787  74.69
1990-1994      5-9      0.00020  0.00098  2.51   99213      97  495823  7023708  70.79
1990-1994     10-14     0.00018  0.00092  2.75   99116      91  495373  6527885  65.86
1990-1994     15-19     0.00044  0.00217  2.94   99024     215  494678  6032512  60.92
1990-1994     20-24     0.00063  0.00312  2.50   98809     308  493275  5537834  56.05
1990-1994     25-29     0.00074  0.00368  2.61   98501     363  491635  5044559  51.21
1990-1994     30-34     0.00105  0.00524  2.63   98138     515  489473  4552924  46.39
1990-1994     35-39     0.00158  0.00789  2.70   97624     771  486344  4063451  41.62
1990-1994     40-44     0.00241  0.01196  2.60   96853    1158  481485  3577107  36.93
1990-1994     45-49     0.00363  0.01798  2.69   95695    1721  474506  3095622  32.35
1990-1994     50-54     0.00590  0.02909  2.65   93974    2733  463451  2621116  27.89
1990-1994     55-59     0.00980  0.04789  2.68   91241    4370  446085  2157665  23.65
1990-1994     60-64     0.01567  0.07558  2.64   86871    6565  418871  1711580  19.70
1990-1994     65-69     0.02421  0.11449  2.63   80306    9194  379748  1292709  16.10
1990-1994     70-74     0.03759  0.17237  2.60   71112   12258  326125   912961  12.84
1990-1994     75-79     0.05755  0.25234  2.56   58854   14851  258072   586836   9.97
1990-1994     80-84     0.09085  0.37065  2.52   44003   16310  179519   328764   7.47
1990-1994     85-89     0.14713  0.53235  2.40   27693   14742  100202   149246   5.39
1990-1994     90-94     0.23638  0.71269  2.21   12951    9230   39048    49044   3.79
1990-1994     95-99     0.35575  0.85082  1.93    3721    3166    8899     9996   2.69
1990-1994    100-104    0.49817  0.93292  1.65     555     518    1039     1097   1.98
1990-1994    105-109    0.64319  0.97022  1.40      37      36      56       58   1.55
1990-1994    110+       0.75253  1.00000  1.33       1       1       1        1   1.33
1995-1999        0      0.00492  0.00490  0.14  100000     490   99578  7600050  76.00
1995-1999      1-4      0.00029  0.00116  1.57   99510     116  397759  7500472  75.37
1995-1999      5-9      0.00013  0.00066  2.43   99394      65  496804  7102713  71.46
1995-1999     10-14     0.00017  0.00084  2.76   99329      84  496458  6605909  66.51
1995-1999     15-19     0.00044  0.00219  2.99   99245     218  495790  6109452  61.56
1995-1999     20-24     0.00056  0.00278  2.47   99028     275  494442  5613662  56.69
1995-1999     25-29     0.00069  0.00342  2.60   98753     338  492952  5119219  51.84
1995-1999     30-34     0.00092  0.00459  2.65   98415     452  491011  4626267  47.01
1995-1999     35-39     0.00138  0.00685  2.72   97963     671  488281  4135257  42.21
1995-1999     40-44     0.00231  0.01148  2.67   97291    1117  483856  3646976  37.49
1995-1999     45-49     0.00339  0.01684  2.67   96174    1620  477105  3163120  32.89
1995-1999     50-54     0.00526  0.02599  2.67   94555    2458  467048  2686015  28.41
1995-1999     55-59     0.00854  0.04189  2.67   92097    3858  451509  2218966  24.09
1995-1999     60-64     0.01459  0.07056  2.67   88239    6226  426714  1767457  20.03
1995-1999     65-69     0.02359  0.11173  2.64   82013    9164  388444  1340743  16.35
1995-1999     70-74     0.03601  0.16576  2.60   72849   12076  335298   952299  13.07
1995-1999     75-79     0.05605  0.24647  2.56   60774   14979  267265   617001  10.15
1995-1999     80-84     0.08811  0.36123  2.51   45795   16542  187750   349736   7.64
1995-1999     85-89     0.14106  0.51671  2.41   29252   15115  107151   161987   5.54
1995-1999     90-94     0.22960  0.70131  2.23   14137    9915   43182    54836   3.88
1995-1999     95-99     0.34503  0.84151  1.96    4223    3553   10299    11654   2.76
1995-1999    100-104    0.48556  0.92798  1.67     669     621    1279     1355   2.02
1995-1999    105-109    0.63148  0.96824  1.42      48      47      74       76   1.58
1995-1999    110+       0.74338  1.00000  1.35       2       2       2        2   1.35
2000-2004        0      0.00468  0.00466  0.14  100000     466   99599  7721864  77.22
2000-2004      1-4      0.00024  0.00096  1.55   99534      96  397900  7622265  76.58
2000-2004      5-9      0.00011  0.00053  2.58   99438      53  497063  7224364  72.65
2000-2004     10-14     0.00014  0.00072  2.74   99386      72  496765  6727301  67.69
2000-2004     15-19     0.00040  0.00200  2.87   99314     199  496145  6230536  62.74
2000-2004     20-24     0.00053  0.00265  2.55   99115     263  494931  5734391  57.86
2000-2004     25-29     0.00054  0.00271  2.57   98852     268  493609  5239460  53.00
2000-2004     30-34     0.00073  0.00363  2.66   98584     358  492084  4745851  48.14
2000-2004     35-39     0.00115  0.00573  2.70   98227     563  489839  4253766  43.31
2000-2004     40-44     0.00187  0.00933  2.70   97663     911  486222  3763928  38.54
2000-2004     45-49     0.00320  0.01586  2.70   96753    1535  480229  3277706  33.88
2000-2004     50-54     0.00490  0.02423  2.64   95218    2307  470646  2797477  29.38
2000-2004     55-59     0.00764  0.03752  2.68   92911    3486  456467  2326831  25.04
2000-2004     60-64     0.01201  0.05842  2.67   89424    5224  434957  1870363  20.92
2000-2004     65-69     0.02003  0.09572  2.69   84200    8059  402354  1435407  17.05
2000-2004     70-74     0.03260  0.15123  2.61   76141   11515  353232  1033053  13.57
2000-2004     75-79     0.05180  0.23023  2.59   64626   14879  287245   679822  10.52
2000-2004     80-84     0.08283  0.34370  2.53   49747   17098  206432   392577   7.89
2000-2004     85-89     0.13475  0.50088  2.44   32649   16353  121362   186145   5.70
2000-2004     90-94     0.22231  0.68840  2.24   16296   11218   50462    64782   3.98
2000-2004     95-99     0.33642  0.83394  1.98    5078    4235   12587    14320   2.82
2000-2004    100-104    0.47783  0.92497  1.69     843     780    1632     1733   2.05
2000-2004    105-109    0.62632  0.96742  1.43      63      61      98      101   1.59
2000-2004    110+       0.74081  1.00000  1.35       2       2       3        3   1.35
2005-2009        0      0.00384  0.00383  0.14  100000     383   99672  7849926  78.50
2005-2009      1-4      0.00018  0.00070  1.58   99617      70  398301  7750255  77.80
2005-2009      5-9      0.00009  0.00043  2.46   99548      42  497629  7351954  73.85
2005-2009     10-14     0.00010  0.00051  2.87   99505      51  497417  6854324  68.88
2005-2009     15-19     0.00034  0.00170  2.93   99454     169  496921  6356908  63.92
2005-2009     20-24     0.00046  0.00228  2.56   99285     226  495873  5859987  59.02
2005-2009     25-29     0.00051  0.00255  2.58   99059     252  494686  5364114  54.15
2005-2009     30-34     0.00062  0.00310  2.63   98807     306  493309  4869428  49.28
2005-2009     35-39     0.00093  0.00463  2.69   98501     456  491449  4376119  44.43
2005-2009     40-44     0.00157  0.00782  2.71   98045     767  488465  3884670  39.62
2005-2009     45-49     0.00273  0.01359  2.74   97278    1322  483405  3396205  34.91
2005-2009     50-54     0.00473  0.02341  2.69   95956    2246  474587  2912800  30.36
2005-2009     55-59     0.00696  0.03426  2.63   93710    3210  460941  2438213  26.02
2005-2009     60-64     0.01083  0.05281  2.65   90499    4780  441247  1977272  21.85
2005-2009     65-69     0.01678  0.08069  2.64   85720    6917  412285  1536025  17.92
2005-2009     70-74     0.02777  0.13035  2.66   78803   10272  369954  1123740  14.26
2005-2009     75-79     0.04668  0.20989  2.60   68531   14384  308168   753786  11.00
2005-2009     80-84     0.07621  0.32106  2.55   54147   17385  228120   445617   8.23
2005-2009     85-89     0.12731  0.48080  2.46   36762   17675  138837   217497   5.92
2005-2009     90-94     0.21196  0.67137  2.27   19087   12814   60457    78661   4.12
2005-2009     95-99     0.32533  0.82355  2.00    6273    5166   15878    18204   2.90
2005-2009    100-104    0.46654  0.92013  1.71    1107    1018    2183     2326   2.10
2005-2009    105-109    0.61620  0.96555  1.44      88      85     139      143   1.61
2005-2009    110+       0.73244  1.00000  1.37       3       3       4        4   1.37
2010-2014        0      0.00351  0.00350  0.14  100000     350   99700  8001857  80.02
2010-2014      1-4      0.00015  0.00058  1.51   99650      58  398456  7902157  79.30
2010-2014      5-9      0.00007  0.00033  2.52   99592      33  497878  7503701  75.34
2010-2014     10-14     0.00007  0.00036  2.62   99559      36  497708  7005823  70.37
2010-2014     15-19     0.00021  0.00106  2.90   99523     106  497391  6508114  65.39
2010-2014     20-24     0.00033  0.00166  2.56   99417     165  496682  6010723  60.46
2010-2014     25-29     0.00036  0.00180  2.60   99252     179  495832  5514041  55.56
2010-2014     30-34     0.00051  0.00253  2.57   99073     250  494757  5018209  50.65
2010-2014     35-39     0.00074  0.00371  2.67   98823     366  493261  4523452  45.77
2010-2014     40-44     0.00126  0.00626  2.73   98457     617  490883  4030191  40.93
2010-2014     45-49     0.00219  0.01091  2.71   97840    1067  486760  3539308  36.17
2010-2014     50-54     0.00388  0.01924  2.73   96773    1862  479630  3052548  31.54
2010-2014     55-59     0.00631  0.03110  2.64   94911    2951  467602  2572918  27.11
2010-2014     60-64     0.00949  0.04641  2.65   91960    4268  449752  2105316  22.89
2010-2014     65-69     0.01443  0.06977  2.64   87692    6119  424025  1655564  18.88
2010-2014     70-74     0.02323  0.11016  2.66   81573    8986  386821  1231539  15.10
2010-2014     75-79     0.04015  0.18346  2.65   72587   13317  331704   844717  11.64
2010-2014     80-84     0.06972  0.29820  2.58   59270   17674  253517   513013   8.66
2010-2014     85-89     0.11696  0.45204  2.49   41596   18803  160762   259496   6.24
2010-2014     90-94     0.19791  0.64477  2.30   22793   14696   74255    98734   4.33
2010-2014     95-99     0.31006  0.80802  2.04    8097    6542   21100    24479   3.02
2010-2014    100-104    0.44971  0.91227  1.74    1554    1418    3153     3379   2.17
2010-2014    105-109    0.60040  0.96240  1.47     136     131     219      226   1.66
2010-2014    110+       0.71916  1.00000  1.39       5       5       7        7   1.39
2015-2019        0      0.00345  0.00344  0.14  100000     344   99705  8103831  81.04
2015-2019      1-4      0.00012  0.00048  1.61   99656      48  398507  8004127  80.32
2015-2019      5-9      0.00007  0.00034  2.35   99607      34  497947  7605620  76.36
2015-2019     10-14     0.00006  0.00032  2.68   99573      32  497792  7107672  71.38
2015-2019     15-19     0.00019  0.00097  2.82   99541      96  497496  6609881  66.40
2015-2019     20-24     0.00029  0.00145  2.56   99445     144  496872  6112385  61.47
2015-2019     25-29     0.00034  0.00172  2.59   99300     171  496091  5615513  56.55
2015-2019     30-34     0.00045  0.00223  2.64   99130     221  495128  5119422  51.64
2015-2019     35-39     0.00065  0.00326  2.66   98909     322  493787  4624294  46.75
2015-2019     40-44     0.00101  0.00502  2.67   98586     495  491778  4130507  41.90
2015-2019     45-49     0.00178  0.00887  2.73   98091     870  488475  3638729  37.10
2015-2019     50-54     0.00312  0.01548  2.70   97221    1505  482642  3150254  32.40
2015-2019     55-59     0.00537  0.02654  2.70   95716    2540  472735  2667612  27.87
2015-2019     60-64     0.00885  0.04333  2.66   93175    4037  456415  2194878  23.56
2015-2019     65-69     0.01339  0.06489  2.63   89138    5784  431958  1738463  19.50
2015-2019     70-74     0.02079  0.09912  2.65   83354    8262  397392  1306505  15.67
2015-2019     75-79     0.03461  0.16003  2.65   75092   12017  347228   909113  12.11
2015-2019     80-84     0.06323  0.27487  2.62   63075   17337  274178   561885   8.91
2015-2019     85-89     0.11362  0.44279  2.51   45738   20252  178250   287707   6.29
2015-2019     90-94     0.19896  0.64806  2.31   25485   16516   83012   109457   4.29
2015-2019     95-99     0.31860  0.81803  2.03    8969    7337   23029    26445   2.95
2015-2019    100-104    0.46828  0.92173  1.71    1632    1504    3213     3415   2.09
2015-2019    105-109    0.62712  0.96800  1.43     128     124     197      203   1.59
2015-2019    110+       0.74924  1.00000  1.33       4       4       5        5   1.33
2020-2021        0      0.00317  0.00316  0.14  100000     316   99729  8149075  81.49
2020-2021      1-4      0.00011  0.00044  1.55   99684      44  398629  8049346  80.75
2020-2021      5-9      0.00007  0.00035  2.18   99640      35  498101  7650717  76.78
2020-2021     10-14     0.00008  0.00038  2.50   99605      38  497931  7152616  71.81
2020-2021     15-19     0.00017  0.00085  2.95   99567      84  497664  6654685  66.84
2020-2021     20-24     0.00031  0.00157  2.60   99483     156  497040  6157021  61.89
2020-2021     25-29     0.00035  0.00175  2.61   99327     174  496219  5659980  56.98
2020-2021     30-34     0.00038  0.00190  2.56   99153     188  495305  5163761  52.08
2020-2021     35-39     0.00066  0.00328  2.60   98965     325  494044  4668456  47.17
2020-2021     40-44     0.00095  0.00475  2.67   98640     469  492106  4174412  42.32
2020-2021     45-49     0.00158  0.00786  2.71   98171     771  489086  3682307  37.51
2020-2021     50-54     0.00266  0.01322  2.70   97400    1288  484036  3193221  32.78
2020-2021     55-59     0.00473  0.02340  2.74   96112    2249  475479  2709185  28.19
2020-2021     60-64     0.00814  0.03993  2.69   93863    3748  460672  2233706  23.80
2020-2021     65-69     0.01324  0.06419  2.64   90115    5784  436946  1773034  19.68
2020-2021     70-74     0.02021  0.09646  2.64   84331    8135  402486  1336089  15.84
2020-2021     75-79     0.03354  0.15532  2.62   76196   11835  352808   933603  12.25
2020-2021     80-84     0.05936  0.26009  2.62   64361   16740  281998   580795   9.02
2020-2021     85-89     0.11378  0.44317  2.51   47621   21104  185480   298797   6.27
2020-2021     90-94     0.19964  0.65121  2.33   26517   17268   86497   113317   4.27
2020-2021     95-99     0.32456  0.82454  2.02    9249    7626   23497    26819   2.90
2020-2021    100-104    0.47925  0.92677  1.69    1623    1504    3138     3323   2.05
2020-2021    105-109    0.64155  0.97065  1.41     119     115     180      184   1.55
2020-2021    110+       0.76456  1.00000  1.31       3       3       5        5   1.31
