Finland, Life tables (period 5x5), Total	Last modified: 09 Jun 2022;  Methods Protocol: v6 (2017)

  Year          Age         mx       qx    ax      lx      dx      Lx       Tx     ex
1878-1879        0      0.17694  0.15758  0.31  100000   15758   89062  4204648  42.05
1878-1879      1-4      0.03831  0.13950  1.43   84242   11751  306729  4115585  48.85
1878-1879      5-9      0.00878  0.04281  2.08   72490    3103  353377  3808856  52.54
1878-1879     10-14     0.00473  0.02335  2.39   69387    1620  342710  3455479  49.80
1878-1879     15-19     0.00517  0.02551  2.58   67767    1728  334651  3112769  45.93
1878-1879     20-24     0.00669  0.03289  2.51   66038    2172  324793  2778118  42.07
1878-1879     25-29     0.00740  0.03631  2.51   63867    2319  313553  2453324  38.41
1878-1879     30-34     0.00814  0.03987  2.48   61547    2454  301548  2139772  34.77
1878-1879     35-39     0.00947  0.04625  2.52   59093    2733  288681  1838224  31.11
1878-1879     40-44     0.01076  0.05239  2.51   56360    2953  274444  1549543  27.49
1878-1879     45-49     0.01205  0.05855  2.60   53407    3127  259535  1275098  23.87
1878-1879     50-54     0.01648  0.07918  2.53   50281    3981  241568  1015564  20.20
1878-1879     55-59     0.02318  0.10970  2.57   46299    5079  219153   773996  16.72
1878-1879     60-64     0.03711  0.16992  2.52   41220    7004  188760   554843  13.46
1878-1879     65-69     0.05322  0.23541  2.55   34216    8055  151346   366083  10.70
1878-1879     70-74     0.08369  0.34712  2.54   26161    9081  108503   214737   8.21
1878-1879     75-79     0.12442  0.46977  2.39   17080    8024   64491   106234   6.22
1878-1879     80-84     0.19373  0.63056  2.23    9057    5711   29478    41743   4.61
1878-1879     85-89     0.25454  0.73155  2.09    3346    2448    9616    12265   3.67
1878-1879     90-94     0.32576  0.81650  1.95     898     733    2251     2649   2.95
1878-1879     95-99     0.40552  0.88074  1.79     165     145     358      398   2.41
1878-1879    100-104    0.49036  0.92497  1.63      20      18      37       40   2.02
1878-1879    105-109    0.57582  0.95317  1.49       1       1       2        3   1.73
1878-1879    110+       0.64393  1.00000  1.55       0       0       0        0   1.55
1880-1884        0      0.18537  0.16423  0.31  100000   16423   88599  4063725  40.64
1880-1884      1-4      0.04047  0.14701  1.50   83577   12287  303574  3975125  47.56
1880-1884      5-9      0.01150  0.05560  2.03   71290    3963  344674  3671551  51.50
1880-1884     10-14     0.00522  0.02577  2.37   67326    1735  332070  3326877  49.41
1880-1884     15-19     0.00577  0.02844  2.59   65591    1866  323462  2994807  45.66
1880-1884     20-24     0.00715  0.03510  2.50   63726    2237  313033  2671344  41.92
1880-1884     25-29     0.00742  0.03639  2.44   61489    2237  301722  2358311  38.35
1880-1884     30-34     0.00817  0.04003  2.50   59252    2372  290341  2056589  34.71
1880-1884     35-39     0.00928  0.04537  2.52   56880    2581  278007  1766249  31.05
1880-1884     40-44     0.01084  0.05280  2.52   54299    2867  264399  1488241  27.41
1880-1884     45-49     0.01263  0.06127  2.56   51432    3151  249463  1223843  23.80
1880-1884     50-54     0.01682  0.08082  2.57   48281    3902  231915   974380  20.18
1880-1884     55-59     0.02311  0.10941  2.57   44379    4855  210108   742465  16.73
1880-1884     60-64     0.03449  0.15925  2.59   39523    6294  182478   532357  13.47
1880-1884     65-69     0.05418  0.23908  2.54   33229    7944  146624   349879  10.53
1880-1884     70-74     0.08444  0.34845  2.49   25285    8810  104334   203255   8.04
1880-1884     75-79     0.13155  0.48951  2.39   16474    8064   61302    98921   6.00
1880-1884     80-84     0.19584  0.63586  2.24    8410    5348   27306    37619   4.47
1880-1884     85-89     0.27700  0.76781  2.10    3062    2351    8489    10314   3.37
1880-1884     90-94     0.37745  0.86374  1.86     711     614    1627     1825   2.57
1880-1884     95-99     0.48322  0.92363  1.66      97      89     185      198   2.04
1880-1884    100-104    0.58792  0.95716  1.48       7       7      12       13   1.69
1880-1884    105-109    0.68449  0.97501  1.33       0       0       0        0   1.46
1880-1884    110+       0.75729  1.00000  1.32       0       0       0        0   1.32
1885-1889        0      0.16666  0.14938  0.31  100000   14938   89631  4354998  43.55
1885-1889      1-4      0.03325  0.12264  1.46   85062   10432  313706  4265367  50.14
1885-1889      5-9      0.00874  0.04262  2.12   74631    3181  363991  3951661  52.95
1885-1889     10-14     0.00440  0.02177  2.30   71450    1555  353050  3587670  50.21
1885-1889     15-19     0.00500  0.02470  2.74   69895    1727  345576  3234621  46.28
1885-1889     20-24     0.00682  0.03355  2.49   68168    2287  335107  2889044  42.38
1885-1889     25-29     0.00719  0.03532  2.52   65881    2327  323636  2553937  38.77
1885-1889     30-34     0.00809  0.03963  2.52   63554    2519  311523  2230301  35.09
1885-1889     35-39     0.00912  0.04458  2.56   61036    2721  298533  1918778  31.44
1885-1889     40-44     0.01044  0.05088  2.51   58314    2967  284181  1620245  27.78
1885-1889     45-49     0.01218  0.05911  2.53   55347    3272  268670  1336065  24.14
1885-1889     50-54     0.01548  0.07457  2.57   52075    3883  250922  1067394  20.50
1885-1889     55-59     0.02279  0.10796  2.56   48192    5203  228291   816473  16.94
1885-1889     60-64     0.03339  0.15456  2.60   42989    6644  198972   588182  13.68
1885-1889     65-69     0.05228  0.23191  2.57   36345    8429  161235   389210  10.71
1885-1889     70-74     0.08276  0.34250  2.48   27916    9561  115534   227975   8.17
1885-1889     75-79     0.12695  0.47644  2.38   18355    8745   68888   112441   6.13
1885-1889     80-84     0.19358  0.63343  2.27    9610    6087   31446    43553   4.53
1885-1889     85-89     0.27164  0.76072  2.11    3523    2680    9865    12107   3.44
1885-1889     90-94     0.36302  0.85214  1.89     843     718    1979     2242   2.66
1885-1889     95-99     0.46554  0.91579  1.69     125     114     245      263   2.11
1885-1889    100-104    0.57165  0.95328  1.50      10      10      18       18   1.74
1885-1889    105-109    0.67322  0.97354  1.35       0       0       1        1   1.48
1885-1889    110+       0.75080  1.00000  1.33       0       0       0        0   1.33
1890-1894        0      0.15115  0.13679  0.31  100000   13679   90504  4304471  43.04
1890-1894      1-4      0.03726  0.13630  1.49   86321   11765  315768  4213967  48.82
1890-1894      5-9      0.01022  0.04962  2.08   74556    3699  361966  3898199  52.29
1890-1894     10-14     0.00502  0.02478  2.32   70856    1756  349571  3536233  49.91
1890-1894     15-19     0.00567  0.02799  2.76   69100    1934  341176  3186661  46.12
1890-1894     20-24     0.00742  0.03638  2.27   67166    2444  329162  2845485  42.36
1890-1894     25-29     0.00698  0.03432  2.64   64723    2221  318366  2516323  38.88
1890-1894     30-34     0.00816  0.03994  2.42   62502    2496  306070  2197957  35.17
1890-1894     35-39     0.00882  0.04320  2.58   60005    2592  293763  1891887  31.53
1890-1894     40-44     0.01028  0.05012  2.47   57413    2877  279787  1598124  27.84
1890-1894     45-49     0.01202  0.05842  2.60   54536    3186  265034  1318337  24.17
1890-1894     50-54     0.01639  0.07885  2.59   51350    4049  246993  1053303  20.51
1890-1894     55-59     0.02149  0.10200  2.51   47301    4825  224484   806310  17.05
1890-1894     60-64     0.03184  0.14821  2.67   42476    6295  197713   581826  13.70
1890-1894     65-69     0.05211  0.23110  2.56   36180    8361  160464   384113  10.62
1890-1894     70-74     0.08324  0.34469  2.51   27819    9589  115202   223649   8.04
1890-1894     75-79     0.13154  0.48973  2.39   18230    8928   67869   108447   5.95
1890-1894     80-84     0.19886  0.64067  2.22    9302    5960   29969    40578   4.36
1890-1894     85-89     0.29518  0.78603  2.03    3343    2627    8901    10609   3.17
1890-1894     90-94     0.40701  0.88600  1.81     715     634    1557     1708   2.39
1890-1894     95-99     0.53360  0.94370  1.58      82      77     144      151   1.85
1890-1894    100-104    0.65747  0.97180  1.38       5       4       7        7   1.51
1890-1894    105-109    0.76403  0.98444  1.23       0       0       0        0   1.31
1890-1894    110+       0.83716  1.00000  1.19       0       0       0        0   1.19
1895-1899        0      0.14289  0.13000  0.31  100000   13000   90975  4689462  46.89
1895-1899      1-4      0.02580  0.09682  1.44   87000    8423  326427  4598487  52.86
1895-1899      5-9      0.00722  0.03540  2.17   78577    2781  385027  4272059  54.37
1895-1899     10-14     0.00425  0.02102  2.40   75796    1593  374831  3887032  51.28
1895-1899     15-19     0.00511  0.02525  2.67   74203    1873  366650  3512201  47.33
1895-1899     20-24     0.00696  0.03420  2.45   72329    2474  355328  3145550  43.49
1895-1899     25-29     0.00670  0.03295  2.53   69856    2302  343596  2790222  39.94
1895-1899     30-34     0.00770  0.03778  2.51   67554    2552  331407  2446626  36.22
1895-1899     35-39     0.00829  0.04060  2.51   65002    2639  318432  2115220  32.54
1895-1899     40-44     0.00928  0.04536  2.50   62362    2829  304731  1796788  28.81
1895-1899     45-49     0.01106  0.05383  2.54   59534    3205  289796  1492057  25.06
1895-1899     50-54     0.01488  0.07181  2.58   56329    4045  271846  1202260  21.34
1895-1899     55-59     0.02043  0.09728  2.56   52284    5086  249015   930414  17.80
1895-1899     60-64     0.02822  0.13217  2.61   47198    6238  221055   681400  14.44
1895-1899     65-69     0.04666  0.20985  2.60   40960    8595  184197   460345  11.24
1895-1899     70-74     0.07613  0.31965  2.49   32364   10345  135885   276148   8.53
1895-1899     75-79     0.11763  0.45118  2.42   22019    9935   84460   140263   6.37
1895-1899     80-84     0.18582  0.61608  2.27   12085    7445   40066    55802   4.62
1895-1899     85-89     0.27351  0.76032  2.08    4639    3527   12897    15737   3.39
1895-1899     90-94     0.37854  0.86578  1.87    1112     963    2543     2840   2.55
1895-1899     95-99     0.49661  0.93019  1.64     149     139     280      296   1.99
1895-1899    100-104    0.61547  0.96399  1.44      10      10      16       17   1.62
1895-1899    105-109    0.72288  0.98025  1.28       0       0       1        1   1.38
1895-1899    110+       0.80046  1.00000  1.25       0       0       0        0   1.25
1900-1904        0      0.14811  0.13431  0.31  100000   13431   90676  4488086  44.88
1900-1904      1-4      0.03020  0.11224  1.48   86569    9716  321745  4397410  50.80
1900-1904      5-9      0.00955  0.04647  2.13   76853    3572  374027  4075665  53.03
1900-1904     10-14     0.00527  0.02599  2.38   73282    1905  361423  3701638  50.51
1900-1904     15-19     0.00603  0.02972  2.58   71377    2121  351742  3340214  46.80
1900-1904     20-24     0.00745  0.03659  2.53   69256    2534  340010  2988472  43.15
1900-1904     25-29     0.00781  0.03829  2.44   66722    2555  327066  2648462  39.69
1900-1904     30-34     0.00765  0.03751  2.48   64167    2407  314768  2321396  36.18
1900-1904     35-39     0.00845  0.04140  2.53   61760    2557  302478  2006628  32.49
1900-1904     40-44     0.00957  0.04671  2.49   59203    2765  289086  1704149  28.78
1900-1904     45-49     0.01092  0.05314  2.51   56438    2999  274723  1415063  25.07
1900-1904     50-54     0.01451  0.07005  2.55   53438    3743  258031  1140340  21.34
1900-1904     55-59     0.02020  0.09629  2.58   49695    4785  236884   882309  17.75
1900-1904     60-64     0.03013  0.14054  2.61   44910    6311  209441   645425  14.37
1900-1904     65-69     0.04596  0.20677  2.58   38599    7981  173658   435985  11.30
1900-1904     70-74     0.07537  0.31735  2.51   30618    9717  128926   262327   8.57
1900-1904     75-79     0.11804  0.45266  2.43   20901    9461   80150   133401   6.38
1900-1904     80-84     0.18268  0.61037  2.28   11440    6983   38224    53251   4.65
1900-1904     85-89     0.27497  0.76378  2.09    4457    3404   12381    15027   3.37
1900-1904     90-94     0.38527  0.86870  1.84    1053     915    2374     2646   2.51
1900-1904     95-99     0.50077  0.93216  1.63     138     129     257      272   1.97
1900-1904    100-104    0.62433  0.96597  1.43       9       9      15       15   1.59
1900-1904    105-109    0.73510  0.98168  1.27       0       0       0        0   1.36
1900-1904    110+       0.81391  1.00000  1.23       0       0       0        0   1.23
1905-1909        0      0.13123  0.12027  0.31  100000   12027   91651  4696296  46.96
1905-1909      1-4      0.02461  0.09264  1.46   87973    8149  331158  4604645  52.34
1905-1909      5-9      0.00790  0.03864  2.19   79824    3084  390437  4273487  53.54
1905-1909     10-14     0.00492  0.02428  2.46   76740    1863  378967  3883050  50.60
1905-1909     15-19     0.00606  0.02988  2.61   74876    2238  369028  3504083  46.80
1905-1909     20-24     0.00742  0.03640  2.49   72639    2644  356566  3135055  43.16
1905-1909     25-29     0.00759  0.03724  2.50   69995    2606  343460  2778489  39.70
1905-1909     30-34     0.00789  0.03869  2.48   67388    2607  330371  2435029  36.13
1905-1909     35-39     0.00872  0.04267  2.53   64781    2764  317067  2104658  32.49
1905-1909     40-44     0.00977  0.04767  2.50   62016    2956  302686  1787591  28.82
1905-1909     45-49     0.01120  0.05450  2.53   59060    3219  287367  1484905  25.14
1905-1909     50-54     0.01460  0.07049  2.56   55842    3936  269602  1197538  21.45
1905-1909     55-59     0.02019  0.09623  2.58   51906    4995  247444   927936  17.88
1905-1909     60-64     0.03024  0.14089  2.58   46910    6609  218553   680491  14.51
1905-1909     65-69     0.04596  0.20676  2.58   40301    8333  181304   461939  11.46
1905-1909     70-74     0.07159  0.30378  2.51   31968    9711  135646   280635   8.78
1905-1909     75-79     0.11339  0.44013  2.46   22257    9796   86396   144989   6.51
1905-1909     80-84     0.17971  0.60338  2.28   12461    7519   41839    58593   4.70
1905-1909     85-89     0.26914  0.75439  2.09    4942    3729   13854    16754   3.39
1905-1909     90-94     0.40829  0.87783  1.75    1214    1066    2610     2900   2.39
1905-1909     95-99     0.50410  0.93335  1.63     148     138     275      290   1.96
1905-1909    100-104    0.62663  0.96638  1.42      10      10      15       16   1.59
1905-1909    105-109    0.73673  0.98186  1.26       0       0       0        0   1.35
1905-1909    110+       0.81553  1.00000  1.23       0       0       0        0   1.23
1910-1914        0      0.11945  0.11030  0.31  100000   11030   92342  4901176  49.01
1910-1914      1-4      0.02007  0.07635  1.44   88970    6793  338488  4808834  54.05
1910-1914      5-9      0.00604  0.02970  2.17   82177    2441  403968  4470346  54.40
1910-1914     10-14     0.00425  0.02100  2.46   79736    1675  394422  4066378  51.00
1910-1914     15-19     0.00594  0.02932  2.67   78061    2288  384966  3671956  47.04
1910-1914     20-24     0.00734  0.03605  2.50   75773    2732  372025  3286991  43.38
1910-1914     25-29     0.00768  0.03767  2.46   73041    2751  358225  2914966  39.91
1910-1914     30-34     0.00772  0.03787  2.51   70290    2662  344819  2556740  36.37
1910-1914     35-39     0.00830  0.04067  2.51   67628    2750  331281  2211921  32.71
1910-1914     40-44     0.00947  0.04626  2.55   64878    3002  317040  1880640  28.99
1910-1914     45-49     0.01145  0.05568  2.54   61876    3445  300906  1563600  25.27
1910-1914     50-54     0.01449  0.07001  2.58   58431    4091  282263  1262694  21.61
1910-1914     55-59     0.02026  0.09660  2.59   54340    5250  259057   980430  18.04
1910-1914     60-64     0.02976  0.13884  2.60   49091    6816  229062   721373  14.69
1910-1914     65-69     0.04426  0.19991  2.58   42275    8451  190935   492311  11.65
1910-1914     70-74     0.06953  0.29594  2.49   33824   10010  143969   301376   8.91
1910-1914     75-79     0.11012  0.43016  2.46   23814   10244   93022   157407   6.61
1910-1914     80-84     0.17976  0.60500  2.30   13570    8210   45671    64385   4.74
1910-1914     85-89     0.26201  0.74645  2.12    5360    4001   15271    18714   3.49
1910-1914     90-94     0.38182  0.86703  1.85    1359    1178    3086     3443   2.53
1910-1914     95-99     0.49953  0.93181  1.64     181     168     337      357   1.97
1910-1914    100-104    0.62452  0.96606  1.43      12      12      19       20   1.59
1910-1914    105-109    0.73623  0.98182  1.27       0       0       1        1   1.36
1910-1914    110+       0.81542  1.00000  1.23       0       0       0        0   1.23
1915-1919        0      0.12199  0.11246  0.31  100000   11246   92193  4316179  43.16
1915-1919      1-4      0.02469  0.09295  1.47   88754    8250  334174  4223986  47.59
1915-1919      5-9      0.00753  0.03685  2.16   80504    2966  394083  3889811  48.32
1915-1919     10-14     0.00504  0.02490  2.47   77538    1931  382811  3495728  45.08
1915-1919     15-19     0.00947  0.04637  2.82   75607    3506  370386  3112917  41.17
1915-1919     20-24     0.01464  0.07056  2.45   72101    5087  347516  2742532  38.04
1915-1919     25-29     0.01325  0.06408  2.44   67014    4294  324059  2395016  35.74
1915-1919     30-34     0.01242  0.06020  2.46   62719    3776  304017  2070957  33.02
1915-1919     35-39     0.01263  0.06120  2.50   58944    3607  285694  1766940  29.98
1915-1919     40-44     0.01332  0.06444  2.46   55336    3566  267613  1481246  26.77
1915-1919     45-49     0.01539  0.07412  2.53   51771    3837  249358  1213633  23.44
1915-1919     50-54     0.01803  0.08638  2.57   47933    4140  229608   964275  20.12
1915-1919     55-59     0.02477  0.11676  2.55   43793    5113  206456   734667  16.78
1915-1919     60-64     0.03422  0.15792  2.56   38680    6108  178485   528211  13.66
1915-1919     65-69     0.05140  0.22841  2.57   32572    7440  144749   349726  10.74
1915-1919     70-74     0.08093  0.33636  2.49   25132    8453  104448   204976   8.16
1915-1919     75-79     0.12687  0.47740  2.41   16679    7962   62758   100528   6.03
1915-1919     80-84     0.19993  0.64552  2.26    8716    5627   28143    37770   4.33
1915-1919     85-89     0.30122  0.79593  2.04    3090    2459    8164     9627   3.12
1915-1919     90-94     0.42006  0.89386  1.79     631     564    1342     1463   2.32
1915-1919     95-99     0.54697  0.94789  1.55      67      63     116      121   1.81
1915-1919    100-104    0.67161  0.97401  1.36       3       3       5        5   1.48
1915-1919    105-109    0.77711  0.98558  1.21       0       0       0        0   1.29
1915-1919    110+       0.84876  1.00000  1.18       0       0       0        0   1.18
1920-1924        0      0.10635  0.09904  0.31  100000    9904   93124  5091855  50.92
1920-1924      1-4      0.01561  0.05997  1.36   90096    5403  346101  4998731  55.48
1920-1924      5-9      0.00445  0.02197  2.22   84693    1861  418287  4652630  54.94
1920-1924     10-14     0.00366  0.01812  2.52   82833    1501  410450  4234343  51.12
1920-1924     15-19     0.00555  0.02739  2.71   81332    2228  401567  3823893  47.02
1920-1924     20-24     0.00795  0.03894  2.40   79104    3081  387503  3422326  43.26
1920-1924     25-29     0.00758  0.03719  2.49   76024    2827  373013  3034823  39.92
1920-1924     30-34     0.00775  0.03800  2.47   73197    2782  358933  2661811  36.37
1920-1924     35-39     0.00813  0.03987  2.51   70415    2807  345088  2302877  32.70
1920-1924     40-44     0.00929  0.04544  2.55   67608    3072  330511  1957789  28.96
1920-1924     45-49     0.01132  0.05505  2.54   64536    3553  313955  1627278  25.22
1920-1924     50-54     0.01462  0.07061  2.57   60983    4306  294463  1313324  21.54
1920-1924     55-59     0.02082  0.09914  2.59   56677    5619  269838  1018861  17.98
1920-1924     60-64     0.03011  0.14028  2.57   51058    7163  237866   749023  14.67
1920-1924     65-69     0.04485  0.20212  2.56   43895    8872  197824   511157  11.64
1920-1924     70-74     0.07019  0.29890  2.52   35023   10468  149147   313333   8.95
1920-1924     75-79     0.10924  0.42650  2.43   24555   10473   95866   164186   6.69
1920-1924     80-84     0.17496  0.59318  2.29   14082    8353   47744    68320   4.85
1920-1924     85-89     0.25322  0.73141  2.11    5729    4190   16548    20576   3.59
1920-1924     90-94     0.36940  0.85429  1.85    1539    1315    3559     4028   2.62
1920-1924     95-99     0.46975  0.91875  1.69     224     206     439      469   2.09
1920-1924    100-104    0.58727  0.95775  1.48      18      17      30       31   1.69
1920-1924    105-109    0.69678  0.97710  1.32       1       1       1        1   1.43
1920-1924    110+       0.77784  1.00000  1.29       0       0       0        0   1.29
1925-1929        0      0.09538  0.08946  0.31  100000    8946   93789  5277158  52.77
1925-1929      1-4      0.01112  0.04319  1.34   91054    3932  353765  5183369  56.93
1925-1929      5-9      0.00330  0.01636  2.31   87122    1425  431779  4829605  55.43
1925-1929     10-14     0.00320  0.01589  2.62   85697    1362  425246  4397826  51.32
1925-1929     15-19     0.00557  0.02751  2.70   84334    2320  416345  3972581  47.11
1925-1929     20-24     0.00795  0.03898  2.44   82014    3197  401882  3556236  43.36
1925-1929     25-29     0.00748  0.03668  2.46   78818    2891  386740  3154354  40.02
1925-1929     30-34     0.00736  0.03614  2.44   75927    2744  372616  2767614  36.45
1925-1929     35-39     0.00782  0.03833  2.52   73182    2805  358963  2394998  32.73
1925-1929     40-44     0.00920  0.04499  2.54   70377    3166  344109  2036034  28.93
1925-1929     45-49     0.01147  0.05580  2.57   67211    3751  326945  1691925  25.17
1925-1929     50-54     0.01549  0.07466  2.58   63460    4738  305836  1364980  21.51
1925-1929     55-59     0.02101  0.09993  2.56   58722    5868  279312  1059144  18.04
1925-1929     60-64     0.03048  0.14184  2.56   52854    7497  245987   779832  14.75
1925-1929     65-69     0.04534  0.20426  2.58   45357    9265  204348   533845  11.77
1925-1929     70-74     0.06852  0.29233  2.49   36092   10551  153973   329497   9.13
1925-1929     75-79     0.10411  0.41196  2.47   25541   10522  101069   175524   6.87
1925-1929     80-84     0.16887  0.58215  2.33   15019    8744   51776    74454   4.96
1925-1929     85-89     0.25229  0.73520  2.16    6276    4614   18288    22679   3.61
1925-1929     90-94     0.36436  0.85541  1.90    1662    1422    3902     4391   2.64
1925-1929     95-99     0.48330  0.92521  1.66     240     222     460      489   2.04
1925-1929    100-104    0.60672  0.96235  1.45      18      17      29       29   1.64
1925-1929    105-109    0.71805  0.97977  1.29       1       1       1        1   1.39
1925-1929    110+       0.79808  1.00000  1.25       0       0       0        0   1.25
1930-1934        0      0.07714  0.07322  0.31  100000    7322   94917  5529130  55.29
1930-1934      1-4      0.00885  0.03461  1.43   92678    3207  362459  5434213  58.64
1930-1934      5-9      0.00317  0.01569  2.31   89471    1404  443578  5071754  56.69
1930-1934     10-14     0.00276  0.01369  2.57   88067    1206  437402  4628176  52.55
1930-1934     15-19     0.00474  0.02344  2.71   86861    2036  429654  4190774  48.25
1930-1934     20-24     0.00667  0.03279  2.44   84826    2782  417022  3761120  44.34
1930-1934     25-29     0.00647  0.03182  2.47   82044    2610  403626  3344098  40.76
1930-1934     30-34     0.00667  0.03279  2.47   79434    2604  390567  2940472  37.02
1930-1934     35-39     0.00738  0.03624  2.53   76829    2785  377266  2549905  33.19
1930-1934     40-44     0.00870  0.04260  2.53   74045    3155  362438  2172639  29.34
1930-1934     45-49     0.01073  0.05232  2.59   70890    3709  345503  1810201  25.54
1930-1934     50-54     0.01472  0.07105  2.57   67182    4773  324316  1464699  21.80
1930-1934     55-59     0.02059  0.09805  2.57   62408    6119  297189  1140383  18.27
1930-1934     60-64     0.02989  0.13934  2.58   56289    7844  262434   843194  14.98
1930-1934     65-69     0.04467  0.20109  2.52   48445    9742  218094   580760  11.99
1930-1934     70-74     0.06626  0.28463  2.53   38704   11016  166268   362666   9.37
1930-1934     75-79     0.10233  0.40530  2.44   27687   11222  109660   196398   7.09
1930-1934     80-84     0.15459  0.54646  2.32   16466    8998   58202    86738   5.27
1930-1934     85-89     0.23279  0.69991  2.15    7468    5227   22453    28535   3.82
1930-1934     90-94     0.35453  0.84212  1.88    2241    1887    5323     6082   2.71
1930-1934     95-99     0.45716  0.91351  1.71     354     323     707      759   2.15
1930-1934    100-104    0.58157  0.95673  1.49      31      29      50       52   1.71
1930-1934    105-109    0.69718  0.97731  1.32       1       1       2        2   1.43
1930-1934    110+       0.78189  1.00000  1.28       0       0       0        0   1.28
1935-1939        0      0.07138  0.06793  0.29  100000    6793   95169  5645709  56.46
1935-1939      1-4      0.00764  0.02996  1.46   93207    2793  365727  5550540  59.55
1935-1939      5-9      0.00280  0.01389  2.34   90414    1256  448731  5184813  57.35
1935-1939     10-14     0.00221  0.01099  2.53   89158     980  443367  4736082  53.12
1935-1939     15-19     0.00385  0.01910  2.69   88178    1684  437005  4292714  48.68
1935-1939     20-24     0.00612  0.03017  2.62   86494    2610  426265  3855709  44.58
1935-1939     25-29     0.00676  0.03321  2.46   83884    2786  412350  3429444  40.88
1935-1939     30-34     0.00655  0.03221  2.50   81098    2612  398959  3017094  37.20
1935-1939     35-39     0.00682  0.03355  2.54   78486    2633  385959  2618135  33.36
1935-1939     40-44     0.00806  0.03952  2.55   75853    2998  371906  2232176  29.43
1935-1939     45-49     0.00998  0.04870  2.56   72855    3548  355631  1860270  25.53
1935-1939     50-54     0.01410  0.06818  2.60   69307    4725  335197  1504639  21.71
1935-1939     55-59     0.02028  0.09669  2.61   64582    6245  307993  1169442  18.11
1935-1939     60-64     0.03030  0.14127  2.61   58338    8241  271953   861449  14.77
1935-1939     65-69     0.04610  0.20723  2.56   50096   10381  225183   589496  11.77
1935-1939     70-74     0.06943  0.29630  2.53   39715   11768  169483   364313   9.17
1935-1939     75-79     0.10747  0.42178  2.45   27948   11788  109680   194830   6.97
1935-1939     80-84     0.16149  0.56425  2.33   16160    9118   56464    85150   5.27
1935-1939     85-89     0.22124  0.67979  2.16    7042    4787   21637    28686   4.07
1935-1939     90-94     0.30319  0.79837  2.04    2255    1800    5938     7050   3.13
1935-1939     95-99     0.39786  0.87780  1.82     455     399    1003     1112   2.45
1935-1939    100-104    0.50364  0.93202  1.62      56      52     103      109   1.96
1935-1939    105-109    0.61241  0.96300  1.44       4       4       6        6   1.63
1935-1939    110+       0.69930  1.00000  1.43       0       0       0        0   1.43
1940-1944        0      0.06822  0.06501  0.28  100000    6501   95303  5000099  50.00
1940-1944      1-4      0.00756  0.02970  1.55   93499    2777  367200  4904796  52.46
1940-1944      5-9      0.00308  0.01528  2.28   90722    1386  449846  4537596  50.02
1940-1944     10-14     0.00239  0.01189  2.58   89336    1062  444111  4087750  45.76
1940-1944     15-19     0.00695  0.03435  3.28   88273    3032  436144  3643639  41.28
1940-1944     20-24     0.02330  0.10982  2.39   85241    9361  401772  3207495  37.63
1940-1944     25-29     0.01754  0.08385  2.37   75880    6363  362689  2805723  36.98
1940-1944     30-34     0.01370  0.06611  2.39   69518    4596  335571  2443034  35.14
1940-1944     35-39     0.01155  0.05610  2.42   64922    3642  315211  2107462  32.46
1940-1944     40-44     0.00993  0.04845  2.45   61280    2969  298843  1792252  29.25
1940-1944     45-49     0.01026  0.05006  2.56   58311    2919  284444  1493409  25.61
1940-1944     50-54     0.01381  0.06687  2.63   55392    3704  268200  1208965  21.83
1940-1944     55-59     0.01997  0.09529  2.61   51688    4925  246687   940766  18.20
1940-1944     60-64     0.02951  0.13777  2.60   46763    6442  218335   694078  14.84
1940-1944     65-69     0.04432  0.20019  2.59   40320    8072  182114   475744  11.80
1940-1944     70-74     0.06777  0.29075  2.56   32249    9376  138349   293629   9.11
1940-1944     75-79     0.10837  0.42459  2.45   22872    9711   89613   155281   6.79
1940-1944     80-84     0.17294  0.58964  2.30   13161    7760   44873    65668   4.99
1940-1944     85-89     0.22162  0.67514  2.11    5401    3646   16453    20795   3.85
1940-1944     90-94     0.39791  0.89218  1.91    1754    1565    3934     4342   2.47
1940-1944     95-99     0.45481  0.91147  1.71     189     172     379      408   2.16
1940-1944    100-104    0.56903  0.95296  1.51      17      16      28       29   1.74
1940-1944    105-109    0.67576  0.97404  1.35       1       1       1        1   1.48
1940-1944    110+       0.75562  1.00000  1.32       0       0       0        0   1.32
1945-1949        0      0.05862  0.05613  0.24  100000    5613   95754  6039663  60.40
1945-1949      1-4      0.00458  0.01812  1.55   94387    1711  373350  5943909  62.97
1945-1949      5-9      0.00184  0.00917  2.24   92676     850  461029  5570559  60.11
1945-1949     10-14     0.00146  0.00729  2.64   91826     669  457552  5109530  55.64
1945-1949     15-19     0.00312  0.01548  2.90   91157    1411  452826  4651978  51.03
1945-1949     20-24     0.00508  0.02509  2.48   89745    2252  443052  4199152  46.79
1945-1949     25-29     0.00483  0.02386  2.48   87494    2088  432206  3756100  42.93
1945-1949     30-34     0.00484  0.02393  2.51   85406    2044  421934  3323894  38.92
1945-1949     35-39     0.00517  0.02554  2.51   83362    2129  411521  2901960  34.81
1945-1949     40-44     0.00642  0.03159  2.59   81233    2566  399972  2490440  30.66
1945-1949     45-49     0.00875  0.04285  2.64   78667    3371  385395  2090468  26.57
1945-1949     50-54     0.01243  0.06036  2.64   75296    4545  365751  1705073  22.64
1945-1949     55-59     0.01786  0.08565  2.62   70751    6060  339320  1339322  18.93
1945-1949     60-64     0.02704  0.12706  2.62   64692    8220  303933  1000002  15.46
1945-1949     65-69     0.04100  0.18661  2.59   56472   10538  257003   696068  12.33
1945-1949     70-74     0.06367  0.27559  2.56   45934   12659  198805   439065   9.56
1945-1949     75-79     0.09709  0.38994  2.48   33275   12975  133644   240260   7.22
1945-1949     80-84     0.15638  0.55322  2.36   20300   11230   71815   106617   5.25
1945-1949     85-89     0.21930  0.67610  2.16    9070    6132   27961    34802   3.84
1945-1949     90-94     0.42169  0.89333  1.77    2938    2624    6223     6841   2.33
1945-1949     95-99     0.49967  0.93334  1.64     313     292     585      618   1.97
1945-1949    100-104    0.64410  0.97048  1.40      21      20      31       32   1.54
1945-1949    105-109    0.77207  0.98560  1.22       1       1       1        1   1.29
1945-1949    110+       0.85929  1.00000  1.16       0       0       0        0   1.16
1950-1954        0      0.03553  0.03451  0.16  100000    3451   97108  6608211  66.08
1950-1954      1-4      0.00198  0.00790  1.50   96549     763  384289  6511103  67.44
1950-1954      5-9      0.00077  0.00386  2.31   95787     370  477939  6126814  63.96
1950-1954     10-14     0.00066  0.00328  2.64   95417     313  476344  5648875  59.20
1950-1954     15-19     0.00119  0.00595  2.88   95104     566  474316  5172531  54.39
1950-1954     20-24     0.00195  0.00969  2.57   94537     916  470464  4698215  49.70
1950-1954     25-29     0.00228  0.01132  2.59   93621    1060  465549  4227751  45.16
1950-1954     30-34     0.00258  0.01281  2.60   92561    1186  459957  3762202  40.65
1950-1954     35-39     0.00320  0.01590  2.60   91376    1453  453395  3302245  36.14
1950-1954     40-44     0.00435  0.02152  2.64   89923    1935  445040  2848849  31.68
1950-1954     45-49     0.00664  0.03270  2.66   87988    2877  433219  2403810  27.32
1950-1954     50-54     0.01041  0.05083  2.66   85111    4327  415426  1970590  23.15
1950-1954     55-59     0.01596  0.07686  2.62   80784    6209  389149  1555164  19.25
1950-1954     60-64     0.02474  0.11687  2.63   74575    8716  352255  1166015  15.64
1950-1954     65-69     0.03923  0.17929  2.60   65859   11808  301010   813760  12.36
1950-1954     70-74     0.06262  0.27160  2.56   54052   14680  234437   512751   9.49
1950-1954     75-79     0.10176  0.40536  2.49   39371   15959  156839   278313   7.07
1950-1954     80-84     0.15709  0.55546  2.36   23412   13004   82784   121475   5.19
1950-1954     85-89     0.24046  0.71656  2.18   10408    7458   31014    38691   3.72
1950-1954     90-94     0.36988  0.85913  1.88    2950    2534    6852     7676   2.60
1950-1954     95-99     0.49649  0.93160  1.65     416     387     780      824   1.98
1950-1954    100-104    0.63318  0.96814  1.41      28      28      43       45   1.57
1950-1954    105-109    0.75284  0.98365  1.25       1       1       1        1   1.33
1950-1954    110+       0.83483  1.00000  1.20       0       0       0        0   1.20
1955-1959        0      0.02670  0.02610  0.13  100000    2610   97732  6803457  68.03
1955-1959      1-4      0.00167  0.00665  1.49   97390     647  387934  6705726  68.85
1955-1959      5-9      0.00061  0.00307  2.37   96743     297  482934  6317791  65.30
1955-1959     10-14     0.00048  0.00241  2.57   96446     233  481663  5834857  60.50
1955-1959     15-19     0.00085  0.00423  2.78   96213     407  480159  5353195  55.64
1955-1959     20-24     0.00127  0.00631  2.63   95806     605  477596  4873035  50.86
1955-1959     25-29     0.00162  0.00808  2.60   95201     770  474158  4395439  46.17
1955-1959     30-34     0.00205  0.01018  2.58   94432     961  469835  3921281  41.53
1955-1959     35-39     0.00280  0.01390  2.63   93471    1299  464281  3451446  36.93
1955-1959     40-44     0.00390  0.01934  2.70   92172    1783  456753  2987165  32.41
1955-1959     45-49     0.00598  0.02948  2.68   90389    2664  445772  2530412  27.99
1955-1959     50-54     0.00942  0.04608  2.67   87725    4042  429208  2084640  23.76
1955-1959     55-59     0.01469  0.07098  2.64   83682    5940  404393  1655432  19.78
1955-1959     60-64     0.02289  0.10853  2.62   77742    8437  368657  1251039  16.09
1955-1959     65-69     0.03641  0.16756  2.62   69305   11613  318909   882382  12.73
1955-1959     70-74     0.05864  0.25671  2.58   57692   14810  252549   563473   9.77
1955-1959     75-79     0.09744  0.39206  2.51   42882   16812  172531   310925   7.25
1955-1959     80-84     0.15273  0.54567  2.38   26070   14226   93143   138394   5.31
1955-1959     85-89     0.23503  0.70654  2.18   11844    8368   35605    45250   3.82
1955-1959     90-94     0.34397  0.83888  1.95    3476    2916    8477     9645   2.77
1955-1959     95-99     0.47082  0.92058  1.69     560     516    1095     1168   2.09
1955-1959    100-104    0.60376  0.96223  1.46      44      43      71       73   1.65
1955-1959    105-109    0.72464  0.98077  1.28       2       2       2        2   1.38
1955-1959    110+       0.81042  1.00000  1.23       0       0       0        0   1.23
1960-1964        0      0.01986  0.01951  0.11  100000    1951   98261  6905758  69.06
1960-1964      1-4      0.00105  0.00419  1.62   98049     411  391217  6807498  69.43
1960-1964      5-9      0.00051  0.00256  2.24   97638     250  487501  6416281  65.71
1960-1964     10-14     0.00040  0.00200  2.56   97388     195  486466  5928779  60.88
1960-1964     15-19     0.00082  0.00408  2.77   97193     397  485081  5442313  55.99
1960-1964     20-24     0.00108  0.00539  2.56   96797     521  482713  4957232  51.21
1960-1964     25-29     0.00136  0.00680  2.52   96275     655  479755  4474519  46.48
1960-1964     30-34     0.00179  0.00889  2.61   95621     850  476069  3994764  41.78
1960-1964     35-39     0.00253  0.01258  2.65   94771    1193  471051  3518696  37.13
1960-1964     40-44     0.00376  0.01863  2.68   93578    1743  463838  3047644  32.57
1960-1964     45-49     0.00585  0.02885  2.68   91835    2649  453020  2583806  28.14
1960-1964     50-54     0.00927  0.04536  2.65   89185    4046  436412  2130787  23.89
1960-1964     55-59     0.01442  0.06975  2.66   85140    5939  411821  1694375  19.90
1960-1964     60-64     0.02264  0.10745  2.64   79201    8510  375894  1282553  16.19
1960-1964     65-69     0.03573  0.16468  2.63   70691   11641  325814   906659  12.83
1960-1964     70-74     0.05824  0.25513  2.57   59049   15065  258666   580845   9.84
1960-1964     75-79     0.09524  0.38457  2.50   43984   16915  177593   322179   7.32
1960-1964     80-84     0.15084  0.54067  2.38   27069   14636   97027   144586   5.34
1960-1964     85-89     0.23455  0.70680  2.19   12434    8788   37468    47559   3.83
1960-1964     90-94     0.34507  0.84189  1.96    3646    3069    8894    10091   2.77
1960-1964     95-99     0.47322  0.92181  1.69     576     531    1123     1196   2.08
1960-1964    100-104    0.60809  0.96324  1.45      45      43      71       74   1.63
1960-1964    105-109    0.73031  0.98143  1.27       2       2       2        2   1.37
1960-1964    110+       0.81653  1.00000  1.22       0       0       0        0   1.22
1965-1969        0      0.01526  0.01506  0.12  100000    1506   98672  6960116  69.60
1965-1969      1-4      0.00088  0.00350  1.68   98494     345  393178  6861444  69.66
1965-1969      5-9      0.00056  0.00281  2.34   98149     276  490013  6468266  65.90
1965-1969     10-14     0.00038  0.00189  2.62   97874     185  488928  5978254  61.08
1965-1969     15-19     0.00073  0.00366  2.72   97689     358  487628  5489326  56.19
1965-1969     20-24     0.00098  0.00491  2.61   97331     478  485511  5001697  51.39
1965-1969     25-29     0.00126  0.00627  2.61   96853     607  482819  4516186  46.63
1965-1969     30-34     0.00161  0.00801  2.60   96246     771  479384  4033368  41.91
1965-1969     35-39     0.00246  0.01224  2.64   95475    1168  474617  3553983  37.22
1965-1969     40-44     0.00384  0.01901  2.71   94307    1793  467424  3079367  32.65
1965-1969     45-49     0.00591  0.02917  2.64   92514    2698  456211  2611943  28.23
1965-1969     50-54     0.00905  0.04432  2.67   89816    3981  439803  2155732  24.00
1965-1969     55-59     0.01423  0.06884  2.66   85835    5909  415322  1715929  19.99
1965-1969     60-64     0.02212  0.10511  2.65   79926    8401  379876  1300608  16.27
1965-1969     65-69     0.03517  0.16220  2.61   71524   11601  329851   920732  12.87
1965-1969     70-74     0.05755  0.25274  2.59   59923   15145  263145   590881   9.86
1965-1969     75-79     0.09475  0.38348  2.52   44778   17172  181242   327735   7.32
1965-1969     80-84     0.15161  0.54198  2.37   27606   14962   98687   146494   5.31
1965-1969     85-89     0.23855  0.71303  2.18   12644    9016   37794    47807   3.78
1965-1969     90-94     0.34569  0.83938  1.94    3629    3046    8810    10013   2.76
1965-1969     95-99     0.47611  0.92303  1.68     583     538    1130     1203   2.06
1965-1969    100-104    0.61029  0.96364  1.45      45      43      71       73   1.63
1965-1969    105-109    0.73101  0.98146  1.27       2       2       2        2   1.37
1965-1969    110+       0.81582  1.00000  1.23       0       0       0        0   1.23
1970-1974        0      0.01211  0.01198  0.12  100000    1198   98951  7079528  70.80
1970-1974      1-4      0.00067  0.00266  1.82   98802     263  394636  6980577  70.65
1970-1974      5-9      0.00048  0.00240  2.36   98539     237  492073  6585941  66.84
1970-1974     10-14     0.00038  0.00188  2.66   98303     185  491082  6093868  61.99
1970-1974     15-19     0.00087  0.00432  2.78   98118     424  489647  5602786  57.10
1970-1974     20-24     0.00106  0.00528  2.58   97694     516  487217  5113139  52.34
1970-1974     25-29     0.00118  0.00589  2.58   97177     572  484501  4625922  47.60
1970-1974     30-34     0.00152  0.00760  2.65   96605     734  481300  4141421  42.87
1970-1974     35-39     0.00231  0.01151  2.69   95871    1103  476813  3660121  38.18
1970-1974     40-44     0.00366  0.01813  2.67   94768    1718  469831  3183308  33.59
1970-1974     45-49     0.00571  0.02816  2.64   93050    2621  459055  2713477  29.16
1970-1974     50-54     0.00839  0.04112  2.66   90429    3718  443435  2254421  24.93
1970-1974     55-59     0.01289  0.06258  2.66   86711    5426  420876  1810986  20.89
1970-1974     60-64     0.02034  0.09706  2.65   81284    7889  387852  1390110  17.10
1970-1974     65-69     0.03178  0.14775  2.62   73395   10844  341184  1002258  13.66
1970-1974     70-74     0.05118  0.22773  2.58   62551   14245  278323   661073  10.57
1970-1974     75-79     0.08352  0.34666  2.55   48306   16746  200505   382750   7.92
1970-1974     80-84     0.13559  0.50182  2.41   31560   15837  116802   182245   5.77
1970-1974     85-89     0.21138  0.66740  2.24   15723   10493   49643    65443   4.16
1970-1974     90-94     0.31231  0.81163  2.04    5229    4244   13590    15801   3.02
1970-1974     95-99     0.43520  0.90309  1.76     985     890    2044     2211   2.24
1970-1974    100-104    0.56818  0.95389  1.52      95      91     160      167   1.75
1970-1974    105-109    0.69342  0.97708  1.32       4       4       6        6   1.44
1970-1974    110+       0.78453  1.00000  1.27       0       0       0        0   1.27
1975-1979        0      0.00883  0.00877  0.13  100000     877   99238  7255533  72.56
1975-1979      1-4      0.00050  0.00199  1.77   99123     198  396053  7156295  72.20
1975-1979      5-9      0.00033  0.00164  2.44   98926     162  494213  6760241  68.34
1975-1979     10-14     0.00028  0.00138  2.62   98763     136  493493  6266029  63.44
1975-1979     15-19     0.00072  0.00359  2.89   98627     354  492387  5772535  58.53
1975-1979     20-24     0.00095  0.00476  2.56   98273     468  490223  5280149  53.73
1975-1979     25-29     0.00115  0.00572  2.62   97805     559  487694  4789926  48.97
1975-1979     30-34     0.00135  0.00673  2.60   97246     655  484656  4302232  44.24
1975-1979     35-39     0.00199  0.00990  2.60   96591     957  480662  3817576  39.52
1975-1979     40-44     0.00306  0.01519  2.70   95634    1453  474823  3336914  34.89
1975-1979     45-49     0.00501  0.02476  2.69   94181    2332  465514  2862091  30.39
1975-1979     50-54     0.00776  0.03812  2.65   91850    3501  451027  2396577  26.09
1975-1979     55-59     0.01165  0.05672  2.66   88349    5011  429992  1945551  22.02
1975-1979     60-64     0.01794  0.08604  2.64   83337    7170  399748  1515558  18.19
1975-1979     65-69     0.02820  0.13217  2.63   76167   10067  357004  1115811  14.65
1975-1979     70-74     0.04484  0.20248  2.61   66100   13384  298469   758806  11.48
1975-1979     75-79     0.07250  0.30762  2.54   52716   16217  223684   460338   8.73
1975-1979     80-84     0.11537  0.44645  2.47   36499   16295  141244   236654   6.48
1975-1979     85-89     0.18009  0.60760  2.32   20204   12276   68165    95410   4.72
1975-1979     90-94     0.26741  0.75332  2.10    7928    5973   22335    27244   3.44
1975-1979     95-99     0.38487  0.87170  1.86    1956    1705    4429     4910   2.51
1975-1979    100-104    0.51604  0.93836  1.61     251     235     456      480   1.91
1975-1979    105-109    0.64761  0.97049  1.39      15      15      23       24   1.54
1975-1979    110+       0.74783  1.00000  1.34       0       0       1        1   1.34
1980-1984        0      0.00655  0.00651  0.14  100000     651   99437  7426505  74.27
1980-1984      1-4      0.00035  0.00138  1.66   99349     137  397075  7327067  73.75
1980-1984      5-9      0.00024  0.00119  2.42   99212     118  495753  6929992  69.85
1980-1984     10-14     0.00021  0.00106  2.63   99093     105  495217  6434239  64.93
1980-1984     15-19     0.00059  0.00292  2.77   98988     289  494294  5939022  60.00
1980-1984     20-24     0.00077  0.00386  2.60   98699     381  492578  5444728  55.17
1980-1984     25-29     0.00098  0.00491  2.59   98317     483  490422  4952150  50.37
1980-1984     30-34     0.00127  0.00635  2.61   97834     622  487688  4461728  45.60
1980-1984     35-39     0.00168  0.00837  2.67   97213     813  484169  3974040  40.88
1980-1984     40-44     0.00258  0.01283  2.69   96399    1236  479140  3489871  36.20
1980-1984     45-49     0.00395  0.01959  2.62   95163    1864  471383  3010731  31.64
1980-1984     50-54     0.00659  0.03243  2.67   93299    3026  459448  2539347  27.22
1980-1984     55-59     0.01031  0.05035  2.66   90273    4545  440715  2079899  23.04
1980-1984     60-64     0.01586  0.07647  2.66   85728    6555  413317  1639184  19.12
1980-1984     65-69     0.02472  0.11682  2.65   79172    9249  374083  1225867  15.48
1980-1984     70-74     0.03994  0.18234  2.62   69924   12750  319249   851784  12.18
1980-1984     75-79     0.06429  0.27779  2.56   57174   15882  247058   532535   9.31
1980-1984     80-84     0.10495  0.41468  2.47   41292   17123  163154   285478   6.91
1980-1984     85-89     0.16289  0.56885  2.35   24169   13748   84403   122323   5.06
1980-1984     90-94     0.25151  0.73366  2.16   10420    7645   30397    37920   3.64
1980-1984     95-99     0.35337  0.84688  1.93    2775    2350    6651     7524   2.71
1980-1984    100-104    0.47907  0.92394  1.68     425     393     820      872   2.05
1980-1984    105-109    0.60940  0.96330  1.45      32      31      51       53   1.63
1980-1984    110+       0.71148  1.00000  1.41       1       1       2        2   1.41
1985-1989        0      0.00606  0.00603  0.14  100000     603   99480  7474502  74.75
1985-1989      1-4      0.00030  0.00119  1.66   99397     119  397313  7375023  74.20
1985-1989      5-9      0.00019  0.00095  2.54   99279      94  496164  6977710  70.28
1985-1989     10-14     0.00020  0.00101  2.68   99185     100  495693  6481546  65.35
1985-1989     15-19     0.00064  0.00317  2.85   99085     314  494748  5985853  60.41
1985-1989     20-24     0.00082  0.00410  2.55   98771     405  492859  5491105  55.59
1985-1989     25-29     0.00096  0.00477  2.60   98365     470  490700  4998246  50.81
1985-1989     30-34     0.00130  0.00646  2.64   97896     632  487990  4507547  46.04
1985-1989     35-39     0.00181  0.00903  2.66   97263     878  484266  4019557  41.33
1985-1989     40-44     0.00267  0.01327  2.63   96385    1279  478896  3535291  36.68
1985-1989     45-49     0.00397  0.01968  2.70   95106    1872  471234  3056396  32.14
1985-1989     50-54     0.00610  0.03006  2.63   93234    2803  459532  2585162  27.73
1985-1989     55-59     0.00956  0.04674  2.65   90432    4227  442217  2125630  23.51
1985-1989     60-64     0.01502  0.07253  2.65   86205    6253  416327  1683412  19.53
1985-1989     65-69     0.02303  0.10917  2.63   79952    8728  379056  1267085  15.85
1985-1989     70-74     0.03718  0.17080  2.62   71224   12165  327182   888029  12.47
1985-1989     75-79     0.06117  0.26634  2.57   59059   15730  257141   560847   9.50
1985-1989     80-84     0.10100  0.40272  2.49   43330   17450  172768   303706   7.01
1985-1989     85-89     0.16220  0.56780  2.36   25880   14695   90595   130937   5.06
1985-1989     90-94     0.25207  0.73598  2.17   11185    8232   32658    40342   3.61
1985-1989     95-99     0.36928  0.86097  1.90    2953    2543    6885     7684   2.60
1985-1989    100-104    0.50679  0.93563  1.63     411     384     758      799   1.95
1985-1989    105-109    0.64566  0.97042  1.40      26      26      40       41   1.54
1985-1989    110+       0.75083  1.00000  1.33       1       1       1        1   1.33
1990-1994        0      0.00513  0.00511  0.14  100000     511   99560  7569779  75.70
1990-1994      1-4      0.00025  0.00100  1.55   99489      99  397714  7470219  75.09
1990-1994      5-9      0.00018  0.00089  2.51   99390      89  496729  7072505  71.16
1990-1994     10-14     0.00018  0.00089  2.76   99301      88  496310  6575775  66.22
1990-1994     15-19     0.00061  0.00304  2.95   99213     301  495449  6079466  61.28
1990-1994     20-24     0.00089  0.00444  2.49   98912     439  493456  5584017  56.45
1990-1994     25-29     0.00094  0.00467  2.56   98473     459  491241  5090561  51.70
1990-1994     30-34     0.00121  0.00603  2.65   98013     591  488679  4599320  46.93
1990-1994     35-39     0.00183  0.00909  2.65   97423     886  485034  4110642  42.19
1990-1994     40-44     0.00265  0.01316  2.62   96537    1271  479665  3625608  37.56
1990-1994     45-49     0.00380  0.01885  2.64   95266    1796  472100  3145943  33.02
1990-1994     50-54     0.00543  0.02681  2.62   93471    2506  461395  2673843  28.61
1990-1994     55-59     0.00808  0.03967  2.67   90964    3609  446425  2212448  24.32
1990-1994     60-64     0.01325  0.06425  2.65   87356    5613  423611  1766023  20.22
1990-1994     65-69     0.02076  0.09893  2.64   81743    8087  389619  1342412  16.42
1990-1994     70-74     0.03361  0.15559  2.62   73656   11460  340952   952793  12.94
1990-1994     75-79     0.05606  0.24709  2.60   62195   15368  274122   611840   9.84
1990-1994     80-84     0.09476  0.38413  2.54   46827   17988  189814   337718   7.21
1990-1994     85-89     0.15892  0.56047  2.37   28840   16164  101710   147904   5.13
1990-1994     90-94     0.24717  0.72858  2.18   12676    9236   37365    46194   3.64
1990-1994     95-99     0.37459  0.86590  1.90    3440    2979    7953     8828   2.57
1990-1994    100-104    0.52027  0.94087  1.61     461     434     834      875   1.90
1990-1994    105-109    0.66526  0.97374  1.37      27      27      40       41   1.50
1990-1994    110+       0.77255  1.00000  1.29       1       1       1        1   1.29
1995-1999        0      0.00387  0.00386  0.14  100000     386   99669  7704837  77.05
1995-1999      1-4      0.00022  0.00088  1.70   99614      88  398254  7605169  76.35
1995-1999      5-9      0.00016  0.00079  2.39   99526      79  497426  7206915  72.41
1995-1999     10-14     0.00017  0.00085  2.77   99448      85  497049  6709488  67.47
1995-1999     15-19     0.00048  0.00239  2.93   99363     238  496321  6212439  62.52
1995-1999     20-24     0.00071  0.00353  2.46   99125     350  494738  5716118  57.67
1995-1999     25-29     0.00080  0.00398  2.65   98775     393  492953  5221380  52.86
1995-1999     30-34     0.00102  0.00509  2.56   98382     501  490690  4728427  48.06
1995-1999     35-39     0.00151  0.00754  2.68   97881     738  487693  4237737  43.29
1995-1999     40-44     0.00238  0.01182  2.65   97143    1148  483017  3750045  38.60
1995-1999     45-49     0.00354  0.01753  2.62   95995    1683  475972  3267027  34.03
1995-1999     50-54     0.00510  0.02519  2.64   94312    2376  465955  2791055  29.59
1995-1999     55-59     0.00730  0.03590  2.64   91936    3300  451883  2325101  25.29
1995-1999     60-64     0.01119  0.05452  2.64   88636    4832  431760  1873217  21.13
1995-1999     65-69     0.01821  0.08731  2.65   83803    7317  401844  1441457  17.20
1995-1999     70-74     0.02979  0.13915  2.64   76486   10643  357274  1039614  13.59
1995-1999     75-79     0.04979  0.22239  2.60   65843   14643  294099   682340  10.36
1995-1999     80-84     0.08562  0.35396  2.55   51200   18123  211670   388241   7.58
1995-1999     85-89     0.14772  0.53469  2.42   33077   17686  119727   176571   5.34
1995-1999     90-94     0.24242  0.72195  2.20   15391   11112   45837    56844   3.69
1995-1999     95-99     0.37304  0.86576  1.91    4279    3705    9932    11007   2.57
1995-1999    100-104    0.52763  0.94389  1.60     574     542    1028     1075   1.87
1995-1999    105-109    0.68043  0.97615  1.35      32      31      46       47   1.46
1995-1999    110+       0.79117  1.00000  1.26       1       1       1        1   1.26
2000-2004        0      0.00329  0.00328  0.14  100000     328   99719  7829231  78.29
2000-2004      1-4      0.00018  0.00073  1.75   99672      73  398523  7729512  77.55
2000-2004      5-9      0.00012  0.00059  2.35   99599      59  497839  7330989  73.61
2000-2004     10-14     0.00013  0.00064  2.73   99540      63  497557  6833150  68.65
2000-2004     15-19     0.00046  0.00231  3.04   99477     230  496933  6335594  63.69
2000-2004     20-24     0.00075  0.00374  2.42   99247     372  495277  5838661  58.83
2000-2004     25-29     0.00075  0.00375  2.53   98875     371  493461  5343384  54.04
2000-2004     30-34     0.00091  0.00453  2.59   98505     446  491448  4849922  49.24
2000-2004     35-39     0.00130  0.00649  2.64   98059     636  488794  4358474  44.45
2000-2004     40-44     0.00207  0.01029  2.70   97422    1002  484807  3869681  39.72
2000-2004     45-49     0.00320  0.01589  2.65   96420    1532  478499  3384873  35.11
2000-2004     50-54     0.00480  0.02373  2.63   94888    2252  469114  2906375  30.63
2000-2004     55-59     0.00684  0.03367  2.66   92636    3119  455871  2437261  26.31
2000-2004     60-64     0.00996  0.04866  2.65   89517    4356  437364  1981390  22.13
2000-2004     65-69     0.01526  0.07368  2.65   85161    6275  411085  1544026  18.13
2000-2004     70-74     0.02542  0.11992  2.65   78886    9460  372221  1132940  14.36
2000-2004     75-79     0.04364  0.19785  2.64   69426   13736  314766   760719  10.96
2000-2004     80-84     0.07643  0.32235  2.57   55690   17951  234880   445953   8.01
2000-2004     85-89     0.13592  0.50499  2.46   37738   19057  140215   211074   5.59
2000-2004     90-94     0.23374  0.70818  2.22   18681   13229   56599    70859   3.79
2000-2004     95-99     0.36554  0.86083  1.93    5452    4693   12838    14260   2.62
2000-2004    100-104    0.52663  0.94405  1.60     759     716    1360     1422   1.87
2000-2004    105-109    0.68568  0.97702  1.34      42      41      60       62   1.45
2000-2004    110+       0.79940  1.00000  1.25       1       1       1        1   1.25
2005-2009        0      0.00280  0.00279  0.14  100000     279   99761  7945644  79.46
2005-2009      1-4      0.00018  0.00072  1.85   99721      71  398731  7845883  78.68
2005-2009      5-9      0.00012  0.00062  2.47   99650      62  498093  7447152  74.73
2005-2009     10-14     0.00013  0.00064  2.77   99588      63  497800  6949060  69.78
2005-2009     15-19     0.00045  0.00223  2.94   99525     222  497167  6451260  64.82
2005-2009     20-24     0.00068  0.00338  2.55   99303     336  495690  5954093  59.96
2005-2009     25-29     0.00068  0.00342  2.50   98967     338  493990  5458403  55.15
2005-2009     30-34     0.00087  0.00432  2.55   98629     426  492102  4964412  50.33
2005-2009     35-39     0.00121  0.00601  2.65   98203     591  489629  4472310  45.54
2005-2009     40-44     0.00183  0.00909  2.67   97612     887  485992  3982681  40.80
2005-2009     45-49     0.00294  0.01459  2.69   96725    1411  480367  3496689  36.15
2005-2009     50-54     0.00462  0.02284  2.61   95314    2177  471372  3016322  31.65
2005-2009     55-59     0.00682  0.03354  2.62   93137    3124  458248  2544950  27.32
2005-2009     60-64     0.00966  0.04723  2.61   90013    4251  439912  2086702  23.18
2005-2009     65-69     0.01377  0.06663  2.61   85762    5715  415125  1646790  19.20
2005-2009     70-74     0.02147  0.10219  2.65   80047    8180  381048  1231666  15.39
2005-2009     75-79     0.03659  0.16853  2.66   71867   12111  330964   850618  11.84
2005-2009     80-84     0.06564  0.28367  2.61   59756   16951  258246   519653   8.70
2005-2009     85-89     0.11800  0.45568  2.50   42805   19505  165303   261407   6.11
2005-2009     90-94     0.20898  0.66619  2.28   23300   15522   74274    96104   4.12
2005-2009     95-99     0.33673  0.83684  1.99    7778    6509   19329    21830   2.81
2005-2009    100-104    0.49914  0.93502  1.66    1269    1187    2377     2501   1.97
2005-2009    105-109    0.66507  0.97438  1.37      82      80     121      124   1.50
2005-2009    110+       0.78600  1.00000  1.27       2       2       3        3   1.27
2010-2014        0      0.00217  0.00217  0.14  100000     217   99815  8056715  80.57
2010-2014      1-4      0.00015  0.00061  1.59   99783      61  398987  7956901  79.74
2010-2014      5-9      0.00009  0.00045  2.62   99723      45  498506  7557913  75.79
2010-2014     10-14     0.00009  0.00045  2.72   99677      45  498284  7059407  70.82
2010-2014     15-19     0.00033  0.00163  3.00   99632     163  497836  6561123  65.85
2010-2014     20-24     0.00060  0.00299  2.54   99470     297  496618  6063287  60.96
2010-2014     25-29     0.00070  0.00351  2.52   99172     348  494997  5566670  56.13
2010-2014     30-34     0.00078  0.00387  2.52   98824     383  493171  5071673  51.32
2010-2014     35-39     0.00098  0.00488  2.61   98441     480  491061  4578502  46.51
2010-2014     40-44     0.00144  0.00717  2.64   97961     702  488150  4087441  41.73
2010-2014     45-49     0.00233  0.01157  2.65   97259    1125  483649  3599290  37.01
2010-2014     50-54     0.00372  0.01842  2.69   96134    1771  476586  3115642  32.41
2010-2014     55-59     0.00587  0.02895  2.65   94363    2732  465403  2639055  27.97
2010-2014     60-64     0.00883  0.04324  2.63   91631    3962  448781  2173652  23.72
2010-2014     65-69     0.01315  0.06377  2.63   87668    5591  425065  1724871  19.67
2010-2014     70-74     0.01966  0.09396  2.65   82078    7712  392281  1299805  15.84
2010-2014     75-79     0.03347  0.15519  2.66   74366   11541  344826   907524  12.20
2010-2014     80-84     0.06063  0.26498  2.63   62825   16647  274591   562699   8.96
2010-2014     85-89     0.11316  0.44156  2.51   46177   20390  180193   288108   6.24
2010-2014     90-94     0.20393  0.65829  2.31   25787   16976   83244   107915   4.18
2010-2014     95-99     0.33717  0.83816  2.00    8812    7386   21905    24671   2.80
2010-2014    100-104    0.50735  0.93859  1.64    1426    1338    2638     2766   1.94
2010-2014    105-109    0.68038  0.97674  1.35      88      86     126      128   1.46
2010-2014    110+       0.80387  1.00000  1.24       2       2       3        3   1.24
2015-2019        0      0.00192  0.00192  0.15  100000     192   99836  8153695  81.54
2015-2019      1-4      0.00012  0.00047  1.57   99808      47  399118  8053859  80.69
2015-2019      5-9      0.00006  0.00031  2.31   99761      31  498722  7654741  76.73
2015-2019     10-14     0.00009  0.00046  2.89   99730      46  498553  7156019  71.75
2015-2019     15-19     0.00033  0.00164  3.02   99684     164  498096  6657466  66.79
2015-2019     20-24     0.00054  0.00270  2.53   99520     269  496937  6159370  61.89
2015-2019     25-29     0.00058  0.00290  2.51   99252     288  495542  5662433  57.05
2015-2019     30-34     0.00068  0.00340  2.52   98964     336  493987  5166892  52.21
2015-2019     35-39     0.00087  0.00433  2.65   98627     427  492134  4672905  47.38
2015-2019     40-44     0.00123  0.00612  2.70   98200     601  489616  4180771  42.57
2015-2019     45-49     0.00191  0.00949  2.70   97599     927  485862  3691155  37.82
2015-2019     50-54     0.00312  0.01549  2.65   96672    1497  479838  3205292  33.16
2015-2019     55-59     0.00486  0.02404  2.68   95175    2288  470567  2725454  28.64
2015-2019     60-64     0.00788  0.03868  2.68   92887    3593  456093  2254888  24.28
2015-2019     65-69     0.01207  0.05865  2.62   89294    5237  434016  1798795  20.14
2015-2019     70-74     0.01864  0.08925  2.64   84057    7502  402592  1364778  16.24
2015-2019     75-79     0.03100  0.14456  2.67   76555   11067  356953   962186  12.57
2015-2019     80-84     0.05619  0.24810  2.64   65488   16248  289165   605233   9.24
2015-2019     85-89     0.10762  0.42535  2.54   49240   20944  194607   316068   6.42
2015-2019     90-94     0.19644  0.64408  2.33   28296   18225   92777   121461   4.29
2015-2019     95-99     0.33029  0.83203  2.02   10071    8379   25370    28684   2.85
2015-2019    100-104    0.50200  0.93691  1.66    1692    1585    3157     3314   1.96
2015-2019    105-109    0.67821  0.97655  1.35     107     104     154      157   1.47
2015-2019    110+       0.80422  1.00000  1.24       3       3       3        3   1.24
2020-2021        0      0.00181  0.00181  0.15  100000     181   99845  8182573  81.83
2020-2021      1-4      0.00010  0.00041  1.75   99819      41  399184  8082727  80.97
2020-2021      5-9      0.00006  0.00031  2.37   99778      31  498809  7683543  77.01
2020-2021     10-14     0.00009  0.00043  2.98   99747      42  498650  7184735  72.03
2020-2021     15-19     0.00038  0.00190  2.98   99705     189  498140  6686085  67.06
2020-2021     20-24     0.00057  0.00282  2.53   99515     281  496881  6187944  62.18
2020-2021     25-29     0.00057  0.00286  2.51   99234     284  495464  5691063  57.35
2020-2021     30-34     0.00067  0.00332  2.62   98950     329  493970  5195599  52.51
2020-2021     35-39     0.00082  0.00410  2.51   98622     405  492099  4701629  47.67
2020-2021     40-44     0.00125  0.00622  2.64   98217     611  489641  4209530  42.86
2020-2021     45-49     0.00187  0.00933  2.65   97606     910  485887  3719889  38.11
2020-2021     50-54     0.00292  0.01448  2.68   96695    1400  480225  3234001  33.45
2020-2021     55-59     0.00473  0.02340  2.70   95295    2230  471349  2753776  28.90
2020-2021     60-64     0.00757  0.03721  2.70   93065    3463  457360  2282427  24.53
2020-2021     65-69     0.01160  0.05648  2.67   89602    5060  436222  1825067  20.37
2020-2021     70-74     0.01844  0.08840  2.66   84542    7474  405212  1388845  16.43
2020-2021     75-79     0.02994  0.13977  2.63   77069   10772  359785   983633  12.76
2020-2021     80-84     0.05494  0.24316  2.64   66297   16121  293399   623848   9.41
2020-2021     85-89     0.10217  0.40819  2.54   50176   20481  200469   330449   6.59
2020-2021     90-94     0.19192  0.63567  2.34   29695   18876   98356   129980   4.38
2020-2021     95-99     0.32045  0.82209  2.04   10819    8894   27755    31624   2.92
2020-2021    100-104    0.48827  0.93161  1.68    1925    1793    3672     3870   2.01
2020-2021    105-109    0.66371  0.97452  1.38     132     128     193      198   1.50
2020-2021    110+       0.79182  1.00000  1.26       3       3       4        4   1.26
