France, Total Population, Life tables (period 5x5), Total	Last modified: 12 Aug 2022;  Methods Protocol: v6 (2017)

  Year          Age         mx       qx    ax      lx      dx      Lx       Tx     ex
1816-1819        0      0.20580  0.18007  0.31  100000   18007   87500  3879912  38.80
1816-1819      1-4      0.03642  0.13359  1.52   81993   10954  300788  3792412  46.25
1816-1819      5-9      0.01179  0.05705  2.14   71039    4053  343617  3491624  49.15
1816-1819     10-14     0.00569  0.02802  2.36   66986    1877  329980  3148007  46.99
1816-1819     15-19     0.00713  0.03505  2.66   65109    2282  320215  2818027  43.28
1816-1819     20-24     0.00984  0.04802  2.53   62827    3017  306675  2497812  39.76
1816-1819     25-29     0.00943  0.04605  2.45   59810    2754  292028  2191137  36.63
1816-1819     30-34     0.00989  0.04825  2.52   57056    2753  278465  1899109  33.28
1816-1819     35-39     0.01106  0.05383  2.54   54303    2923  264315  1620644  29.84
1816-1819     40-44     0.01320  0.06391  2.54   51380    3284  248831  1356329  26.40
1816-1819     45-49     0.01584  0.07626  2.56   48096    3668  231533  1107498  23.03
1816-1819     50-54     0.02054  0.09776  2.55   44428    4344  211485   875965  19.72
1816-1819     55-59     0.02584  0.12164  2.60   40085    4876  188729   664479  16.58
1816-1819     60-64     0.04018  0.18296  2.56   35209    6442  160324   475750  13.51
1816-1819     65-69     0.05245  0.23222  2.53   28767    6680  127357   315426  10.96
1816-1819     70-74     0.08216  0.34097  2.51   22087    7531   91661   188069   8.52
1816-1819     75-79     0.11697  0.44883  2.41   14556    6533   55851    96409   6.62
1816-1819     80-84     0.18118  0.60776  2.29    8023    4876   26911    40557   5.06
1816-1819     85-89     0.21354  0.65675  2.07    3147    2067    9678    13646   4.34
1816-1819     90-94     0.25349  0.73335  2.13    1080     792    3125     3968   3.67
1816-1819     95-99     0.33078  0.81930  1.92     288     236     713      843   2.93
1816-1819    100-104    0.39381  0.87103  1.80      52      45     115      130   2.49
1816-1819    105-109    0.46041  0.91000  1.68       7       6      13       14   2.15
1816-1819    110+       0.51413  1.00000  1.95       1       1       1        1   1.95
1820-1824        0      0.20866  0.18226  0.31  100000   18226   87349  3935439  39.35
1820-1824      1-4      0.03730  0.13652  1.51   81774   11164  299322  3848090  47.06
1820-1824      5-9      0.01209  0.05843  2.15   70610    4126  341298  3548768  50.26
1820-1824     10-14     0.00536  0.02642  2.30   66484    1757  327673  3207470  48.24
1820-1824     15-19     0.00663  0.03264  2.70   64728    2113  318781  2879797  44.49
1820-1824     20-24     0.00947  0.04627  2.52   62615    2897  305893  2561016  40.90
1820-1824     25-29     0.00883  0.04319  2.45   59718    2579  292021  2255122  37.76
1820-1824     30-34     0.00916  0.04479  2.51   57138    2559  279317  1963102  34.36
1820-1824     35-39     0.01021  0.04981  2.54   54579    2719  266215  1683784  30.85
1820-1824     40-44     0.01204  0.05848  2.53   51861    3033  251820  1417570  27.33
1820-1824     45-49     0.01400  0.06772  2.57   48828    3306  236109  1165750  23.87
1820-1824     50-54     0.01869  0.08938  2.55   45522    4069  217642   929640  20.42
1820-1824     55-59     0.02369  0.11207  2.60   41453    4646  196117   711998  17.18
1820-1824     60-64     0.03634  0.16698  2.58   36807    6146  169145   515881  14.02
1820-1824     65-69     0.04989  0.22221  2.54   30661    6813  136564   346737  11.31
1820-1824     70-74     0.07665  0.32198  2.52   23848    7679  100171   210173   8.81
1820-1824     75-79     0.11009  0.42911  2.43   16169    6938   63024   110001   6.80
1820-1824     80-84     0.17719  0.60045  2.32    9231    5543   31281    46977   5.09
1820-1824     85-89     0.22038  0.66905  2.06    3688    2468   11197    15696   4.26
1820-1824     90-94     0.25098  0.72857  2.12    1221     889    3543     4499   3.69
1820-1824     95-99     0.33555  0.82423  1.91     331     273     814      956   2.88
1820-1824    100-104    0.40231  0.87717  1.79      58      51     127      142   2.44
1820-1824    105-109    0.47293  0.91625  1.66       7       7      14       15   2.10
1820-1824    110+       0.53017  1.00000  1.89       1       1       1        1   1.89
1825-1829        0      0.20603  0.18025  0.31  100000   18025   87488  3855539  38.56
1825-1829      1-4      0.03907  0.14243  1.51   81975   11676  298869  3768052  45.97
1825-1829      5-9      0.01230  0.05942  2.13   70299    4177  339519  3469182  49.35
1825-1829     10-14     0.00580  0.02856  2.35   66122    1889  325609  3129664  47.33
1825-1829     15-19     0.00724  0.03560  2.66   64233    2287  315807  2804055  43.65
1825-1829     20-24     0.00970  0.04736  2.53   61946    2933  302490  2488248  40.17
1825-1829     25-29     0.00964  0.04707  2.46   59013    2778  288006  2185758  37.04
1825-1829     30-34     0.00970  0.04735  2.51   56235    2663  274547  1897752  33.75
1825-1829     35-39     0.01080  0.05260  2.52   53572    2818  260876  1623204  30.30
1825-1829     40-44     0.01245  0.06038  2.54   50754    3065  246223  1362328  26.84
1825-1829     45-49     0.01482  0.07153  2.56   47689    3411  230121  1116105  23.40
1825-1829     50-54     0.01896  0.09061  2.56   44278    4012  211603   885984  20.01
1825-1829     55-59     0.02499  0.11788  2.60   40266    4746  189920   674381  16.75
1825-1829     60-64     0.03803  0.17410  2.57   35520    6184  162592   484461  13.64
1825-1829     65-69     0.05282  0.23385  2.55   29336    6860  129871   321869  10.97
1825-1829     70-74     0.08079  0.33599  2.50   22476    7552   93469   191998   8.54
1825-1829     75-79     0.11565  0.44531  2.42   14924    6646   57465    98530   6.60
1825-1829     80-84     0.18177  0.60935  2.30    8278    5044   27751    41065   4.96
1825-1829     85-89     0.22694  0.68153  2.07    3234    2204    9712    13314   4.12
1825-1829     90-94     0.26768  0.75048  2.07    1030     773    2887     3602   3.50
1825-1829     95-99     0.34885  0.83654  1.89     257     215     616      715   2.78
1825-1829    100-104    0.41867  0.88777  1.76      42      37      89       99   2.35
1825-1829    105-109    0.49187  0.92463  1.63       5       4       9       10   2.02
1825-1829    110+       0.55108  1.00000  1.81       0       0       1        1   1.81
1830-1834        0      0.20239  0.17746  0.31  100000   17746   87681  3777249  37.77
1830-1834      1-4      0.03969  0.14448  1.51   82254   11884  299418  3689568  44.86
1830-1834      5-9      0.01266  0.06111  2.15   70370    4301  339574  3390150  48.18
1830-1834     10-14     0.00597  0.02938  2.33   66070    1941  325166  3050576  46.17
1830-1834     15-19     0.00744  0.03656  2.71   64128    2345  315261  2725409  42.50
1830-1834     20-24     0.01120  0.05448  2.53   61784    3366  300616  2410148  39.01
1830-1834     25-29     0.01046  0.05094  2.44   58418    2976  284484  2109532  36.11
1830-1834     30-34     0.01085  0.05280  2.51   55442    2927  269920  1825048  32.92
1830-1834     35-39     0.01174  0.05702  2.53   52514    2995  255162  1555128  29.61
1830-1834     40-44     0.01343  0.06499  2.51   49520    3218  239599  1299967  26.25
1830-1834     45-49     0.01561  0.07521  2.56   46301    3482  223009  1060368  22.90
1830-1834     50-54     0.02008  0.09572  2.55   42819    4098  204060   837359  19.56
1830-1834     55-59     0.02575  0.12123  2.60   38721    4694  182327   633299  16.36
1830-1834     60-64     0.03957  0.18045  2.57   34027    6140  155187   450971  13.25
1830-1834     65-69     0.05568  0.24496  2.55   27886    6831  122689   295785  10.61
1830-1834     70-74     0.08624  0.35449  2.49   21055    7464   86548   173096   8.22
1830-1834     75-79     0.12337  0.46690  2.40   13592    6346   51439    86548   6.37
1830-1834     80-84     0.18651  0.62024  2.30    7246    4494   24096    35108   4.85
1830-1834     85-89     0.23627  0.69429  2.03    2752    1910    8086    11013   4.00
1830-1834     90-94     0.26828  0.75249  2.08     841     633    2359     2927   3.48
1830-1834     95-99     0.35639  0.84302  1.87     208     176     492      568   2.73
1830-1834    100-104    0.42676  0.89259  1.74      33      29      68       75   2.30
1830-1834    105-109    0.50030  0.92804  1.61       4       3       7        7   1.98
1830-1834    110+       0.55979  1.00000  1.79       0       0       0        0   1.79
1835-1839        0      0.18471  0.16372  0.31  100000   16372   88635  4022279  40.22
1835-1839      1-4      0.03527  0.12970  1.51   83628   10847  307499  3933643  47.04
1835-1839      5-9      0.01019  0.04949  2.11   72781    3602  353488  3626144  49.82
1835-1839     10-14     0.00535  0.02639  2.42   69179    1826  341178  3272656  47.31
1835-1839     15-19     0.00687  0.03383  2.69   67353    2279  331495  2931477  43.52
1835-1839     20-24     0.01034  0.05044  2.55   65074    3282  317338  2599982  39.95
1835-1839     25-29     0.01006  0.04903  2.44   61792    3029  301194  2282644  36.94
1835-1839     30-34     0.00979  0.04778  2.51   58763    2808  286830  1981450  33.72
1835-1839     35-39     0.01118  0.05441  2.53   55955    3044  272259  1694620  30.29
1835-1839     40-44     0.01252  0.06071  2.52   52911    3212  256597  1422361  26.88
1835-1839     45-49     0.01431  0.06911  2.54   49699    3435  240052  1165764  23.46
1835-1839     50-54     0.01859  0.08894  2.57   46264    4115  221316   925712  20.01
1835-1839     55-59     0.02445  0.11547  2.60   42149    4867  199045   704397  16.71
1835-1839     60-64     0.03677  0.16884  2.58   37282    6295  171189   505351  13.55
1835-1839     65-69     0.05300  0.23461  2.56   30987    7270  137168   334162  10.78
1835-1839     70-74     0.08456  0.34913  2.50   23717    8280   97921   196994   8.31
1835-1839     75-79     0.12094  0.46018  2.40   15437    7104   58737    99073   6.42
1835-1839     80-84     0.18692  0.62041  2.29    8333    5170   27659    40336   4.84
1835-1839     85-89     0.23459  0.69356  2.05    3163    2194    9352    12677   4.01
1835-1839     90-94     0.27252  0.75541  2.05     969     732    2687     3325   3.43
1835-1839     95-99     0.36151  0.84746  1.87     237     201     556      638   2.69
1835-1839    100-104    0.43388  0.89681  1.73      36      32      75       82   2.27
1835-1839    105-109    0.50925  0.93161  1.60       4       3       7        7   1.95
1835-1839    110+       0.57019  1.00000  1.75       0       0       0        0   1.75
1840-1844        0      0.17278  0.15428  0.31  100000   15428   89291  4084881  40.85
1840-1844      1-4      0.03462  0.12751  1.51   84572   10784  311472  3995590  47.24
1840-1844      5-9      0.01030  0.05004  2.12   73789    3692  358320  3684117  49.93
1840-1844     10-14     0.00548  0.02700  2.41   70096    1893  345586  3325797  47.45
1840-1844     15-19     0.00724  0.03560  2.72   68203    2428  335486  2980211  43.70
1840-1844     20-24     0.01152  0.05601  2.54   65775    3684  319806  2644725  40.21
1840-1844     25-29     0.01027  0.05003  2.41   62091    3106  302399  2324919  37.44
1840-1844     30-34     0.00970  0.04736  2.49   58985    2794  287900  2022520  34.29
1840-1844     35-39     0.01032  0.05034  2.54   56191    2829  274008  1734620  30.87
1840-1844     40-44     0.01245  0.06041  2.53   53362    3224  258843  1460612  27.37
1840-1844     45-49     0.01381  0.06678  2.54   50139    3348  242458  1201769  23.97
1840-1844     50-54     0.01724  0.08270  2.55   46790    3870  224456   959310  20.50
1840-1844     55-59     0.02268  0.10758  2.62   42921    4617  203613   734854  17.12
1840-1844     60-64     0.03535  0.16282  2.58   38303    6236  176411   531241  13.87
1840-1844     65-69     0.04901  0.21899  2.57   32067    7022  143277   354830  11.07
1840-1844     70-74     0.08062  0.33577  2.51   25045    8409  104308   211553   8.45
1840-1844     75-79     0.11842  0.45359  2.42   16635    7546   63717   107245   6.45
1840-1844     80-84     0.18747  0.62209  2.30    9090    5655   30163    43528   4.79
1840-1844     85-89     0.24359  0.70910  2.05    3435    2436   10000    13365   3.89
1840-1844     90-94     0.27694  0.75861  2.02     999     758    2737     3365   3.37
1840-1844     95-99     0.37451  0.85820  1.84     241     207     553      627   2.60
1840-1844    100-104    0.45162  0.90667  1.70      34      31      69       75   2.18
1840-1844    105-109    0.53126  0.93967  1.56       3       3       6        6   1.87
1840-1844    110+       0.59548  1.00000  1.68       0       0       0        0   1.68
1845-1849        0      0.17584  0.15671  0.31  100000   15671   89122  4010232  40.10
1845-1849      1-4      0.03518  0.12935  1.50   84329   10908  310042  3921109  46.50
1845-1849      5-9      0.01003  0.04875  2.12   73421    3579  356783  3611067  49.18
1845-1849     10-14     0.00568  0.02800  2.44   69842    1956  344208  3254284  46.60
1845-1849     15-19     0.00742  0.03647  2.70   67886    2476  333741  2910075  42.87
1845-1849     20-24     0.01146  0.05575  2.54   65410    3646  318082  2576335  39.39
1845-1849     25-29     0.01061  0.05166  2.43   61764    3190  300605  2258252  36.56
1845-1849     30-34     0.01044  0.05088  2.50   58573    2980  285422  1957648  33.42
1845-1849     35-39     0.01128  0.05487  2.52   55593    3050  270399  1672225  30.08
1845-1849     40-44     0.01291  0.06255  2.54   52543    3286  254638  1401826  26.68
1845-1849     45-49     0.01542  0.07427  2.54   49257    3658  237299  1147189  23.29
1845-1849     50-54     0.01889  0.09026  2.55   45598    4116  217913   909890  19.95
1845-1849     55-59     0.02436  0.11506  2.59   41483    4773  195902   691977  16.68
1845-1849     60-64     0.03719  0.17059  2.58   36710    6262  168408   496075  13.51
1845-1849     65-69     0.05286  0.23405  2.55   30447    7126  134799   327667  10.76
1845-1849     70-74     0.08258  0.34249  2.51   23321    7987   96728   192867   8.27
1845-1849     75-79     0.12180  0.46260  2.40   15334    7093   58237    96140   6.27
1845-1849     80-84     0.19463  0.63781  2.30    8240    5256   27004    37903   4.60
1845-1849     85-89     0.26109  0.73372  2.02    2985    2190    8387    10899   3.65
1845-1849     90-94     0.29675  0.78427  1.99     795     623    2100     2511   3.16
1845-1849     95-99     0.40828  0.88266  1.78     171     151     371      411   2.40
1845-1849    100-104    0.49463  0.92682  1.63      20      19      38       40   2.00
1845-1849    105-109    0.58149  0.95470  1.48       1       1       2        3   1.71
1845-1849    110+       0.65060  1.00000  1.54       0       0       0        0   1.54
1850-1854        0      0.17498  0.15603  0.31  100000   15603   89169  4091545  40.92
1850-1854      1-4      0.03370  0.12435  1.51   84397   10495  311405  4002376  47.42
1850-1854      5-9      0.00940  0.04577  2.11   73902    3383  359745  3690971  49.94
1850-1854     10-14     0.00550  0.02710  2.46   70519    1911  347743  3331226  47.24
1850-1854     15-19     0.00709  0.03487  2.68   68608    2392  337493  2983484  43.49
1850-1854     20-24     0.01057  0.05153  2.54   66216    3412  322702  2645991  39.96
1850-1854     25-29     0.01001  0.04881  2.43   62804    3065  306155  2323288  36.99
1850-1854     30-34     0.00987  0.04814  2.50   59738    2876  291513  2017134  33.77
1850-1854     35-39     0.01088  0.05299  2.53   56862    3013  276866  1725621  30.35
1850-1854     40-44     0.01232  0.05975  2.52   53849    3218  261266  1448755  26.90
1850-1854     45-49     0.01419  0.06858  2.57   50632    3472  244731  1187489  23.45
1850-1854     50-54     0.01909  0.09119  2.56   47160    4301  225301   942758  19.99
1850-1854     55-59     0.02414  0.11404  2.59   42859    4888  202508   717457  16.74
1850-1854     60-64     0.03594  0.16527  2.57   37971    6276  174631   514949  13.56
1850-1854     65-69     0.05269  0.23359  2.57   31696    7404  140517   340318  10.74
1850-1854     70-74     0.08429  0.34809  2.50   24292    8456  100318   199801   8.23
1850-1854     75-79     0.12037  0.45889  2.41   15836    7267   60370    99483   6.28
1850-1854     80-84     0.19449  0.63624  2.28    8569    5452   28031    39113   4.56
1850-1854     85-89     0.26491  0.74412  2.06    3117    2319    8756    11081   3.56
1850-1854     90-94     0.32619  0.81202  1.91     798     648    1986     2326   2.92
1850-1854     95-99     0.43220  0.89774  1.74     150     135     311      340   2.27
1850-1854    100-104    0.52671  0.93916  1.57      15      14      27       29   1.88
1850-1854    105-109    0.61919  0.96357  1.43       1       1       1        2   1.61
1850-1854    110+       0.69126  1.00000  1.45       0       0       0        0   1.45
1855-1859        0      0.20324  0.17811  0.31  100000   17811   87636  3842279  38.42
1855-1859      1-4      0.03808  0.13908  1.50   82189   11431  300190  3754643  45.68
1855-1859      5-9      0.01051  0.05099  2.11   70758    3608  343353  3454452  48.82
1855-1859     10-14     0.00621  0.03059  2.46   67150    2054  330531  3111100  46.33
1855-1859     15-19     0.00811  0.03979  2.72   65096    2590  319566  2780569  42.71
1855-1859     20-24     0.01291  0.06254  2.52   62506    3909  302852  2461003  39.37
1855-1859     25-29     0.01061  0.05162  2.38   58597    3025  285045  2158151  36.83
1855-1859     30-34     0.00997  0.04865  2.49   55572    2703  271082  1873106  33.71
1855-1859     35-39     0.01039  0.05065  2.52   52869    2678  257703  1602024  30.30
1855-1859     40-44     0.01225  0.05947  2.55   50191    2985  243631  1344321  26.78
1855-1859     45-49     0.01434  0.06925  2.55   47206    3269  228009  1100690  23.32
1855-1859     50-54     0.01836  0.08790  2.58   43937    3862  210336   872681  19.86
1855-1859     55-59     0.02513  0.11848  2.59   40075    4748  188926   662344  16.53
1855-1859     60-64     0.03661  0.16815  2.58   35327    5940  162270   473418  13.40
1855-1859     65-69     0.05317  0.23529  2.56   29387    6914  130050   311148  10.59
1855-1859     70-74     0.08612  0.35453  2.51   22472    7967   92507   181097   8.06
1855-1859     75-79     0.12591  0.47384  2.39   14505    6873   54589    88590   6.11
1855-1859     80-84     0.19688  0.64181  2.29    7632    4898   24880    34001   4.46
1855-1859     85-89     0.28588  0.77263  2.03    2734    2112    7388     9121   3.34
1855-1859     90-94     0.33989  0.82250  1.86     622     511    1504     1733   2.79
1855-1859     95-99     0.47547  0.92052  1.67     110     102     214      229   2.07
1855-1859    100-104    0.58389  0.95646  1.49       9       8      14       15   1.70
1855-1859    105-109    0.68554  0.97532  1.33       0       0       1        1   1.46
1855-1859    110+       0.76177  1.00000  1.31       0       0       0        0   1.31
1860-1864        0      0.18763  0.16601  0.31  100000   16601   88476  4208761  42.09
1860-1864      1-4      0.03221  0.11928  1.51   83399    9948  308858  4120285  49.40
1860-1864      5-9      0.00779  0.03805  2.00   73451    2795  358858  3811427  51.89
1860-1864     10-14     0.00491  0.02425  2.57   70656    1714  349121  3452569  48.86
1860-1864     15-19     0.00665  0.03275  2.65   68943    2258  339398  3103448  45.02
1860-1864     20-24     0.00916  0.04478  2.53   66685    2986  326037  2764050  41.45
1860-1864     25-29     0.00857  0.04193  2.45   63698    2671  311693  2438013  38.27
1860-1864     30-34     0.00883  0.04319  2.50   61027    2636  298560  2126320  34.84
1860-1864     35-39     0.00929  0.04541  2.52   58392    2651  285393  1827760  31.30
1860-1864     40-44     0.01087  0.05293  2.55   55740    2950  271460  1542366  27.67
1860-1864     45-49     0.01293  0.06268  2.58   52790    3309  255932  1270906  24.07
1860-1864     50-54     0.01709  0.08204  2.55   49481    4059  237464  1014974  20.51
1860-1864     55-59     0.02200  0.10455  2.63   45422    4749  215869   777510  17.12
1860-1864     60-64     0.03612  0.16611  2.58   40673    6756  187027   561641  13.81
1860-1864     65-69     0.04972  0.22172  2.56   33917    7520  151260   374614  11.05
1860-1864     70-74     0.07940  0.33156  2.51   26397    8752  110226   223354   8.46
1860-1864     75-79     0.11893  0.45506  2.42   17645    8029   67513   113128   6.41
1860-1864     80-84     0.18357  0.61450  2.31    9615    5909   32186    45614   4.74
1860-1864     85-89     0.25868  0.73706  2.08    3707    2732   10562    13428   3.62
1860-1864     90-94     0.32171  0.80403  1.89     975     784    2436     2866   2.94
1860-1864     95-99     0.43531  0.90020  1.74     191     172     395      430   2.25
1860-1864    100-104    0.53778  0.94333  1.56      19      18      33       35   1.84
1860-1864    105-109    0.63777  0.96752  1.40       1       1       2        2   1.56
1860-1864    110+       0.71516  1.00000  1.40       0       0       0        0   1.40
1865-1869        0      0.19468  0.17151  0.31  100000   17151   88096  4116804  41.17
1865-1869      1-4      0.03274  0.12106  1.50   82849   10029  306314  4028708  48.63
1865-1869      5-9      0.00748  0.03656  1.99   72820    2663  356078  3722394  51.12
1865-1869     10-14     0.00469  0.02321  2.59   70157    1628  346862  3366316  47.98
1865-1869     15-19     0.00695  0.03418  2.66   68529    2342  337173  3019454  44.06
1865-1869     20-24     0.00936  0.04576  2.52   66187    3028  323430  2682281  40.53
1865-1869     25-29     0.00915  0.04471  2.47   63158    2824  308648  2358851  37.35
1865-1869     30-34     0.00954  0.04661  2.51   60334    2812  294676  2050202  33.98
1865-1869     35-39     0.01029  0.05016  2.53   57522    2885  280472  1755527  30.52
1865-1869     40-44     0.01196  0.05808  2.54   54637    3173  265368  1475055  27.00
1865-1869     45-49     0.01399  0.06766  2.56   51463    3482  248831  1209686  23.51
1865-1869     50-54     0.01832  0.08768  2.56   47981    4207  229659   960856  20.03
1865-1869     55-59     0.02367  0.11194  2.58   43774    4900  207021   731197  16.70
1865-1869     60-64     0.03579  0.16486  2.61   38874    6409  179058   524176  13.48
1865-1869     65-69     0.05518  0.24311  2.55   32465    7893  143022   345119  10.63
1865-1869     70-74     0.08346  0.34536  2.50   24572    8486  101686   202096   8.22
1865-1869     75-79     0.12272  0.46508  2.40   16086    7481   60963   100410   6.24
1865-1869     80-84     0.19095  0.63006  2.30    8605    5421   28392    39448   4.58
1865-1869     85-89     0.27291  0.75640  2.05    3183    2408    8823    11055   3.47
1865-1869     90-94     0.32802  0.80906  1.87     775     627    1913     2232   2.88
1865-1869     95-99     0.45499  0.91062  1.71     148     135     296      320   2.16
1865-1869    100-104    0.55950  0.94988  1.52      13      13      22       23   1.77
1865-1869    105-109    0.65959  0.97131  1.37       1       1       1        1   1.51
1865-1869    110+       0.73609  1.00000  1.36       0       0       0        0   1.36
1870-1874        0      0.20268  0.17768  0.31  100000   17768   87667  3838483  38.38
1870-1874      1-4      0.03438  0.12661  1.49   82232   10412  302823  3750816  45.61
1870-1874      5-9      0.00886  0.04320  2.08   71820    3103  350037  3447992  48.01
1870-1874     10-14     0.00544  0.02683  2.50   68718    1844  338981  3097956  45.08
1870-1874     15-19     0.00810  0.03977  2.79   66874    2660  328497  2758974  41.26
1870-1874     20-24     0.01481  0.07144  2.55   64214    4587  309827  2430477  37.85
1870-1874     25-29     0.01257  0.06084  2.37   59627    3628  288609  2120650  35.57
1870-1874     30-34     0.01193  0.05793  2.49   55999    3244  271867  1832041  32.72
1870-1874     35-39     0.01242  0.06025  2.51   52755    3179  255856  1560174  29.57
1870-1874     40-44     0.01395  0.06744  2.52   49576    3343  239590  1304318  26.31
1870-1874     45-49     0.01581  0.07607  2.54   46233    3517  222510  1064728  23.03
1870-1874     50-54     0.01964  0.09368  2.55   42716    4002  203770   842218  19.72
1870-1874     55-59     0.02531  0.11927  2.59   38715    4617  182428   638448  16.49
1870-1874     60-64     0.03698  0.16962  2.56   34097    5784  156388   456020  13.37
1870-1874     65-69     0.05253  0.23309  2.59   28313    6600  125640   299632  10.58
1870-1874     70-74     0.08888  0.36344  2.49   21714    7892   88789   173992   8.01
1870-1874     75-79     0.12393  0.46837  2.39   13822    6474   52238    85202   6.16
1870-1874     80-84     0.19599  0.63933  2.28    7348    4698   23970    32964   4.49
1870-1874     85-89     0.27860  0.76462  2.05    2650    2026    7274     8994   3.39
1870-1874     90-94     0.34476  0.82662  1.85     624     516    1496     1720   2.76
1870-1874     95-99     0.47443  0.92010  1.67     108     100     210      224   2.08
1870-1874    100-104    0.58327  0.95632  1.49       9       8      14       15   1.70
1870-1874    105-109    0.68513  0.97526  1.33       0       0       1        1   1.46
1870-1874    110+       0.76131  1.00000  1.31       0       0       0        0   1.31
1875-1879        0      0.17751  0.15804  0.31  100000   15804   89029  4369084  43.69
1875-1879      1-4      0.02633  0.09885  1.52   84196    8323  316113  4280054  50.83
1875-1879      5-9      0.00640  0.03139  2.00   75873    2382  372220  3963942  52.24
1875-1879     10-14     0.00406  0.02009  2.58   73491    1476  363880  3591722  48.87
1875-1879     15-19     0.00596  0.02941  2.71   72015    2118  355220  3227842  44.82
1875-1879     20-24     0.00927  0.04532  2.55   69897    3168  341711  2872623  41.10
1875-1879     25-29     0.00895  0.04377  2.47   66729    2921  326261  2530912  37.93
1875-1879     30-34     0.00944  0.04609  2.50   63808    2941  311688  2204651  34.55
1875-1879     35-39     0.00993  0.04847  2.52   60868    2950  297016  1892963  31.10
1875-1879     40-44     0.01125  0.05471  2.54   57917    3169  281780  1595947  27.56
1875-1879     45-49     0.01328  0.06433  2.56   54749    3522  265165  1314168  24.00
1875-1879     50-54     0.01724  0.08275  2.57   51226    4239  245811  1049003  20.48
1875-1879     55-59     0.02262  0.10729  2.60   46987    5041  222833   803192  17.09
1875-1879     60-64     0.03426  0.15823  2.59   41946    6637  193734   580359  13.84
1875-1879     65-69     0.04959  0.22122  2.56   35309    7811  157505   386624  10.95
1875-1879     70-74     0.07872  0.32971  2.54   27498    9066  115175   229119   8.33
1875-1879     75-79     0.12538  0.47328  2.41   18432    8723   69576   113944   6.18
1875-1879     80-84     0.19047  0.62919  2.30    9708    6108   32070    44368   4.57
1875-1879     85-89     0.27543  0.75864  2.04    3600    2731    9916    12298   3.42
1875-1879     90-94     0.34715  0.83679  1.91     869     727    2094     2383   2.74
1875-1879     95-99     0.48472  0.92513  1.66     142     131     271      288   2.03
1875-1879    100-104    0.60085  0.96080  1.46      11      10      17       18   1.65
1875-1879    105-109    0.70801  0.97847  1.30       0       0       1        1   1.41
1875-1879    110+       0.78665  1.00000  1.27       0       0       0        0   1.27
1880-1884        0      0.18595  0.16469  0.31  100000   16469   88567  4303201  43.03
1880-1884      1-4      0.02791  0.10434  1.50   83531    8716  312318  4214634  50.46
1880-1884      5-9      0.00681  0.03336  2.05   74815    2496  366724  3902315  52.16
1880-1884     10-14     0.00431  0.02131  2.54   72319    1541  357798  3535592  48.89
1880-1884     15-19     0.00615  0.03032  2.69   70778    2146  348926  3177794  44.90
1880-1884     20-24     0.00909  0.04446  2.55   68632    3052  335697  2828868  41.22
1880-1884     25-29     0.00908  0.04438  2.46   65581    2910  320524  2493171  38.02
1880-1884     30-34     0.00966  0.04715  2.52   62670    2955  306023  2172648  34.67
1880-1884     35-39     0.01024  0.04992  2.50   59715    2981  291127  1866624  31.26
1880-1884     40-44     0.01155  0.05615  2.53   56734    3186  275811  1575498  27.77
1880-1884     45-49     0.01334  0.06460  2.56   53548    3459  259299  1299686  24.27
1880-1884     50-54     0.01731  0.08305  2.56   50089    4160  240315  1040388  20.77
1880-1884     55-59     0.02235  0.10601  2.59   45929    4869  217900   800073  17.42
1880-1884     60-64     0.03308  0.15317  2.59   41060    6289  190138   582173  14.18
1880-1884     65-69     0.04854  0.21713  2.57   34771    7550  155542   392035  11.27
1880-1884     70-74     0.07501  0.31605  2.51   27221    8603  114690   236493   8.69
1880-1884     75-79     0.11135  0.43364  2.45   18618    8074   72504   121802   6.54
1880-1884     80-84     0.18763  0.62290  2.30   10544    6568   35006    49298   4.68
1880-1884     85-89     0.25760  0.73530  2.08    3976    2924   11350    14292   3.59
1880-1884     90-94     0.34247  0.83083  1.90    1053     874    2553     2942   2.79
1880-1884     95-99     0.45036  0.90837  1.72     178     162     359      388   2.18
1880-1884    100-104    0.55554  0.94880  1.53      16      15      28       29   1.79
1880-1884    105-109    0.65645  0.97082  1.37       1       1       1        1   1.52
1880-1884    110+       0.73361  1.00000  1.36       0       0       0        0   1.36
1885-1889        0      0.17626  0.15704  0.31  100000   15704   89098  4410320  44.10
1885-1889      1-4      0.02667  0.09991  1.46   84296    8422  315786  4321222  51.26
1885-1889      5-9      0.00591  0.02899  1.87   75874    2200  372481  4005436  52.79
1885-1889     10-14     0.00397  0.01969  2.67   73674    1450  364987  3632955  49.31
1885-1889     15-19     0.00615  0.03030  2.68   72224    2189  356048  3267968  45.25
1885-1889     20-24     0.00857  0.04196  2.52   70036    2939  342903  2911919  41.58
1885-1889     25-29     0.00841  0.04118  2.49   67097    2763  328553  2569017  38.29
1885-1889     30-34     0.00936  0.04574  2.51   64334    2942  314350  2240464  34.83
1885-1889     35-39     0.01005  0.04906  2.54   61391    3012  299535  1926114  31.37
1885-1889     40-44     0.01169  0.05680  2.51   58380    3316  283634  1626579  27.86
1885-1889     45-49     0.01292  0.06260  2.55   55064    3447  266870  1342945  24.39
1885-1889     50-54     0.01662  0.07989  2.57   51617    4124  248065  1076075  20.85
1885-1889     55-59     0.02189  0.10401  2.60   47493    4940  225633   828010  17.43
1885-1889     60-64     0.03337  0.15443  2.59   42553    6572  196903   602378  14.16
1885-1889     65-69     0.04815  0.21562  2.58   35982    7758  161128   405475  11.27
1885-1889     70-74     0.07728  0.32425  2.52   28223    9151  118419   244347   8.66
1885-1889     75-79     0.11166  0.43329  2.42   19072    8264   74009   125928   6.60
1885-1889     80-84     0.17760  0.60252  2.33   10808    6512   36667    51919   4.80
1885-1889     85-89     0.26296  0.74495  2.09    4296    3200   12171    15252   3.55
1885-1889     90-94     0.33694  0.82562  1.91    1096     905    2685     3082   2.81
1885-1889     95-99     0.47350  0.92042  1.68     191     176     371      397   2.08
1885-1889    100-104    0.59084  0.95857  1.48      15      15      25       26   1.68
1885-1889    105-109    0.69950  0.97742  1.31       1       1       1        1   1.43
1885-1889    110+       0.77958  1.00000  1.28       0       0       0        0   1.28
1890-1894        0      0.18476  0.16375  0.31  100000   16375   88632  4403005  44.03
1890-1894      1-4      0.02514  0.09434  1.38   83625    7889  313844  4314373  51.59
1890-1894      5-9      0.00544  0.02674  1.94   75735    2025  372474  4000529  52.82
1890-1894     10-14     0.00355  0.01762  2.65   73710    1299  365493  3628055  49.22
1890-1894     15-19     0.00613  0.03022  2.74   72411    2188  357117  3262563  45.06
1890-1894     20-24     0.00831  0.04070  2.48   70223    2858  343912  2905446  41.37
1890-1894     25-29     0.00795  0.03895  2.49   67365    2624  330243  2561534  38.02
1890-1894     30-34     0.00887  0.04340  2.54   64741    2810  316786  2231291  34.47
1890-1894     35-39     0.00999  0.04873  2.52   61931    3018  302177  1914505  30.91
1890-1894     40-44     0.01153  0.05605  2.54   58913    3302  286439  1612329  27.37
1890-1894     45-49     0.01323  0.06408  2.53   55611    3563  269244  1325889  23.84
1890-1894     50-54     0.01642  0.07893  2.56   52048    4108  250211  1056646  20.30
1890-1894     55-59     0.02200  0.10455  2.63   47939    5012  227824   806434  16.82
1890-1894     60-64     0.03564  0.16413  2.60   42927    7046  197717   578611  13.48
1890-1894     65-69     0.05248  0.23264  2.56   35881    8347  159055   380894  10.62
1890-1894     70-74     0.08398  0.34763  2.52   27534    9572  113978   221839   8.06
1890-1894     75-79     0.13102  0.48838  2.39   17962    8773   66956   107860   6.00
1890-1894     80-84     0.19493  0.63643  2.27    9190    5849   30004    40905   4.45
1890-1894     85-89     0.28500  0.77668  2.07    3341    2595    9105    10901   3.26
1890-1894     90-94     0.40400  0.87979  1.79     746     656    1625     1795   2.41
1890-1894     95-99     0.52003  0.93892  1.60      90      84     162      170   1.90
1890-1894    100-104    0.64010  0.96871  1.40       5       5       8        9   1.56
1890-1894    105-109    0.74530  0.98261  1.25       0       0       0        0   1.34
1890-1894    110+       0.81943  1.00000  1.22       0       0       0        0   1.22
1895-1899        0      0.17758  0.15809  0.31  100000   15809   89025  4636172  46.36
1895-1899      1-4      0.01954  0.07436  1.38   84191    6260  320353  4547146  54.01
1895-1899      5-9      0.00452  0.02230  2.08   77931    1738  384581  4226793  54.24
1895-1899     10-14     0.00314  0.01559  2.60   76193    1188  378109  3842212  50.43
1895-1899     15-19     0.00533  0.02634  2.71   75005    1976  370506  3464103  46.19
1895-1899     20-24     0.00773  0.03791  2.53   73029    2769  358306  3093598  42.36
1895-1899     25-29     0.00750  0.03680  2.46   70260    2586  344743  2735292  38.93
1895-1899     30-34     0.00817  0.04004  2.51   67674    2710  331632  2390549  35.32
1895-1899     35-39     0.00920  0.04499  2.53   64965    2923  317614  2058916  31.69
1895-1899     40-44     0.01062  0.05172  2.51   62042    3209  302217  1741303  28.07
1895-1899     45-49     0.01267  0.06144  2.55   58833    3615  285297  1439086  24.46
1895-1899     50-54     0.01587  0.07637  2.56   55218    4217  265789  1153790  20.90
1895-1899     55-59     0.02121  0.10091  2.59   51001    5147  242592   888000  17.41
1895-1899     60-64     0.03175  0.14746  2.59   45855    6762  212946   645408  14.08
1895-1899     65-69     0.04843  0.21663  2.57   39093    8469  174858   432462  11.06
1895-1899     70-74     0.07778  0.32598  2.52   30624    9983  128347   257604   8.41
1895-1899     75-79     0.12181  0.46350  2.42   20641    9567   78541   129257   6.26
1895-1899     80-84     0.18910  0.62610  2.30   11074    6934   36666    50716   4.58
1895-1899     85-89     0.27420  0.76178  2.08    4141    3154   11503    14050   3.39
1895-1899     90-94     0.37296  0.85905  1.86     986     847    2272     2547   2.58
1895-1899     95-99     0.49934  0.93121  1.63     139     129     259      275   1.98
1895-1899    100-104    0.61755  0.96437  1.43      10       9      15       15   1.61
1895-1899    105-109    0.72388  0.98033  1.28       0       0       0        0   1.38
1895-1899    110+       0.80055  1.00000  1.25       0       0       0        0   1.25
1900-1904        0      0.16653  0.14928  0.31  100000   14928   89637  4729494  47.29
1900-1904      1-4      0.01709  0.06548  1.42   85072    5570  325901  4639857  54.54
1900-1904      5-9      0.00445  0.02198  2.20   79502    1747  392612  4313956  54.26
1900-1904     10-14     0.00316  0.01569  2.57   77755    1220  385809  3921344  50.43
1900-1904     15-19     0.00510  0.02522  2.68   76534    1930  378203  3535535  46.20
1900-1904     20-24     0.00734  0.03606  2.53   74604    2690  366379  3157332  42.32
1900-1904     25-29     0.00743  0.03646  2.49   71914    2622  352986  2790954  38.81
1900-1904     30-34     0.00809  0.03966  2.51   69292    2748  339625  2437968  35.18
1900-1904     35-39     0.00920  0.04500  2.53   66544    2994  325334  2098343  31.53
1900-1904     40-44     0.01065  0.05186  2.52   63550    3296  309575  1773009  27.90
1900-1904     45-49     0.01279  0.06201  2.54   60254    3736  292082  1463433  24.29
1900-1904     50-54     0.01626  0.07823  2.57   56518    4421  271833  1171352  20.73
1900-1904     55-59     0.02206  0.10474  2.59   52097    5457  247318   899519  17.27
1900-1904     60-64     0.03251  0.15063  2.57   46640    7025  216135   652201  13.98
1900-1904     65-69     0.04885  0.21831  2.57   39614    8648  177030   436066  11.01
1900-1904     70-74     0.07802  0.32684  2.52   30966   10121  129724   259036   8.37
1900-1904     75-79     0.12334  0.46796  2.42   20845    9755   79088   129313   6.20
1900-1904     80-84     0.19158  0.63002  2.28   11090    6987   36471    50225   4.53
1900-1904     85-89     0.27867  0.76911  2.09    4103    3156   11325    13754   3.35
1900-1904     90-94     0.37626  0.86152  1.85     947     816    2169     2429   2.56
1900-1904     95-99     0.49822  0.93064  1.63     131     122     245      260   1.98
1900-1904    100-104    0.61472  0.96373  1.44       9       9      14       15   1.62
1900-1904    105-109    0.72000  0.97986  1.29       0       0       0        0   1.39
1900-1904    110+       0.79633  1.00000  1.26       0       0       0        0   1.26
1905-1909        0      0.14944  0.13540  0.31  100000   13540   90600  4872596  48.73
1905-1909      1-4      0.01485  0.05718  1.36   86460    4943  332796  4781996  55.31
1905-1909      5-9      0.00372  0.01839  2.19   81517    1499  403369  4449200  54.58
1905-1909     10-14     0.00279  0.01386  2.60   80018    1109  397430  4045831  50.56
1905-1909     15-19     0.00491  0.02428  2.70   78909    1916  390136  3648401  46.24
1905-1909     20-24     0.00689  0.03389  2.53   76993    2610  378516  3258265  42.32
1905-1909     25-29     0.00721  0.03539  2.50   74384    2633  365334  2879749  38.71
1905-1909     30-34     0.00789  0.03868  2.54   71751    2776  351925  2514414  35.04
1905-1909     35-39     0.00898  0.04392  2.53   68975    3029  337396  2162489  31.35
1905-1909     40-44     0.01073  0.05230  2.56   65946    3449  321303  1825093  27.68
1905-1909     45-49     0.01314  0.06364  2.56   62497    3978  302772  1503791  24.06
1905-1909     50-54     0.01675  0.08046  2.57   58520    4709  281141  1201018  20.52
1905-1909     55-59     0.02260  0.10717  2.59   53811    5767  255146   919877  17.09
1905-1909     60-64     0.03342  0.15464  2.59   48044    7430  222339   664731  13.84
1905-1909     65-69     0.05007  0.22312  2.56   40614    9062  180987   442392  10.89
1905-1909     70-74     0.07959  0.33243  2.52   31552   10489  131789   261405   8.28
1905-1909     75-79     0.12519  0.47336  2.42   21063    9970   79641   129616   6.15
1905-1909     80-84     0.19163  0.63011  2.28   11093    6990   36475    49975   4.51
1905-1909     85-89     0.28340  0.77391  2.07    4103    3175   11205    13500   3.29
1905-1909     90-94     0.39167  0.87618  1.85     928     813    2075     2295   2.47
1905-1909     95-99     0.51582  0.93746  1.61     115     108     209      220   1.92
1905-1909    100-104    0.63595  0.96797  1.41       7       7      11       11   1.57
1905-1909    105-109    0.74173  0.98226  1.26       0       0       0        0   1.35
1905-1909    110+       0.81665  1.00000  1.22       0       0       0        0   1.22
1910-1914        0      0.13453  0.12303  0.31  100000   12303   91459  4796847  47.97
1910-1914      1-4      0.01357  0.05237  1.30   87697    4593  338384  4705388  53.66
1910-1914      5-9      0.00320  0.01584  2.20   83104    1316  411826  4367004  52.55
1910-1914     10-14     0.00251  0.01249  2.62   81787    1021  406510  3955178  48.36
1910-1914     15-19     0.00724  0.03576  3.20   80766    2888  398628  3548668  43.94
1910-1914     20-24     0.01219  0.05914  2.46   77878    4606  377674  3150040  40.45
1910-1914     25-29     0.01130  0.05492  2.46   73272    4024  356151  2772366  37.84
1910-1914     30-34     0.01100  0.05349  2.44   69248    3704  336749  2416214  34.89
1910-1914     35-39     0.01011  0.04932  2.49   65544    3232  319610  2079465  31.73
1910-1914     40-44     0.01065  0.05188  2.51   62312    3233  303514  1759855  28.24
1910-1914     45-49     0.01230  0.05970  2.57   59079    3527  286829  1456341  24.65
1910-1914     50-54     0.01585  0.07635  2.59   55551    4241  267515  1169512  21.05
1910-1914     55-59     0.02128  0.10121  2.59   51310    5193  244060   901997  17.58
1910-1914     60-64     0.03086  0.14364  2.59   46117    6624  214651   657937  14.27
1910-1914     65-69     0.04752  0.21314  2.59   39493    8418  177158   443286  11.22
1910-1914     70-74     0.07497  0.31643  2.54   31075    9833  131166   266128   8.56
1910-1914     75-79     0.12049  0.46037  2.44   21242    9779   81165   134962   6.35
1910-1914     80-84     0.18167  0.60989  2.31   11463    6991   38481    53797   4.69
1910-1914     85-89     0.27067  0.75792  2.10    4472    3389   12522    15316   3.43
1910-1914     90-94     0.37322  0.86089  1.87    1082     932    2497     2795   2.58
1910-1914     95-99     0.49868  0.93117  1.64     151     140     281      298   1.98
1910-1914    100-104    0.61955  0.96489  1.43      10      10      16       17   1.61
1910-1914    105-109    0.72795  0.98085  1.28       0       0       0        0   1.37
1910-1914    110+       0.80578  1.00000  1.24       0       0       0        0   1.24
1915-1919        0      0.14511  0.13183  0.31  100000   13183   90848  3992262  39.92
1915-1919      1-4      0.01584  0.06081  1.34   86817    5280  333237  3901414  44.94
1915-1919      5-9      0.00411  0.02033  2.21   81538    1658  403058  3568177  43.76
1915-1919     10-14     0.00336  0.01666  2.65   79880    1331  396272  3165119  39.62
1915-1919     15-19     0.01118  0.05489  3.35   78549    4311  385631  2768847  35.25
1915-1919     20-24     0.02991  0.13897  2.46   74237   10317  344987  2383215  32.10
1915-1919     25-29     0.02739  0.12773  2.37   63920    8165  298142  2038228  31.89
1915-1919     30-34     0.02385  0.11234  2.41   55756    6263  262581  1740086  31.21
1915-1919     35-39     0.01829  0.08714  2.30   49492    4313  235808  1477505  29.85
1915-1919     40-44     0.01393  0.06724  2.43   45180    3038  218081  1241697  27.48
1915-1919     45-49     0.01378  0.06662  2.52   42142    2807  203758  1023617  24.29
1915-1919     50-54     0.01647  0.07917  2.57   39334    3114  189098   819858  20.84
1915-1919     55-59     0.02187  0.10386  2.59   36220    3762  172018   630761  17.41
1915-1919     60-64     0.03123  0.14529  2.60   32458    4716  150989   458742  14.13
1915-1919     65-69     0.04789  0.21462  2.58   27743    5954  124331   307754  11.09
1915-1919     70-74     0.07732  0.32468  2.53   21789    7074   91498   183423   8.42
1915-1919     75-79     0.12129  0.46291  2.44   14714    6811   56160    91924   6.25
1915-1919     80-84     0.18998  0.62717  2.29    7903    4956   26089    35764   4.53
1915-1919     85-89     0.28424  0.77663  2.08    2946    2288    8051     9675   3.28
1915-1919     90-94     0.39194  0.87504  1.84     658     576    1469     1624   2.47
1915-1919     95-99     0.52464  0.94084  1.59      82      77     147      155   1.88
1915-1919    100-104    0.64952  0.97054  1.39       5       5       7        7   1.53
1915-1919    105-109    0.75803  0.98393  1.24       0       0       0        0   1.32
1915-1919    110+       0.83333  1.00000  1.20       0       0       0        0   1.20
1920-1924        0      0.11186  0.10380  0.31  100000   10380   92793  5387754  53.88
1920-1924      1-4      0.00967  0.03769  1.32   89620    3377  349418  5294962  59.08
1920-1924      5-9      0.00269  0.01335  2.21   86243    1152  428005  4945544  57.34
1920-1924     10-14     0.00217  0.01080  2.65   85091     919  423299  4517539  53.09
1920-1924     15-19     0.00429  0.02126  2.75   84173    1790  416839  4094240  48.64
1920-1924     20-24     0.00599  0.02951  2.51   82383    2431  405858  3677401  44.64
1920-1924     25-29     0.00616  0.03031  2.48   79952    2423  393662  3271543  40.92
1920-1924     30-34     0.00637  0.03136  2.52   77528    2431  381612  2877881  37.12
1920-1924     35-39     0.00721  0.03544  2.54   75097    2661  368947  2496270  33.24
1920-1924     40-44     0.00849  0.04159  2.56   72436    3012  354815  2127323  29.37
1920-1924     45-49     0.01073  0.05230  2.59   69423    3631  338367  1772507  25.53
1920-1924     50-54     0.01416  0.06846  2.59   65792    4504  318128  1434140  21.80
1920-1924     55-59     0.01982  0.09462  2.60   61288    5799  292536  1116013  18.21
1920-1924     60-64     0.02869  0.13423  2.60   55489    7448  259574   823476  14.84
1920-1924     65-69     0.04344  0.19662  2.59   48041    9446  217431   563903  11.74
1920-1924     70-74     0.06908  0.29545  2.55   38595   11403  165077   346471   8.98
1920-1924     75-79     0.11126  0.43381  2.46   27192   11796  106024   181395   6.67
1920-1924     80-84     0.17172  0.58856  2.33   15396    9061   52767    75370   4.90
1920-1924     85-89     0.25689  0.73955  2.13    6335    4685   18237    22603   3.57
1920-1924     90-94     0.36332  0.85509  1.91    1650    1411    3883     4366   2.65
1920-1924     95-99     0.48712  0.92687  1.66     239     222     455      483   2.02
1920-1924    100-104    0.61191  0.96354  1.45      17      17      28       28   1.62
1920-1924    105-109    0.72464  0.98057  1.28       1       1       1        1   1.38
1920-1924    110+       0.80532  1.00000  1.24       0       0       0        0   1.24
1925-1929        0      0.10146  0.09479  0.31  100000    9479   93418  5473318  54.73
1925-1929      1-4      0.00941  0.03670  1.27   90521    3322  353020  5379900  59.43
1925-1929      5-9      0.00238  0.01185  2.25   87199    1033  433155  5026880  57.65
1925-1929     10-14     0.00200  0.00997  2.70   86167     859  428856  4593726  53.31
1925-1929     15-19     0.00419  0.02076  2.73   85307    1771  422521  4164870  48.82
1925-1929     20-24     0.00571  0.02813  2.48   83536    2350  411768  3742349  44.80
1925-1929     25-29     0.00563  0.02776  2.49   81186    2254  400277  3330581  41.02
1925-1929     30-34     0.00599  0.02953  2.53   78933    2331  388907  2930304  37.12
1925-1929     35-39     0.00687  0.03378  2.57   76602    2588  376709  2541397  33.18
1925-1929     40-44     0.00853  0.04180  2.57   74014    3094  362557  2164687  29.25
1925-1929     45-49     0.01075  0.05238  2.58   70920    3715  345630  1802130  25.41
1925-1929     50-54     0.01442  0.06969  2.59   67206    4683  324722  1456500  21.67
1925-1929     55-59     0.01967  0.09393  2.61   62522    5873  298555  1131778  18.10
1925-1929     60-64     0.02911  0.13606  2.60   56650    7708  264778   833223  14.71
1925-1929     65-69     0.04390  0.19853  2.59   48942    9716  221337   568445  11.61
1925-1929     70-74     0.07000  0.29885  2.55   39226   11723  167464   347108   8.85
1925-1929     75-79     0.11347  0.44078  2.47   27503   12123  106833   179644   6.53
1925-1929     80-84     0.17878  0.60417  2.32   15380    9292   51977    72811   4.73
1925-1929     85-89     0.26906  0.75707  2.11    6088    4609   17130    20834   3.42
1925-1929     90-94     0.38622  0.87199  1.86    1479    1290    3339     3703   2.50
1925-1929     95-99     0.51345  0.93718  1.61     189     177     346      364   1.92
1925-1929    100-104    0.64111  0.96920  1.40      12      12      18       18   1.55
1925-1929    105-109    0.75285  0.98350  1.24       0       0       0        0   1.33
1925-1929    110+       0.83062  1.00000  1.20       0       0       0        0   1.20
1930-1934        0      0.08333  0.07877  0.31  100000    7877   94530  5735736  57.36
1930-1934      1-4      0.00717  0.02813  1.30   92123    2592  361498  5641206  61.24
1930-1934      5-9      0.00205  0.01018  2.26   89531     911  445160  5279708  58.97
1930-1934     10-14     0.00169  0.00839  2.64   88620     744  441346  4834548  54.55
1930-1934     15-19     0.00348  0.01725  2.74   87876    1515  435963  4393202  49.99
1930-1934     20-24     0.00483  0.02385  2.52   86361    2060  426684  3957239  45.82
1930-1934     25-29     0.00493  0.02434  2.51   84301    2052  416394  3530555  41.88
1930-1934     30-34     0.00543  0.02678  2.54   82249    2203  405828  3114161  37.86
1930-1934     35-39     0.00636  0.03132  2.57   80046    2507  394124  2708332  33.83
1930-1934     40-44     0.00788  0.03867  2.58   77538    2999  380421  2314209  29.85
1930-1934     45-49     0.01031  0.05030  2.59   74540    3749  363673  1933787  25.94
1930-1934     50-54     0.01372  0.06642  2.59   70790    4702  342626  1570114  22.18
1930-1934     55-59     0.01916  0.09158  2.60   66088    6052  315887  1227488  18.57
1930-1934     60-64     0.02755  0.12920  2.60   60036    7757  281559   911601  15.18
1930-1934     65-69     0.04195  0.19053  2.59   52279    9961  237422   630042  12.05
1930-1934     70-74     0.06567  0.28303  2.56   42319   11977  182393   392619   9.28
1930-1934     75-79     0.10494  0.41479  2.47   30341   12585  119925   210227   6.93
1930-1934     80-84     0.16248  0.56774  2.35   17756   10081   62044    90302   5.09
1930-1934     85-89     0.24736  0.72626  2.16    7675    5574   22535    28258   3.68
1930-1934     90-94     0.35124  0.84454  1.93    2101    1774    5052     5723   2.72
1930-1934     95-99     0.47878  0.92366  1.68     327     302     630      671   2.05
1930-1934    100-104    0.60698  0.96268  1.45      25      24      40       41   1.64
1930-1934    105-109    0.72336  0.98052  1.28       1       1       1        1   1.38
1930-1934    110+       0.80652  1.00000  1.24       0       0       0        0   1.24
1935-1939        0      0.07355  0.06993  0.30  100000    6993   95081  5892053  58.92
1935-1939      1-4      0.00575  0.02266  1.30   93007    2107  366342  5796972  62.33
1935-1939      5-9      0.00166  0.00825  2.25   90900     750  452435  5430630  59.74
1935-1939     10-14     0.00138  0.00689  2.65   90150     621  449290  4978196  55.22
1935-1939     15-19     0.00276  0.01370  2.77   89529    1227  444914  4528906  50.59
1935-1939     20-24     0.00426  0.02108  2.51   88302    1861  436870  4083992  46.25
1935-1939     25-29     0.00443  0.02191  2.53   86441    1894  427519  3647122  42.19
1935-1939     30-34     0.00509  0.02515  2.56   84547    2126  417546  3219602  38.08
1935-1939     35-39     0.00623  0.03070  2.58   82421    2531  405975  2802057  34.00
1935-1939     40-44     0.00772  0.03788  2.57   79890    3026  392101  2396082  29.99
1935-1939     45-49     0.01014  0.04949  2.60   76864    3804  375203  2003980  26.07
1935-1939     50-54     0.01366  0.06612  2.59   73060    4831  353637  1628777  22.29
1935-1939     55-59     0.01884  0.09016  2.61   68229    6151  326448  1275141  18.69
1935-1939     60-64     0.02751  0.12903  2.60   62078    8010  291154   948692  15.28
1935-1939     65-69     0.04108  0.18696  2.60   54068   10108  246060   657538  12.16
1935-1939     70-74     0.06479  0.27958  2.55   43960   12290  189690   411478   9.36
1935-1939     75-79     0.10385  0.41163  2.48   31669   13036  125531   221787   7.00
1935-1939     80-84     0.15937  0.56057  2.36   18633   10445   65543    96256   5.17
1935-1939     85-89     0.24103  0.71680  2.17    8188    5869   24351    30713   3.75
1935-1939     90-94     0.34864  0.84321  1.94    2319    1955    5608     6363   2.74
1935-1939     95-99     0.47375  0.92162  1.69     364     335     707      754   2.07
1935-1939    100-104    0.60379  0.96211  1.46      28      27      45       47   1.65
1935-1939    105-109    0.72244  0.98047  1.28       1       1       1        1   1.38
1935-1939    110+       0.80721  1.00000  1.24       0       0       0        0   1.24
1940-1944        0      0.08705  0.08209  0.31  100000    8209   94299  5278284  52.78
1940-1944      1-4      0.00612  0.02409  1.37   91791    2212  361356  5183985  56.48
1940-1944      5-9      0.00220  0.01095  2.33   89580     981  445278  4822629  53.84
1940-1944     10-14     0.00196  0.00975  2.60   88598     864  440919  4377351  49.41
1940-1944     15-19     0.00454  0.02250  3.02   87734    1974  434756  3936432  44.87
1940-1944     20-24     0.01412  0.06837  2.68   85760    5864  415183  3501677  40.83
1940-1944     25-29     0.01278  0.06172  2.25   79897    4931  385935  3086494  38.63
1940-1944     30-34     0.00940  0.04589  2.43   74965    3441  365999  2700559  36.02
1940-1944     35-39     0.00905  0.04424  2.47   71525    3164  349626  2334560  32.64
1940-1944     40-44     0.00970  0.04736  2.54   68361    3238  333852  1984935  29.04
1940-1944     45-49     0.01145  0.05567  2.55   65123    3625  316737  1651082  25.35
1940-1944     50-54     0.01424  0.06882  2.59   61497    4232  297273  1334345  21.70
1940-1944     55-59     0.01964  0.09378  2.60   57265    5370  273430  1037072  18.11
1940-1944     60-64     0.02857  0.13372  2.61   51895    6939  242901   763642  14.72
1940-1944     65-69     0.04381  0.19812  2.59   44956    8906  203303   520741  11.58
1940-1944     70-74     0.06937  0.29639  2.55   36049   10685  154019   317438   8.81
1940-1944     75-79     0.11505  0.44560  2.47   25365   11303   98239   163419   6.44
1940-1944     80-84     0.18202  0.61150  2.32   14062    8599   47243    65180   4.64
1940-1944     85-89     0.28178  0.77444  2.09    5463    4231   15015    17937   3.28
1940-1944     90-94     0.40930  0.88919  1.82    1232    1096    2677     2923   2.37
1940-1944     95-99     0.55061  0.94973  1.55     137     130     236      245   1.80
1940-1944    100-104    0.68669  0.97651  1.34       7       7      10       10   1.45
1940-1944    105-109    0.79862  0.98740  1.19       0       0       0        0   1.25
1940-1944    110+       0.87130  1.00000  1.15       0       0       0        0   1.15
1945-1949        0      0.07765  0.07367  0.30  100000    7367   94872  6251237  62.51
1945-1949      1-4      0.00389  0.01539  1.33   92633    1425  366723  6156366  66.46
1945-1949      5-9      0.00121  0.00601  2.31   91208     548  454562  5789642  63.48
1945-1949     10-14     0.00103  0.00515  2.61   90660     467  452180  5335080  58.85
1945-1949     15-19     0.00182  0.00906  2.76   90192     817  449128  4882900  54.14
1945-1949     20-24     0.00309  0.01535  2.63   89375    1372  443619  4433772  49.61
1945-1949     25-29     0.00358  0.01773  2.53   88003    1560  436157  3990152  45.34
1945-1949     30-34     0.00381  0.01887  2.43   86442    1631  428025  3553995  41.11
1945-1949     35-39     0.00396  0.01962  2.58   84811    1664  420028  3125969  36.86
1945-1949     40-44     0.00512  0.02527  2.61   83147    2101  410705  2705941  32.54
1945-1949     45-49     0.00711  0.03495  2.62   81046    2833  398480  2295236  28.32
1945-1949     50-54     0.00981  0.04795  2.61   78214    3750  382089  1896756  24.25
1945-1949     55-59     0.01405  0.06800  2.63   74463    5064  360315  1514668  20.34
1945-1949     60-64     0.02133  0.10151  2.62   69400    7045  330258  1154352  16.63
1945-1949     65-69     0.03357  0.15546  2.63   62355    9694  288794   824094  13.22
1945-1949     70-74     0.05476  0.24187  2.59   52661   12737  232591   535300  10.16
1945-1949     75-79     0.08985  0.36755  2.53   39924   14674  163315   302709   7.58
1945-1949     80-84     0.14513  0.52619  2.39   25250   13286   91548   139394   5.52
1945-1949     85-89     0.22303  0.68765  2.21   11964    8227   36887    47846   4.00
1945-1949     90-94     0.32315  0.81857  1.99    3737    3059    9466    10959   2.93
1945-1949     95-99     0.44428  0.90748  1.74     678     615    1385     1493   2.20
1945-1949    100-104    0.57317  0.95494  1.51      63      60     105      109   1.73
1945-1949    105-109    0.69439  0.97711  1.32       3       3       4        4   1.44
1945-1949    110+       0.78316  1.00000  1.28       0       0       0        0   1.28
1950-1954        0      0.04741  0.04568  0.20  100000    4568   96364  6705680  67.06
1950-1954      1-4      0.00217  0.00864  1.26   95432     825  379470  6609316  69.26
1950-1954      5-9      0.00055  0.00274  2.27   94607     259  472328  6229846  65.85
1950-1954     10-14     0.00051  0.00256  2.65   94348     241  471174  5757517  61.02
1950-1954     15-19     0.00093  0.00466  2.73   94107     439  469541  5286343  56.17
1950-1954     20-24     0.00139  0.00692  2.64   93668     648  466811  4816803  51.42
1950-1954     25-29     0.00173  0.00862  2.57   93020     802  463152  4349991  46.76
1950-1954     30-34     0.00213  0.01061  2.61   92219     979  458749  3886839  42.15
1950-1954     35-39     0.00291  0.01443  2.61   91240    1317  453047  3428089  37.57
1950-1954     40-44     0.00420  0.02080  2.66   89923    1870  445230  2975042  33.08
1950-1954     45-49     0.00649  0.03196  2.65   88053    2814  433661  2529812  28.73
1950-1954     50-54     0.00980  0.04788  2.62   85238    4082  416495  2096151  24.59
1950-1954     55-59     0.01376  0.06661  2.61   81157    5406  392889  1679656  20.70
1950-1954     60-64     0.02023  0.09651  2.63   75751    7311  361436  1286767  16.99
1950-1954     65-69     0.03154  0.14670  2.62   68440   10040  318343   925330  13.52
1950-1954     70-74     0.05187  0.23069  2.60   58400   13472  259719   606988  10.39
1950-1954     75-79     0.08675  0.35713  2.53   44927   16045  184956   347268   7.73
1950-1954     80-84     0.14047  0.51483  2.41   28882   14870  105855   162312   5.62
1950-1954     85-89     0.22069  0.68419  2.22   14013    9587   43442    56457   4.03
1950-1954     90-94     0.32122  0.81750  2.00    4425    3618   11263    13015   2.94
1950-1954     95-99     0.45131  0.91154  1.73     808     736    1631     1752   2.17
1950-1954    100-104    0.58564  0.95827  1.49      71      68     117      121   1.69
1950-1954    105-109    0.71025  0.97920  1.30       3       3       4        4   1.40
1950-1954    110+       0.79986  1.00000  1.25       0       0       0        0   1.25
1955-1959        0      0.03457  0.03359  0.16  100000    3359   97174  6920977  69.21
1955-1959      1-4      0.00156  0.00622  1.32   96641     601  384953  6823803  70.61
1955-1959      5-9      0.00044  0.00220  2.27   96040     211  479622  6438850  67.04
1955-1959     10-14     0.00038  0.00192  2.67   95829     184  478714  5959228  62.19
1955-1959     15-19     0.00081  0.00402  2.81   95644     385  477378  5480514  57.30
1955-1959     20-24     0.00110  0.00551  2.65   95260     525  475063  5003136  52.52
1955-1959     25-29     0.00142  0.00709  2.55   94735     672  472030  4528073  47.80
1955-1959     30-34     0.00179  0.00894  2.59   94063     841  468287  4056043  43.12
1955-1959     35-39     0.00245  0.01216  2.62   93222    1133  463419  3587756  38.49
1955-1959     40-44     0.00365  0.01810  2.66   92089    1667  456540  3124338  33.93
1955-1959     45-49     0.00568  0.02803  2.68   90422    2535  446220  2667798  29.50
1955-1959     50-54     0.00889  0.04353  2.65   87888    3826  430429  2221578  25.28
1955-1959     55-59     0.01318  0.06390  2.62   84062    5371  407541  1791148  21.31
1955-1959     60-64     0.01899  0.09085  2.61   78690    7149  376397  1383607  17.58
1955-1959     65-69     0.02907  0.13597  2.63   71542    9728  334629  1007210  14.08
1955-1959     70-74     0.04739  0.21283  2.61   61814   13156  277612   672581  10.88
1955-1959     75-79     0.07960  0.33308  2.55   48658   16207  203621   394969   8.12
1955-1959     80-84     0.13077  0.48949  2.43   32451   15885  121470   191348   5.90
1955-1959     85-89     0.20742  0.66114  2.26   16566   10953   52806    69878   4.22
1955-1959     90-94     0.30907  0.80458  2.02    5614    4517   14614    17072   3.04
1955-1959     95-99     0.43564  0.90366  1.76    1097     991    2276     2459   2.24
1955-1959    100-104    0.57226  0.95518  1.51     106     101     176      183   1.73
1955-1959    105-109    0.70117  0.97820  1.31       5       5       7        7   1.42
1955-1959    110+       0.79458  1.00000  1.26       0       0       0        0   1.26
1960-1964        0      0.02600  0.02542  0.13  100000    2542   97784  7067316  70.67
1960-1964      1-4      0.00111  0.00444  1.42   97458     432  388718  6969532  71.51
1960-1964      5-9      0.00040  0.00200  2.29   97026     194  484604  6580814  67.83
1960-1964     10-14     0.00035  0.00173  2.67   96832     167  483770  6096211  62.96
1960-1964     15-19     0.00077  0.00382  2.80   96665     369  482512  5612441  58.06
1960-1964     20-24     0.00104  0.00521  2.63   96296     502  480289  5129929  53.27
1960-1964     25-29     0.00126  0.00629  2.56   95794     602  477502  4649639  48.54
1960-1964     30-34     0.00161  0.00803  2.61   95192     764  474130  4172137  43.83
1960-1964     35-39     0.00225  0.01121  2.64   94428    1059  469638  3698007  39.16
1960-1964     40-44     0.00333  0.01651  2.66   93369    1542  463228  3228369  34.58
1960-1964     45-49     0.00514  0.02540  2.67   91827    2333  453698  2765141  30.11
1960-1964     50-54     0.00809  0.03969  2.67   89494    3552  439175  2311443  25.83
1960-1964     55-59     0.01246  0.06052  2.65   85942    5201  417462  1872268  21.79
1960-1964     60-64     0.01875  0.08976  2.62   80741    7248  386433  1454806  18.02
1960-1964     65-69     0.02759  0.12942  2.61   73493    9512  344725  1068373  14.54
1960-1964     70-74     0.04381  0.19830  2.61   63982   12688  289595   723647  11.31
1960-1964     75-79     0.07375  0.31259  2.56   51294   16034  217403   434052   8.46
1960-1964     80-84     0.12271  0.46786  2.46   35260   16497  134432   216649   6.14
1960-1964     85-89     0.19752  0.64173  2.27   18763   12041   60963    82217   4.38
1960-1964     90-94     0.29481  0.78815  2.05    6722    5298   17971    21254   3.16
1960-1964     95-99     0.42244  0.89642  1.79    1424    1277    3022     3283   2.31
1960-1964    100-104    0.56017  0.95212  1.53     148     140     251      261   1.77
1960-1964    105-109    0.69182  0.97708  1.33       7       7      10       10   1.44
1960-1964    110+       0.78795  1.00000  1.27       0       0       0        0   1.27
1965-1969        0      0.02111  0.02072  0.11  100000    2072   98158  7135425  71.35
1965-1969      1-4      0.00087  0.00348  1.53   97928     340  390872  7037267  71.86
1965-1969      5-9      0.00039  0.00194  2.32   97588     190  487431  6646395  68.11
1965-1969     10-14     0.00036  0.00180  2.69   97398     175  486586  6158963  63.23
1965-1969     15-19     0.00083  0.00413  2.76   97223     401  485217  5672377  58.34
1965-1969     20-24     0.00115  0.00573  2.52   96822     554  482737  5187160  53.57
1965-1969     25-29     0.00120  0.00598  2.57   96268     576  479938  4704422  48.87
1965-1969     30-34     0.00150  0.00747  2.65   95692     715  476777  4224485  44.15
1965-1969     35-39     0.00223  0.01107  2.66   94977    1051  472422  3747708  39.46
1965-1969     40-44     0.00334  0.01659  2.65   93926    1558  465968  3275286  34.87
1965-1969     45-49     0.00519  0.02565  2.66   92367    2370  456291  2809318  30.41
1965-1969     50-54     0.00774  0.03802  2.64   89998    3422  441907  2353027  26.15
1965-1969     55-59     0.01197  0.05821  2.66   86576    5039  421076  1911120  22.07
1965-1969     60-64     0.01836  0.08796  2.63   81537    7172  390692  1490044  18.27
1965-1969     65-69     0.02805  0.13145  2.61   74365    9775  348501  1099352  14.78
1965-1969     70-74     0.04277  0.19388  2.59   64589   12523  292790   750851  11.62
1965-1969     75-79     0.06909  0.29570  2.56   52067   15396  222837   458061   8.80
1965-1969     80-84     0.11528  0.44613  2.47   36670   16360  141908   235224   6.41
1965-1969     85-89     0.18510  0.61770  2.31   20310   12546   67778    93315   4.59
1965-1969     90-94     0.28173  0.77210  2.07    7765    5995   21280    25537   3.29
1965-1969     95-99     0.40305  0.88459  1.83    1770    1565    3884     4258   2.41
1965-1969    100-104    0.54015  0.94644  1.57     204     193     358      374   1.83
1965-1969    105-109    0.67378  0.97464  1.35      11      11      16       16   1.48
1965-1969    110+       0.77278  1.00000  1.29       0       0       0        0   1.29
1970-1974        0      0.01650  0.01626  0.12  100000    1626   98561  7235069  72.35
1970-1974      1-4      0.00077  0.00308  1.63   98374     303  392776  7136508  72.54
1970-1974      5-9      0.00039  0.00196  2.32   98070     192  489837  6743732  68.76
1970-1974     10-14     0.00036  0.00178  2.67   97878     175  488984  6253895  63.89
1970-1974     15-19     0.00098  0.00487  2.89   97704     475  487515  5764911  59.00
1970-1974     20-24     0.00118  0.00590  2.43   97228     574  484664  5277396  54.28
1970-1974     25-29     0.00114  0.00568  2.56   96654     549  481931  4792731  49.59
1970-1974     30-34     0.00141  0.00703  2.60   96105     676  478900  4310800  44.86
1970-1974     35-39     0.00208  0.01033  2.67   95429     986  474849  3831900  40.15
1970-1974     40-44     0.00330  0.01635  2.67   94443    1545  468619  3357051  35.55
1970-1974     45-49     0.00496  0.02453  2.65   92899    2278  459148  2888433  31.09
1970-1974     50-54     0.00744  0.03654  2.65   90620    3312  445318  2429285  26.81
1970-1974     55-59     0.01087  0.05300  2.63   87308    4627  425558  1983967  22.72
1970-1974     60-64     0.01660  0.07988  2.64   82681    6604  397830  1558409  18.85
1970-1974     65-69     0.02577  0.12140  2.63   76077    9236  358456  1160579  15.26
1970-1974     70-74     0.04066  0.18528  2.61   66841   12384  304564   802123  12.00
1970-1974     75-79     0.06493  0.28039  2.57   54457   15269  235151   497559   9.14
1970-1974     80-84     0.10757  0.42355  2.49   39188   16598  154301   262407   6.70
1970-1974     85-89     0.17500  0.59664  2.33   22590   13478   77014   108106   4.79
1970-1974     90-94     0.26919  0.75808  2.12    9112    6908   25661    31092   3.41
1970-1974     95-99     0.39240  0.87790  1.85    2204    1935    4932     5431   2.46
1970-1974    100-104    0.53245  0.94432  1.58     269     254     477      500   1.86
1970-1974    105-109    0.67012  0.97423  1.36      15      15      22       22   1.49
1970-1974    110+       0.77221  1.00000  1.29       0       0       1        1   1.29
1975-1979        0      0.01196  0.01184  0.12  100000    1184   98963  7354059  73.54
1975-1979      1-4      0.00063  0.00252  1.66   98816     249  394680  7255096  73.42
1975-1979      5-9      0.00034  0.00167  2.37   98567     165  492400  6860416  69.60
1975-1979     10-14     0.00031  0.00155  2.71   98402     152  491659  6368016  64.71
1975-1979     15-19     0.00093  0.00463  2.91   98249     455  490297  5876357  59.81
1975-1979     20-24     0.00117  0.00581  2.42   97794     568  487503  5386060  55.08
1975-1979     25-29     0.00106  0.00529  2.52   97226     514  484853  4898557  50.38
1975-1979     30-34     0.00126  0.00627  2.64   96712     606  482127  4413704  45.64
1975-1979     35-39     0.00186  0.00925  2.67   96106     889  478463  3931577  40.91
1975-1979     40-44     0.00303  0.01505  2.71   95217    1433  472800  3453113  36.27
1975-1979     45-49     0.00490  0.02424  2.66   93784    2273  463602  2980313  31.78
1975-1979     50-54     0.00722  0.03550  2.62   91511    3248  449824  2516711  27.50
1975-1979     55-59     0.01034  0.05048  2.63   88262    4455  430751  2066887  23.42
1975-1979     60-64     0.01514  0.07309  2.63   83807    6126  404511  1636137  19.52
1975-1979     65-69     0.02306  0.10932  2.63   77682    8492  368270  1231626  15.85
1975-1979     70-74     0.03709  0.17042  2.62   69190   11791  317878   863355  12.48
1975-1979     75-79     0.06096  0.26560  2.58   57399   15245  250071   545477   9.50
1975-1979     80-84     0.10016  0.40066  2.50   42154   16889  168626   295406   7.01
1975-1979     85-89     0.16352  0.57138  2.36   25265   14436   88281   126780   5.02
1975-1979     90-94     0.25579  0.73898  2.14   10829    8002   31285    38498   3.56
1975-1979     95-99     0.37720  0.86733  1.89    2827    2452    6499     7213   2.55
1975-1979    100-104    0.51832  0.93985  1.61     375     352     680      714   1.90
1975-1979    105-109    0.65868  0.97257  1.38      23      22      33       34   1.51
1975-1979    110+       0.76323  1.00000  1.31       1       1       1        1   1.31
1980-1984        0      0.00957  0.00949  0.13  100000     949   99174  7466965  74.67
1980-1984      1-4      0.00054  0.00216  1.65   99051     214  395700  7367791  74.38
1980-1984      5-9      0.00029  0.00147  2.36   98836     145  493799  6972091  70.54
1980-1984     10-14     0.00028  0.00140  2.70   98691     138  493139  6478292  65.64
1980-1984     15-19     0.00082  0.00411  2.93   98553     405  491928  5985154  60.73
1980-1984     20-24     0.00117  0.00583  2.45   98148     572  489285  5493226  55.97
1980-1984     25-29     0.00109  0.00542  2.50   97576     529  486560  5003941  51.28
1980-1984     30-34     0.00124  0.00617  2.60   97047     599  483797  4517382  46.55
1980-1984     35-39     0.00174  0.00868  2.66   96448     837  480279  4033584  41.82
1980-1984     40-44     0.00269  0.01335  2.68   95611    1277  475091  3553305  37.16
1980-1984     45-49     0.00439  0.02173  2.69   94334    2050  466931  3078214  32.63
1980-1984     50-54     0.00681  0.03353  2.64   92284    3094  454127  2611284  28.30
1980-1984     55-59     0.00964  0.04711  2.62   89190    4201  435931  2157157  24.19
1980-1984     60-64     0.01381  0.06685  2.62   84989    5682  411415  1721226  20.25
1980-1984     65-69     0.02054  0.09792  2.62   79307    7766  378089  1309811  16.52
1980-1984     70-74     0.03281  0.15228  2.64   71542   10894  331991   931722  13.02
1980-1984     75-79     0.05539  0.24449  2.60   60648   14828  267693   599731   9.89
1980-1984     80-84     0.09472  0.38354  2.52   45820   17574  185527   332039   7.25
1980-1984     85-89     0.15573  0.55302  2.38   28246   15621  100304   146511   5.19
1980-1984     90-94     0.24636  0.72626  2.17   12625    9169   37219    46207   3.66
1980-1984     95-99     0.36897  0.86159  1.91    3456    2978    8070     8989   2.60
1980-1984    100-104    0.51386  0.93867  1.62     478     449     874      918   1.92
1980-1984    105-109    0.65889  0.97276  1.38      29      29      43       44   1.51
1980-1984    110+       0.76660  1.00000  1.30       1       1       1        1   1.30
1985-1989        0      0.00806  0.00801  0.13  100000     801   99305  7599214  75.99
1985-1989      1-4      0.00043  0.00172  1.63   99199     170  396394  7499909  75.60
1985-1989      5-9      0.00023  0.00114  2.38   99029     112  494850  7103515  71.73
1985-1989     10-14     0.00023  0.00116  2.71   98916     115  494320  6608665  66.81
1985-1989     15-19     0.00065  0.00326  2.94   98802     322  493345  6114346  61.88
1985-1989     20-24     0.00102  0.00508  2.51   98480     500  491153  5621001  57.08
1985-1989     25-29     0.00105  0.00522  2.52   97979     511  488628  5129847  52.36
1985-1989     30-34     0.00123  0.00616  2.60   97468     600  485900  4641219  47.62
1985-1989     35-39     0.00167  0.00834  2.63   96868     808  482428  4155319  42.90
1985-1989     40-44     0.00252  0.01255  2.68   96061    1206  477505  3672892  38.24
1985-1989     45-49     0.00385  0.01906  2.68   94855    1808  470074  3195386  33.69
1985-1989     50-54     0.00607  0.02990  2.66   93047    2783  458723  2725312  29.29
1985-1989     55-59     0.00894  0.04377  2.63   90265    3951  441948  2266589  25.11
1985-1989     60-64     0.01269  0.06160  2.61   86314    5317  418885  1824641  21.14
1985-1989     65-69     0.01830  0.08768  2.62   80997    7102  388112  1405756  17.36
1985-1989     70-74     0.02902  0.13573  2.63   73895   10030  345656  1017644  13.77
1985-1989     75-79     0.04846  0.21731  2.63   63865   13879  286370   671989  10.52
1985-1989     80-84     0.08462  0.35042  2.55   49986   17516  206994   385618   7.71
1985-1989     85-89     0.14301  0.52205  2.41   32470   16951  118527   178624   5.50
1985-1989     90-94     0.22910  0.69901  2.21   15519   10848   47351    60097   3.87
1985-1989     95-99     0.34914  0.84569  1.95    4671    3950   11314    12747   2.73
1985-1989    100-104    0.49525  0.93222  1.66     721     672    1357     1432   1.99
1985-1989    105-109    0.64578  0.97089  1.40      49      47      73       75   1.54
1985-1989    110+       0.75943  1.00000  1.32       1       1       2        2   1.32
1990-1994        0      0.00685  0.00681  0.14  100000     681   99411  7725146  77.25
1990-1994      1-4      0.00035  0.00140  1.60   99319     139  396944  7625735  76.78
1990-1994      5-9      0.00018  0.00090  2.38   99180      89  495667  7228791  72.89
1990-1994     10-14     0.00020  0.00099  2.69   99091      98  495229  6733124  67.95
1990-1994     15-19     0.00058  0.00291  2.95   98993     288  494373  6237895  63.01
1990-1994     20-24     0.00096  0.00478  2.55   98705     472  492366  5743522  58.19
1990-1994     25-29     0.00111  0.00552  2.58   98233     542  489854  5251156  53.46
1990-1994     30-34     0.00135  0.00672  2.57   97691     657  486861  4761302  48.74
1990-1994     35-39     0.00175  0.00871  2.60   97034     846  483145  4274442  44.05
1990-1994     40-44     0.00247  0.01228  2.64   96189    1182  478160  3791297  39.42
1990-1994     45-49     0.00361  0.01791  2.65   95007    1702  471039  3313136  34.87
1990-1994     50-54     0.00525  0.02591  2.65   93305    2418  460847  2842097  30.46
1990-1994     55-59     0.00778  0.03822  2.64   90888    3473  446235  2381251  26.20
1990-1994     60-64     0.01151  0.05600  2.63   87414    4895  425445  1935016  22.14
1990-1994     65-69     0.01650  0.07940  2.62   82519    6552  397011  1509571  18.29
1990-1994     70-74     0.02518  0.11883  2.64   75967    9027  358520  1112559  14.65
1990-1994     75-79     0.04188  0.19047  2.63   66940   12750  304442   754039  11.26
1990-1994     80-84     0.07357  0.31237  2.59   54190   16927  230083   449597   8.30
1990-1994     85-89     0.12826  0.48375  2.46   37263   18026  140545   219514   5.89
1990-1994     90-94     0.21197  0.67040  2.26   19237   12896   60842    78969   4.11
1990-1994     95-99     0.33048  0.82936  2.00    6340    5258   15911    18127   2.86
1990-1994    100-104    0.47942  0.92636  1.69    1082    1002    2091     2215   2.05
1990-1994    105-109    0.63607  0.96949  1.41      80      77     121      125   1.56
1990-1994    110+       0.75528  1.00000  1.32       2       2       3        3   1.32
1995-1999        0      0.00476  0.00474  0.14  100000     474   99592  7834188  78.34
1995-1999      1-4      0.00027  0.00108  1.61   99526     108  397844  7734596  77.71
1995-1999      5-9      0.00014  0.00072  2.41   99418      72  496903  7336752  73.80
1995-1999     10-14     0.00017  0.00084  2.79   99346      84  496545  6839849  68.85
1995-1999     15-19     0.00051  0.00254  2.91   99262     253  495783  6343304  63.90
1995-1999     20-24     0.00080  0.00399  2.54   99010     395  494076  5847521  59.06
1995-1999     25-29     0.00088  0.00439  2.56   98614     433  492015  5353445  54.29
1995-1999     30-34     0.00111  0.00553  2.59   98181     543  489598  4861430  49.52
1995-1999     35-39     0.00154  0.00767  2.65   97638     749  486427  4371832  44.78
1995-1999     40-44     0.00233  0.01160  2.67   96889    1124  481824  3885405  40.10
1995-1999     45-49     0.00344  0.01707  2.65   95765    1635  474977  3403582  35.54
1995-1999     50-54     0.00493  0.02436  2.62   94130    2293  465201  2928605  31.11
1995-1999     55-59     0.00699  0.03440  2.64   91838    3159  451724  2463403  26.82
1995-1999     60-64     0.01041  0.05080  2.63   88678    4505  432737  2011680  22.69
1995-1999     65-69     0.01562  0.07530  2.63   84174    6338  405851  1578943  18.76
1995-1999     70-74     0.02380  0.11266  2.63   77836    8769  368394  1173092  15.07
1995-1999     75-79     0.03872  0.17736  2.64   69067   12249  316393   804698  11.65
1995-1999     80-84     0.06823  0.29309  2.60   56817   16653  244055   488305   8.59
1995-1999     85-89     0.12119  0.46434  2.48   40164   18650  153892   244250   6.08
1995-1999     90-94     0.20519  0.65880  2.28   21514   14174   69076    90358   4.20
1995-1999     95-99     0.32481  0.82437  2.01    7341    6051   18631    21281   2.90
1995-1999    100-104    0.47713  0.92577  1.69    1289    1194    2501     2651   2.06
1995-1999    105-109    0.63808  0.97000  1.41      96      93     145      149   1.56
1995-1999    110+       0.76018  1.00000  1.32       3       3       4        4   1.32
2000-2004        0      0.00429  0.00428  0.14  100000     428   99632  7949264  79.49
2000-2004      1-4      0.00024  0.00096  1.61   99572      96  398060  7849631  78.83
2000-2004      5-9      0.00011  0.00057  2.42   99477      57  497235  7451571  74.91
2000-2004     10-14     0.00014  0.00071  2.83   99420      71  496945  6954336  69.95
2000-2004     15-19     0.00044  0.00221  2.97   99349     220  496297  6457391  65.00
2000-2004     20-24     0.00066  0.00329  2.48   99129     326  494824  5961094  60.13
2000-2004     25-29     0.00070  0.00347  2.54   98803     343  493169  5466270  55.33
2000-2004     30-34     0.00086  0.00429  2.62   98460     422  491294  4973101  50.51
2000-2004     35-39     0.00129  0.00642  2.67   98038     629  488720  4481807  45.72
2000-2004     40-44     0.00207  0.01033  2.70   97408    1006  484731  3993087  40.99
2000-2004     45-49     0.00331  0.01644  2.65   96403    1585  478288  3508356  36.39
2000-2004     50-54     0.00472  0.02333  2.62   94818    2212  468816  3030068  31.96
2000-2004     55-59     0.00655  0.03225  2.62   92606    2986  455916  2561252  27.66
2000-2004     60-64     0.00918  0.04491  2.63   89619    4025  438549  2105337  23.49
2000-2004     65-69     0.01364  0.06605  2.64   85594    5654  414643  1666788  19.47
2000-2004     70-74     0.02131  0.10145  2.65   79940    8110  380609  1252145  15.66
2000-2004     75-79     0.03496  0.16147  2.64   71830   11599  331792   871536  12.13
2000-2004     80-84     0.06236  0.27137  2.61   60232   16345  262094   539744   8.96
2000-2004     85-89     0.11305  0.44092  2.51   43886   19350  171171   277650   6.33
2000-2004     90-94     0.19586  0.64152  2.31   24536   15740   80363   106479   4.34
2000-2004     95-99     0.31546  0.81547  2.04    8796    7173   22738    26116   2.97
2000-2004    100-104    0.47072  0.92342  1.71    1623    1499    3184     3378   2.08
2000-2004    105-109    0.63633  0.96988  1.42     124     121     189      194   1.56
2000-2004    110+       0.76196  1.00000  1.31       4       4       5        5   1.31
2005-2009        0      0.00374  0.00373  0.14  100000     373   99680  8086040  80.86
2005-2009      1-4      0.00020  0.00079  1.61   99627      78  398321  7986360  80.16
2005-2009      5-9      0.00009  0.00045  2.36   99549      45  497625  7588039  76.22
2005-2009     10-14     0.00011  0.00054  2.82   99504      53  497402  7090415  71.26
2005-2009     15-19     0.00034  0.00169  2.92   99450     168  496901  6593013  66.29
2005-2009     20-24     0.00054  0.00269  2.55   99282     267  495757  6096112  61.40
2005-2009     25-29     0.00059  0.00293  2.53   99015     290  494359  5600354  56.56
2005-2009     30-34     0.00072  0.00361  2.64   98725     356  492783  5105995  51.72
2005-2009     35-39     0.00108  0.00538  2.67   98369     529  490611  4613213  46.90
2005-2009     40-44     0.00172  0.00859  2.69   97840     840  487257  4122601  42.14
2005-2009     45-49     0.00288  0.01428  2.70   96999    1386  481806  3635345  37.48
2005-2009     50-54     0.00446  0.02206  2.63   95613    2109  473069  3153538  32.98
2005-2009     55-59     0.00621  0.03061  2.61   93504    2863  460668  2680469  28.67
2005-2009     60-64     0.00849  0.04159  2.61   90642    3769  444215  2219801  24.49
2005-2009     65-69     0.01194  0.05805  2.63   86872    5043  422388  1775586  20.44
2005-2009     70-74     0.01824  0.08746  2.65   81830    7157  392352  1353198  16.54
2005-2009     75-79     0.03037  0.14179  2.66   74673   10588  348581   960846  12.87
2005-2009     80-84     0.05503  0.24341  2.63   64085   15599  283448   612265   9.55
2005-2009     85-89     0.10045  0.40279  2.54   48486   19530  194424   328817   6.78
2005-2009     90-94     0.17859  0.60614  2.35   28956   17552   98276   134393   4.64
2005-2009     95-99     0.29191  0.78963  2.09   11405    9006   30850    36117   3.17
2005-2009    100-104    0.44430  0.91121  1.76    2399    2186    4920     5266   2.19
2005-2009    105-109    0.61237  0.96565  1.46     213     206     336      346   1.62
2005-2009    110+       0.74320  1.00000  1.35       7       7      10       10   1.35
2010-2014        0      0.00351  0.00350  0.14  100000     350   99700  8188672  81.89
2010-2014      1-4      0.00017  0.00067  1.57   99650      67  398440  8088972  81.17
2010-2014      5-9      0.00008  0.00042  2.36   99584      42  497809  7690532  77.23
2010-2014     10-14     0.00009  0.00046  2.81   99542      45  497612  7192723  72.26
2010-2014     15-19     0.00027  0.00135  2.96   99497     134  497210  6695111  67.29
2010-2014     20-24     0.00045  0.00224  2.54   99363     223  496265  6197901  62.38
2010-2014     25-29     0.00053  0.00264  2.56   99140     261  495059  5701636  57.51
2010-2014     30-34     0.00064  0.00318  2.60   98878     314  493636  5206577  52.66
2010-2014     35-39     0.00094  0.00467  2.70   98564     461  491759  4712941  47.82
2010-2014     40-44     0.00149  0.00742  2.69   98103     727  488838  4221183  43.03
2010-2014     45-49     0.00245  0.01219  2.69   97376    1187  484138  3732344  38.33
2010-2014     50-54     0.00397  0.01966  2.68   96188    1891  476549  3248206  33.77
2010-2014     55-59     0.00593  0.02923  2.63   94297    2756  464941  2771657  29.39
2010-2014     60-64     0.00815  0.03998  2.60   91541    3660  448913  2306716  25.20
2010-2014     65-69     0.01116  0.05436  2.62   87881    4777  428014  1857803  21.14
2010-2014     70-74     0.01636  0.07875  2.64   83103    6544  400049  1429789  17.20
2010-2014     75-79     0.02679  0.12605  2.67   76559    9650  360284  1029740  13.45
2010-2014     80-84     0.04931  0.22100  2.66   66909   14787  299876   669456  10.01
2010-2014     85-89     0.09259  0.37777  2.56   52122   19690  212661   369581   7.09
2010-2014     90-94     0.16740  0.58202  2.38   32432   18876  112764   156919   4.84
2010-2014     95-99     0.28169  0.77780  2.12   13556   10544   37431    44156   3.26
2010-2014    100-104    0.43595  0.90729  1.78    3012    2733    6269     6725   2.23
2010-2014    105-109    0.60792  0.96496  1.46     279     269     443      456   1.63
2010-2014    110+       0.74226  1.00000  1.35      10      10      13       13   1.35
2015-2019        0      0.00372  0.00371  0.14  100000     371   99682  8248222  82.48
2015-2019      1-4      0.00016  0.00065  1.60   99629      64  398362  8148540  81.79
2015-2019      5-9      0.00007  0.00037  2.34   99565      37  497726  7750178  77.84
2015-2019     10-14     0.00009  0.00043  2.78   99528      42  497547  7252451  72.87
2015-2019     15-19     0.00024  0.00120  2.90   99486     119  497178  6754905  67.90
2015-2019     20-24     0.00040  0.00197  2.55   99367     196  496352  6257726  62.98
2015-2019     25-29     0.00047  0.00236  2.59   99170     234  495288  5761375  58.10
2015-2019     30-34     0.00060  0.00297  2.62   98936     294  493984  5266087  53.23
2015-2019     35-39     0.00086  0.00427  2.66   98642     421  492225  4772104  48.38
2015-2019     40-44     0.00132  0.00657  2.70   98221     645  489625  4279879  43.57
2015-2019     45-49     0.00218  0.01086  2.69   97576    1060  485435  3790254  38.84
2015-2019     50-54     0.00346  0.01717  2.67   96517    1657  478722  3304818  34.24
2015-2019     55-59     0.00543  0.02681  2.66   94860    2543  468348  2826097  29.79
2015-2019     60-64     0.00801  0.03932  2.62   92317    3630  452935  2357748  25.54
2015-2019     65-69     0.01097  0.05343  2.60   88687    4738  432080  1904814  21.48
2015-2019     70-74     0.01581  0.07621  2.63   83949    6398  404582  1472734  17.54
2015-2019     75-79     0.02513  0.11866  2.66   77551    9202  366224  1068152  13.77
2015-2019     80-84     0.04532  0.20496  2.67   68349   14009  309086   701928  10.27
2015-2019     85-89     0.08834  0.36430  2.59   54340   19796  224079   392843   7.23
2015-2019     90-94     0.16432  0.57581  2.40   34544   19891  121048   168764   4.89
2015-2019     95-99     0.28129  0.77802  2.13   14653   11400   40529    47716   3.26
2015-2019    100-104    0.44077  0.91031  1.78    3253    2961    6718     7187   2.21
2015-2019    105-109    0.61783  0.96708  1.45     292     282     457      469   1.61
2015-2019    110+       0.75449  1.00000  1.33      10      10      13       13   1.33
