United Kingdom, Life tables (period 5x5), Total	Last modified: 27 May 2022;  Methods Protocol: v6 (2017)

  Year          Age         mx       qx    ax      lx      dx      Lx       Tx     ex
1922-1924        0      0.07849  0.07442  0.30  100000    7442   94815  5811756  58.12
1922-1924      1-4      0.01089  0.04231  1.27   92558    3916  359536  5716941  61.77
1922-1924      5-9      0.00246  0.01220  2.16   88642    1082  440138  5357405  60.44
1922-1924     10-14     0.00173  0.00862  2.59   87560     755  435983  4917267  56.16
1922-1924     15-19     0.00264  0.01311  2.67   86805    1138  431370  4481285  51.62
1922-1924     20-24     0.00338  0.01678  2.55   85667    1437  424814  4049914  47.27
1922-1924     25-29     0.00372  0.01843  2.54   84230    1552  417331  3625100  43.04
1922-1924     30-34     0.00421  0.02083  2.56   82677    1722  409190  3207770  38.80
1922-1924     35-39     0.00528  0.02605  2.60   80955    2109  399706  2798580  34.57
1922-1924     40-44     0.00652  0.03208  2.59   78846    2530  388126  2398874  30.42
1922-1924     45-49     0.00875  0.04288  2.61   76316    3272  373769  2010748  26.35
1922-1924     50-54     0.01228  0.05971  2.66   73044    4361  355011  1636979  22.41
1922-1924     55-59     0.01795  0.08615  2.66   68683    5917  329548  1281968  18.66
1922-1924     60-64     0.02749  0.12916  2.67   62766    8107  294903   952420  15.17
1922-1924     65-69     0.04220  0.19160  2.60   54659   10473  248186   657517  12.03
1922-1924     70-74     0.06788  0.29172  2.59   44187   12890  189911   409332   9.26
1922-1924     75-79     0.10565  0.41591  2.44   31296   13017  123199   219421   7.01
1922-1924     80-84     0.15750  0.55710  2.37   18280   10184   64658    96222   5.26
1922-1924     85-89     0.23379  0.70363  2.17    8096    5697   24367    31564   3.90
1922-1924     90-94     0.31443  0.80821  1.99    2399    1939    6167     7197   3.00
1922-1924     95-99     0.43732  0.90282  1.75     460     415     950     1030   2.24
1922-1924    100-104    0.55571  0.94967  1.53      45      42      76       80   1.78
1922-1924    105-109    0.66918  0.97329  1.36       2       2       3        3   1.49
1922-1924    110+       0.75461  1.00000  1.33       0       0       0        0   1.33
1925-1929        0      0.07605  0.07221  0.30  100000    7221   94947  5886760  58.87
1925-1929      1-4      0.00970  0.03780  1.29   92779    3507  361610  5791814  62.43
1925-1929      5-9      0.00241  0.01195  2.14   89272    1066  443313  5430204  60.83
1925-1929     10-14     0.00163  0.00813  2.58   88206     717  439297  4986890  56.54
1925-1929     15-19     0.00257  0.01277  2.66   87489    1117  434830  4547594  51.98
1925-1929     20-24     0.00318  0.01579  2.53   86371    1364  428483  4112764  47.62
1925-1929     25-29     0.00347  0.01719  2.53   85007    1461  421426  3684281  43.34
1925-1929     30-34     0.00386  0.01912  2.56   83546    1597  413835  3262855  39.05
1925-1929     35-39     0.00487  0.02409  2.61   81949    1974  405033  2849020  34.77
1925-1929     40-44     0.00636  0.03132  2.59   79975    2505  393831  2443987  30.56
1925-1929     45-49     0.00857  0.04198  2.64   77470    3252  379661  2050156  26.46
1925-1929     50-54     0.01207  0.05867  2.63   74218    4354  360768  1670495  22.51
1925-1929     55-59     0.01739  0.08352  2.65   69864    5835  335629  1309727  18.75
1925-1929     60-64     0.02650  0.12473  2.64   64029    7986  301336   974098  15.21
1925-1929     65-69     0.04179  0.18989  2.60   56043   10642  254647   672762  12.00
1925-1929     70-74     0.06739  0.28974  2.58   45401   13154  195203   418115   9.21
1925-1929     75-79     0.10796  0.42302  2.44   32246   13641  126353   222912   6.91
1925-1929     80-84     0.15901  0.56078  2.37   18605   10434   65615    96558   5.19
1925-1929     85-89     0.24211  0.71697  2.16    8172    5859   24200    30943   3.79
1925-1929     90-94     0.32408  0.81746  1.97    2313    1891    5834     6743   2.92
1925-1929     95-99     0.45528  0.91242  1.72     422     385     846      910   2.15
1925-1929    100-104    0.57794  0.95577  1.50      37      35      61       63   1.72
1925-1929    105-109    0.69277  0.97671  1.32       2       2       2        2   1.44
1925-1929    110+       0.77738  1.00000  1.29       0       0       0        0   1.29
1930-1934        0      0.06797  0.06479  0.28  100000    6479   95317  6062500  60.63
1930-1934      1-4      0.00732  0.02871  1.38   93521    2685  367054  5967183  63.81
1930-1934      5-9      0.00228  0.01131  2.12   90836    1027  451219  5600129  61.65
1930-1934     10-14     0.00149  0.00742  2.58   89809     666  447428  5148910  57.33
1930-1934     15-19     0.00243  0.01206  2.68   89143    1075  443219  4701482  52.74
1930-1934     20-24     0.00305  0.01515  2.52   88068    1334  437031  4258263  48.35
1930-1934     25-29     0.00319  0.01584  2.53   86733    1374  430279  3821232  44.06
1930-1934     30-34     0.00355  0.01758  2.57   85359    1501  423150  3390953  39.73
1930-1934     35-39     0.00442  0.02185  2.59   83859    1832  414883  2967803  35.39
1930-1934     40-44     0.00571  0.02815  2.60   82026    2309  404589  2552920  31.12
1930-1934     45-49     0.00805  0.03952  2.63   79717    3150  391126  2148331  26.95
1930-1934     50-54     0.01138  0.05539  2.64   76567    4241  372837  1757205  22.95
1930-1934     55-59     0.01657  0.07976  2.65   72326    5768  348079  1384369  19.14
1930-1934     60-64     0.02520  0.11898  2.65   66557    7919  314211  1036289  15.57
1930-1934     65-69     0.03966  0.18112  2.61   58638   10621  267775   722078  12.31
1930-1934     70-74     0.06451  0.27898  2.58   48017   13396  207653   454304   9.46
1930-1934     75-79     0.10267  0.40787  2.48   34621   14121  137534   246650   7.12
1930-1934     80-84     0.15393  0.54860  2.38   20500   11246   73060   109117   5.32
1930-1934     85-89     0.23323  0.70204  2.17    9254    6497   27855    36056   3.90
1930-1934     90-94     0.31726  0.81110  1.99    2757    2236    7049     8202   2.97
1930-1934     95-99     0.44245  0.90587  1.74     521     472    1066     1153   2.21
1930-1934    100-104    0.56434  0.95224  1.52      49      47      83       86   1.76
1930-1934    105-109    0.68015  0.97499  1.34       2       2       3        3   1.47
1930-1934    110+       0.76646  1.00000  1.30       0       0       0        0   1.30
1935-1939        0      0.06128  0.05860  0.25  100000    5860   95624  6246663  62.47
1935-1939      1-4      0.00506  0.01996  1.45   94140    1879  371760  6151038  65.34
1935-1939      5-9      0.00189  0.00938  2.14   92261     866  458830  5779279  62.64
1935-1939     10-14     0.00122  0.00608  2.58   91395     556  455628  5320448  58.21
1935-1939     15-19     0.00200  0.00995  2.68   90839     904  452094  4864821  53.55
1935-1939     20-24     0.00269  0.01334  2.54   89935    1200  446725  4412727  49.07
1935-1939     25-29     0.00277  0.01375  2.52   88735    1220  440645  3966002  44.69
1935-1939     30-34     0.00301  0.01492  2.56   87515    1306  434385  3525357  40.28
1935-1939     35-39     0.00384  0.01904  2.60   86209    1641  427110  3090973  35.85
1935-1939     40-44     0.00505  0.02495  2.61   84568    2110  417793  2663863  31.50
1935-1939     45-49     0.00731  0.03595  2.67   82458    2964  405375  2246070  27.24
1935-1939     50-54     0.01095  0.05339  2.64   79494    4244  387451  1840695  23.16
1935-1939     55-59     0.01597  0.07698  2.67   75250    5793  362741  1453244  19.31
1935-1939     60-64     0.02498  0.11797  2.65   69458    8194  328063  1090503  15.70
1935-1939     65-69     0.03862  0.17683  2.62   61263   10833  280517   762441  12.45
1935-1939     70-74     0.06282  0.27287  2.60   50430   13761  219065   481924   9.56
1935-1939     75-79     0.10160  0.40429  2.48   36670   14825  145919   262858   7.17
1935-1939     80-84     0.15267  0.54535  2.38   21845   11913   78030   116940   5.35
1935-1939     85-89     0.23026  0.69808  2.18    9932    6933   30110    38909   3.92
1935-1939     90-94     0.32290  0.81975  2.00    2999    2458    7613     8800   2.93
1935-1939     95-99     0.44585  0.90783  1.74     541     491    1101     1187   2.20
1935-1939    100-104    0.56988  0.95382  1.51      50      48      83       87   1.74
1935-1939    105-109    0.68712  0.97602  1.33       2       2       3        3   1.45
1935-1939    110+       0.77395  1.00000  1.29       0       0       0        0   1.29
1940-1944        0      0.05804  0.05559  0.24  100000    5559   95784  6297189  62.97
1940-1944      1-4      0.00411  0.01629  1.56   94441    1538  374003  6201405  65.66
1940-1944      5-9      0.00169  0.00841  2.17   92903     781  462302  5827402  62.73
1940-1944     10-14     0.00122  0.00606  2.62   92121     558  459278  5365100  58.24
1940-1944     15-19     0.00228  0.01135  2.75   91563    1039  455481  4905822  53.58
1940-1944     20-24     0.00346  0.01715  2.58   90524    1553  448866  4450340  49.16
1940-1944     25-29     0.00334  0.01657  2.43   88971    1474  441071  4001475  44.98
1940-1944     30-34     0.00332  0.01645  2.52   87497    1439  433918  3560404  40.69
1940-1944     35-39     0.00382  0.01894  2.58   86057    1630  426341  3126486  36.33
1940-1944     40-44     0.00495  0.02448  2.61   84427    2067  417195  2700146  31.98
1940-1944     45-49     0.00704  0.03464  2.64   82360    2853  405079  2282951  27.72
1940-1944     50-54     0.01044  0.05094  2.66   79507    4050  388059  1877872  23.62
1940-1944     55-59     0.01559  0.07518  2.66   75457    5673  363998  1489812  19.74
1940-1944     60-64     0.02369  0.11219  2.65   69784    7829  330545  1125814  16.13
1940-1944     65-69     0.03693  0.16967  2.61   61955   10512  284605   795269  12.84
1940-1944     70-74     0.05830  0.25567  2.60   51443   13153  225587   510664   9.93
1940-1944     75-79     0.09459  0.38263  2.51   38290   14651  154899   285077   7.45
1940-1944     80-84     0.14587  0.52909  2.41   23639   12507   85741   130178   5.51
1940-1944     85-89     0.22521  0.69073  2.20   11132    7689   34141    44437   3.99
1940-1944     90-94     0.31482  0.81056  2.01    3443    2791    8864    10296   2.99
1940-1944     95-99     0.44590  0.90829  1.74     652     592    1329     1432   2.20
1940-1944    100-104    0.57455  0.95528  1.51      60      57      99      103   1.73
1940-1944    105-109    0.69552  0.97726  1.32       3       3       4        4   1.43
1940-1944    110+       0.78417  1.00000  1.28       0       0       0        0   1.28
1945-1949        0      0.04229  0.04088  0.19  100000    4088   96671  6701368  67.01
1945-1949      1-4      0.00208  0.00828  1.55   95912     794  381702  6604697  68.86
1945-1949      5-9      0.00090  0.00451  2.24   95117     429  474402  6222994  65.42
1945-1949     10-14     0.00074  0.00369  2.65   94688     349  472620  5748593  60.71
1945-1949     15-19     0.00141  0.00704  2.70   94339     665  470165  5275973  55.93
1945-1949     20-24     0.00201  0.01001  2.55   93674     938  466078  4805808  51.30
1945-1949     25-29     0.00207  0.01029  2.50   92737     954  461299  4339729  46.80
1945-1949     30-34     0.00222  0.01104  2.53   91782    1014  456411  3878430  42.26
1945-1949     35-39     0.00266  0.01323  2.60   90769    1201  450965  3422019  37.70
1945-1949     40-44     0.00370  0.01835  2.66   89568    1644  443989  2971054  33.17
1945-1949     45-49     0.00583  0.02876  2.68   87924    2529  433744  2527065  28.74
1945-1949     50-54     0.00888  0.04351  2.66   85395    3716  418275  2093321  24.51
1945-1949     55-59     0.01372  0.06647  2.69   81679    5429  395841  1675046  20.51
1945-1949     60-64     0.02164  0.10299  2.66   76250    7853  362853  1279205  16.78
1945-1949     65-69     0.03335  0.15458  2.64   68396   10572  316998   916352  13.40
1945-1949     70-74     0.05418  0.23976  2.60   57824   13864  255869   599355  10.37
1945-1949     75-79     0.08758  0.35967  2.52   43960   15811  180538   343485   7.81
1945-1949     80-84     0.13627  0.50450  2.43   28149   14201  104212   162947   5.79
1945-1949     85-89     0.21027  0.66385  2.22   13948    9259   44035    58735   4.21
1945-1949     90-94     0.29820  0.79077  2.03    4689    3708   12433    14700   3.14
1945-1949     95-99     0.42206  0.89511  1.78     981     878    2081     2266   2.31
1945-1949    100-104    0.54885  0.94828  1.55     103      98     178      186   1.80
1945-1949    105-109    0.67141  0.97394  1.36       5       5       8        8   1.48
1945-1949    110+       0.76325  1.00000  1.31       0       0       0        0   1.31
1950-1954        0      0.02942  0.02869  0.14  100000    2869   97533  6926179  69.26
1950-1954      1-4      0.00128  0.00511  1.55   97131     496  387308  6828646  70.30
1950-1954      5-9      0.00052  0.00260  2.25   96635     252  482482  6441338  66.66
1950-1954     10-14     0.00044  0.00218  2.61   96383     210  481414  5958856  61.82
1950-1954     15-19     0.00075  0.00372  2.71   96173     358  480046  5477441  56.95
1950-1954     20-24     0.00108  0.00540  2.57   95815     518  477815  4997396  52.16
1950-1954     25-29     0.00126  0.00628  2.57   95297     599  475029  4519581  47.43
1950-1954     30-34     0.00151  0.00753  2.58   94698     713  471765  4044552  42.71
1950-1954     35-39     0.00203  0.01012  2.62   93985     951  467668  3572786  38.01
1950-1954     40-44     0.00303  0.01505  2.68   93034    1400  461921  3105118  33.38
1950-1954     45-49     0.00509  0.02517  2.71   91635    2306  452884  2643198  28.84
1950-1954     50-54     0.00839  0.04114  2.69   89328    3675  438139  2190314  24.52
1950-1954     55-59     0.01335  0.06474  2.68   85654    5545  415425  1752176  20.46
1950-1954     60-64     0.02141  0.10195  2.67   80109    8167  381531  1336751  16.69
1950-1954     65-69     0.03389  0.15683  2.63   71942   11282  332954   955219  13.28
1950-1954     70-74     0.05449  0.24108  2.61   60659   14624  268362   622265  10.26
1950-1954     75-79     0.08943  0.36594  2.52   46035   16846  188382   353903   7.69
1950-1954     80-84     0.14013  0.51464  2.42   29189   15022  107200   165521   5.67
1950-1954     85-89     0.21616  0.67473  2.22   14167    9559   44222    58321   4.12
1950-1954     90-94     0.30725  0.80248  2.02    4608    3698   12035    14099   3.06
1950-1954     95-99     0.43074  0.89998  1.77     910     819    1902     2064   2.27
1950-1954    100-104    0.55688  0.95049  1.54      91      87     155      162   1.78
1950-1954    105-109    0.67782  0.97483  1.35       5       4       6        7   1.47
1950-1954    110+       0.76817  1.00000  1.30       0       0       0        0   1.30
1955-1959        0      0.02478  0.02425  0.12  100000    2425   97875  7052001  70.52
1955-1959      1-4      0.00095  0.00379  1.60   97575     369  389411  6954126  71.27
1955-1959      5-9      0.00042  0.00209  2.26   97205     203  485468  6564716  67.53
1955-1959     10-14     0.00035  0.00177  2.63   97002     172  484603  6079247  62.67
1955-1959     15-19     0.00062  0.00308  2.72   96830     298  483471  5594644  57.78
1955-1959     20-24     0.00082  0.00407  2.53   96532     393  481690  5111173  52.95
1955-1959     25-29     0.00092  0.00460  2.58   96139     442  479627  4629482  48.15
1955-1959     30-34     0.00117  0.00583  2.63   95697     558  477161  4149856  43.36
1955-1959     35-39     0.00173  0.00860  2.67   95139     819  473786  3672694  38.60
1955-1959     40-44     0.00272  0.01350  2.69   94320    1273  468659  3198909  33.92
1955-1959     45-49     0.00455  0.02250  2.72   93047    2094  460461  2730249  29.34
1955-1959     50-54     0.00774  0.03804  2.70   90953    3460  446820  2269788  24.96
1955-1959     55-59     0.01285  0.06240  2.68   87493    5460  424795  1822968  20.84
1955-1959     60-64     0.02049  0.09777  2.67   82033    8020  391450  1398172  17.04
1955-1959     65-69     0.03245  0.15066  2.63   74013   11150  343591  1006722  13.60
1955-1959     70-74     0.05228  0.23232  2.61   62863   14604  279370   663132  10.55
1955-1959     75-79     0.08448  0.34935  2.53   48258   16859  199573   383762   7.95
1955-1959     80-84     0.13298  0.49574  2.43   31399   15566  117056   184189   5.87
1955-1959     85-89     0.20820  0.66125  2.24   15833   10470   50287    67134   4.24
1955-1959     90-94     0.29759  0.79085  2.04    5364    4242   14254    16846   3.14
1955-1959     95-99     0.42179  0.89510  1.78    1122    1004    2381     2592   2.31
1955-1959    100-104    0.55024  0.94881  1.55     118     112     203      212   1.80
1955-1959    105-109    0.67484  0.97452  1.35       6       6       9        9   1.48
1955-1959    110+       0.76821  1.00000  1.30       0       0       0        0   1.30
1960-1964        0      0.02264  0.02220  0.12  100000    2220   98038  7099116  70.99
1960-1964      1-4      0.00088  0.00351  1.59   97780     343  390293  7001078  71.60
1960-1964      5-9      0.00041  0.00204  2.32   97437     198  486651  6610785  67.85
1960-1964     10-14     0.00033  0.00165  2.59   97238     160  485806  6124133  62.98
1960-1964     15-19     0.00065  0.00324  2.80   97078     315  484698  5638327  58.08
1960-1964     20-24     0.00079  0.00395  2.47   96764     382  482851  5153629  53.26
1960-1964     25-29     0.00082  0.00410  2.57   96381     395  480947  4670778  48.46
1960-1964     30-34     0.00107  0.00532  2.64   95986     510  478724  4189831  43.65
1960-1964     35-39     0.00165  0.00820  2.69   95476     783  475573  3711107  38.87
1960-1964     40-44     0.00268  0.01330  2.70   94693    1260  470565  3235534  34.17
1960-1964     45-49     0.00446  0.02208  2.70   93433    2063  462424  2764970  29.59
1960-1964     50-54     0.00744  0.03660  2.70   91370    3344  449147  2302546  25.20
1960-1964     55-59     0.01249  0.06071  2.69   88026    5344  427795  1853399  21.06
1960-1964     60-64     0.02055  0.09802  2.65   82682    8105  394400  1425604  17.24
1960-1964     65-69     0.03194  0.14845  2.63   74577   11071  346642  1031205  13.83
1960-1964     70-74     0.05080  0.22641  2.60   63507   14379  283034   684563  10.78
1960-1964     75-79     0.08104  0.33755  2.53   49128   16583  204639   401529   8.17
1960-1964     80-84     0.12749  0.48093  2.45   32545   15652  122768   196890   6.05
1960-1964     85-89     0.19907  0.64377  2.26   16893   10875   54629    74122   4.39
1960-1964     90-94     0.28743  0.78079  2.08    6018    4699   16347    19494   3.24
1960-1964     95-99     0.40748  0.88641  1.81    1319    1169    2870     3146   2.39
1960-1964    100-104    0.53533  0.94436  1.57     150     142     264      277   1.85
1960-1964    105-109    0.66112  0.97248  1.37       8       8      12       13   1.51
1960-1964    110+       0.75632  1.00000  1.32       0       0       0        0   1.32
1965-1969        0      0.01931  0.01898  0.11  100000    1898   98310  7167245  71.67
1965-1969      1-4      0.00081  0.00325  1.62   98102     319  391650  7068935  72.06
1965-1969      5-9      0.00037  0.00186  2.33   97783     182  488429  6677285  68.29
1965-1969     10-14     0.00034  0.00168  2.63   97601     164  487617  6188856  63.41
1965-1969     15-19     0.00068  0.00340  2.74   97437     331  486438  5701239  58.51
1965-1969     20-24     0.00072  0.00359  2.49   97106     349  484654  5214801  53.70
1965-1969     25-29     0.00077  0.00382  2.55   96757     369  482883  4730147  48.89
1965-1969     30-34     0.00097  0.00486  2.64   96388     468  480832  4247265  44.06
1965-1969     35-39     0.00153  0.00764  2.70   95919     732  477914  3766433  39.27
1965-1969     40-44     0.00264  0.01313  2.70   95187    1250  473060  3288518  34.55
1965-1969     45-49     0.00446  0.02208  2.70   93937    2074  464907  2815458  29.97
1965-1969     50-54     0.00733  0.03605  2.70   91863    3311  451686  2350551  25.59
1965-1969     55-59     0.01200  0.05839  2.69   88552    5171  430804  1898865  21.44
1965-1969     60-64     0.01974  0.09438  2.67   83381    7869  398590  1468061  17.61
1965-1969     65-69     0.03147  0.14639  2.62   75512   11054  351205  1069471  14.16
1965-1969     70-74     0.04900  0.21923  2.60   64458   14131  288369   718267  11.14
1965-1969     75-79     0.07604  0.31975  2.51   50327   16092  211621   429898   8.54
1965-1969     80-84     0.11855  0.45529  2.45   34235   15587  131474   218277   6.38
1965-1969     85-89     0.18402  0.61424  2.29   18648   11454   62244    86802   4.65
1965-1969     90-94     0.27040  0.75823  2.10    7194    5455   20172    24559   3.41
1965-1969     95-99     0.38323  0.87001  1.86    1739    1513    3948     4386   2.52
1965-1969    100-104    0.50943  0.93566  1.62     226     212     415      438   1.94
1965-1969    105-109    0.63661  0.96842  1.41      15      14      22       23   1.56
1965-1969    110+       0.73452  1.00000  1.36       0       0       1        1   1.36
1970-1974        0      0.01761  0.01734  0.11  100000    1734   98462  7212910  72.13
1970-1974      1-4      0.00072  0.00289  1.62   98266     284  392390  7114448  72.40
1970-1974      5-9      0.00034  0.00172  2.30   97983     168  489458  6722058  68.60
1970-1974     10-14     0.00029  0.00145  2.58   97814     142  488726  6232600  63.72
1970-1974     15-19     0.00065  0.00325  2.79   97672     318  487658  5743874  58.81
1970-1974     20-24     0.00073  0.00363  2.42   97354     353  485858  5256216  53.99
1970-1974     25-29     0.00071  0.00355  2.55   97001     344  484162  4770358  49.18
1970-1974     30-34     0.00092  0.00457  2.63   96657     442  482238  4286196  44.34
1970-1974     35-39     0.00142  0.00709  2.68   96215     682  479490  3803959  39.54
1970-1974     40-44     0.00252  0.01253  2.72   95532    1197  474935  3324469  34.80
1970-1974     45-49     0.00448  0.02216  2.71   94335    2090  466885  2849533  30.21
1970-1974     50-54     0.00739  0.03633  2.67   92245    3351  453420  2382648  25.83
1970-1974     55-59     0.01179  0.05736  2.67   88893    5099  432608  1929228  21.70
1970-1974     60-64     0.01886  0.09031  2.65   83794    7567  401224  1496621  17.86
1970-1974     65-69     0.03036  0.14163  2.63   76227   10796  355552  1095397  14.37
1970-1974     70-74     0.04799  0.21502  2.59   65431   14069  293196   739844  11.31
1970-1974     75-79     0.07407  0.31303  2.53   51362   16078  217063   446648   8.70
1970-1974     80-84     0.11515  0.44531  2.46   35284   15713  136456   229586   6.51
1970-1974     85-89     0.17804  0.60132  2.30   19572   11769   66102    93130   4.76
1970-1974     90-94     0.26577  0.75331  2.13    7803    5878   22116    27028   3.46
1970-1974     95-99     0.37810  0.86653  1.87    1925    1668    4411     4912   2.55
1970-1974    100-104    0.50642  0.93477  1.63     257     240     474      500   1.95
1970-1974    105-109    0.63622  0.96845  1.41      17      16      26       26   1.57
1970-1974    110+       0.73601  1.00000  1.36       1       1       1        1   1.36
1975-1979        0      0.01433  0.01415  0.12  100000    1415   98754  7291850  72.92
1975-1979      1-4      0.00058  0.00233  1.63   98585     229  393796  7193096  72.96
1975-1979      5-9      0.00029  0.00143  2.35   98355     141  491402  6799301  69.13
1975-1979     10-14     0.00026  0.00129  2.63   98214     127  490769  6307898  64.23
1975-1979     15-19     0.00063  0.00314  2.87   98087     308  489778  5817129  59.31
1975-1979     20-24     0.00071  0.00353  2.44   97779     345  488008  5327351  54.48
1975-1979     25-29     0.00070  0.00349  2.53   97433     340  486328  4839342  49.67
1975-1979     30-34     0.00086  0.00431  2.64   97093     418  484481  4353014  44.83
1975-1979     35-39     0.00134  0.00667  2.70   96675     644  481893  3868534  40.02
1975-1979     40-44     0.00228  0.01135  2.74   96031    1090  477689  3386640  35.27
1975-1979     45-49     0.00410  0.02033  2.73   94940    1930  470316  2908951  30.64
1975-1979     50-54     0.00712  0.03500  2.68   93010    3256  457510  2438635  26.22
1975-1979     55-59     0.01138  0.05540  2.66   89755    4972  437119  1981125  22.07
1975-1979     60-64     0.01814  0.08702  2.65   84782    7377  406610  1544006  18.21
1975-1979     65-69     0.02870  0.13432  2.63   77405   10397  362341  1137396  14.69
1975-1979     70-74     0.04551  0.20512  2.60   67008   13745  302047   775055  11.57
1975-1979     75-79     0.07139  0.30345  2.53   53263   16163  226395   473008   8.88
1975-1979     80-84     0.11135  0.43410  2.46   37100   16105  144639   246613   6.65
1975-1979     85-89     0.17297  0.59072  2.32   20995   12402   71703   101973   4.86
1975-1979     90-94     0.26018  0.74471  2.13    8593    6399   24595    30270   3.52
1975-1979     95-99     0.37227  0.86232  1.89    2194    1892    5081     5675   2.59
1975-1979    100-104    0.50176  0.93317  1.63     302     282     562      593   1.96
1975-1979    105-109    0.63343  0.96802  1.41      20      20      31       32   1.57
1975-1979    110+       0.73478  1.00000  1.36       1       1       1        1   1.36
1980-1984        0      0.01096  0.01086  0.13  100000    1086   99052  7409997  74.10
1980-1984      1-4      0.00047  0.00188  1.59   98914     186  395209  7310945  73.91
1980-1984      5-9      0.00023  0.00117  2.36   98728     116  493336  6915736  70.05
1980-1984     10-14     0.00024  0.00119  2.65   98612     117  492788  6422399  65.13
1980-1984     15-19     0.00056  0.00278  2.84   98496     274  491884  5929612  60.20
1980-1984     20-24     0.00061  0.00306  2.44   98221     301  490336  5437727  55.36
1980-1984     25-29     0.00065  0.00326  2.55   97921     319  488820  4947391  50.52
1980-1984     30-34     0.00079  0.00396  2.62   97601     386  487085  4458571  45.68
1980-1984     35-39     0.00117  0.00582  2.69   97215     566  484763  3971486  40.85
1980-1984     40-44     0.00200  0.00995  2.72   96649     962  481048  3486723  36.08
1980-1984     45-49     0.00356  0.01768  2.73   95687    1691  474588  3005675  31.41
1980-1984     50-54     0.00625  0.03082  2.72   93996    2897  463361  2531088  26.93
1980-1984     55-59     0.01067  0.05208  2.68   91099    4745  444480  2067726  22.70
1980-1984     60-64     0.01710  0.08218  2.64   86354    7097  415028  1623246  18.80
1980-1984     65-69     0.02667  0.12544  2.63   79257    9942  372730  1208218  15.24
1980-1984     70-74     0.04221  0.19165  2.60   69315   13285  314734   835489  12.05
1980-1984     75-79     0.06608  0.28431  2.55   56030   15930  241061   520755   9.29
1980-1984     80-84     0.10410  0.41188  2.47   40100   16517  158661   279693   6.97
1980-1984     85-89     0.16059  0.56313  2.35   23584   13281   82700   121033   5.13
1980-1984     90-94     0.24355  0.72081  2.17   10303    7427   30494    38333   3.72
1980-1984     95-99     0.35103  0.84520  1.93    2876    2431    6926     7839   2.73
1980-1984    100-104    0.47928  0.92428  1.68     445     412     859      913   2.05
1980-1984    105-109    0.61246  0.96405  1.45      34      33      53       55   1.62
1980-1984    110+       0.71630  1.00000  1.40       1       1       2        2   1.40
1985-1989        0      0.00919  0.00912  0.13  100000     912   99207  7502253  75.02
1985-1989      1-4      0.00042  0.00168  1.60   99088     167  395952  7403046  74.71
1985-1989      5-9      0.00019  0.00096  2.38   98921      95  494358  7007094  70.84
1985-1989     10-14     0.00021  0.00106  2.72   98826     105  493892  6512737  65.90
1985-1989     15-19     0.00051  0.00253  2.83   98721     250  493064  6018845  60.97
1985-1989     20-24     0.00061  0.00303  2.45   98471     299  491596  5525781  56.12
1985-1989     25-29     0.00061  0.00303  2.56   98173     298  490138  5034185  51.28
1985-1989     30-34     0.00079  0.00396  2.63   97875     388  488455  4544047  46.43
1985-1989     35-39     0.00112  0.00558  2.65   97487     544  486155  4055592  41.60
1985-1989     40-44     0.00181  0.00904  2.71   96943     876  482708  3569437  36.82
1985-1989     45-49     0.00316  0.01567  2.70   96067    1506  476870  3086729  32.13
1985-1989     50-54     0.00539  0.02664  2.71   94562    2519  467038  2609860  27.60
1985-1989     55-59     0.00943  0.04617  2.71   92042    4249  450461  2142821  23.28
1985-1989     60-64     0.01604  0.07730  2.66   87793    6786  423089  1692360  19.28
1985-1989     65-69     0.02529  0.11927  2.62   81007    9662  382042  1269271  15.67
1985-1989     70-74     0.03974  0.18145  2.61   71345   12945  325765   887229  12.44
1985-1989     75-79     0.06225  0.27007  2.55   58400   15772  253377   561464   9.61
1985-1989     80-84     0.09812  0.39350  2.49   42628   16774  170955   308087   7.23
1985-1989     85-89     0.15311  0.54541  2.36   25854   14101   92099   137132   5.30
1985-1989     90-94     0.23452  0.70726  2.19   11753    8312   35445    45033   3.83
1985-1989     95-99     0.34199  0.83758  1.95    3441    2882    8426     9589   2.79
1985-1989    100-104    0.47209  0.92145  1.69     559     515    1091     1162   2.08
1985-1989    105-109    0.60868  0.96345  1.45      44      42      69       72   1.63
1985-1989    110+       0.71567  1.00000  1.40       2       2       2        2   1.40
1990-1994        0      0.00692  0.00688  0.13  100000     688   99405  7616016  76.16
1990-1994      1-4      0.00034  0.00136  1.57   99312     135  396919  7516611  75.69
1990-1994      5-9      0.00016  0.00080  2.42   99177      80  495678  7119692  71.79
1990-1994     10-14     0.00019  0.00093  2.75   99097      92  495280  6624014  66.84
1990-1994     15-19     0.00047  0.00236  2.83   99005     234  494520  6128734  61.90
1990-1994     20-24     0.00062  0.00308  2.50   98771     304  493098  5634215  57.04
1990-1994     25-29     0.00065  0.00326  2.55   98467     321  491547  5141117  52.21
1990-1994     30-34     0.00080  0.00398  2.60   98146     390  489793  4649571  47.37
1990-1994     35-39     0.00113  0.00563  2.67   97755     550  487494  4159778  42.55
1990-1994     40-44     0.00171  0.00854  2.67   97205     830  484091  3672284  37.78
1990-1994     45-49     0.00278  0.01383  2.70   96375    1333  478804  3188193  33.08
1990-1994     50-54     0.00476  0.02356  2.69   95042    2240  470033  2709389  28.51
1990-1994     55-59     0.00802  0.03939  2.70   92802    3656  455607  2239357  24.13
1990-1994     60-64     0.01393  0.06746  2.69   89146    6014  431827  1783749  20.01
1990-1994     65-69     0.02325  0.11019  2.64   83133    9160  394045  1351923  16.26
1990-1994     70-74     0.03668  0.16857  2.60   73972   12470  339967   957878  12.95
1990-1994     75-79     0.05731  0.25161  2.58   61503   15475  270036   617911  10.05
1990-1994     80-84     0.09121  0.37139  2.50   46028   17094  187427   347875   7.56
1990-1994     85-89     0.14342  0.52178  2.39   28934   15097  105267   160448   5.55
1990-1994     90-94     0.22271  0.68791  2.22   13837    9518   42739    55181   3.99
1990-1994     95-99     0.32906  0.82571  1.98    4318    3566   10836    12442   2.88
1990-1994    100-104    0.45929  0.91580  1.72     753     689    1501     1606   2.13
1990-1994    105-109    0.59834  0.96140  1.47      63      61     102      105   1.66
1990-1994    110+       0.70831  1.00000  1.41       2       2       3        3   1.41
1995-1999        0      0.00593  0.00590  0.14  100000     590   99491  7705401  77.05
1995-1999      1-4      0.00027  0.00110  1.55   99410     109  397372  7605911  76.51
1995-1999      5-9      0.00013  0.00064  2.40   99301      64  496338  7208539  72.59
1995-1999     10-14     0.00016  0.00079  2.73   99237      78  496007  6712201  67.64
1995-1999     15-19     0.00045  0.00224  2.90   99159     222  495327  6216195  62.69
1995-1999     20-24     0.00061  0.00306  2.52   98937     303  493931  5720867  57.82
1995-1999     25-29     0.00067  0.00334  2.56   98634     329  492366  5226936  52.99
1995-1999     30-34     0.00081  0.00404  2.59   98304     397  490564  4734571  48.16
1995-1999     35-39     0.00109  0.00542  2.65   97907     530  488290  4244007  43.35
1995-1999     40-44     0.00168  0.00837  2.68   97377     815  484995  3755717  38.57
1995-1999     45-49     0.00263  0.01308  2.67   96562    1263  479865  3270722  33.87
1995-1999     50-54     0.00432  0.02141  2.70   95299    2040  471800  2790857  29.29
1995-1999     55-59     0.00720  0.03539  2.69   93259    3301  458654  2319058  24.87
1995-1999     60-64     0.01196  0.05821  2.68   89958    5236  437650  1860404  20.68
1995-1999     65-69     0.02031  0.09697  2.67   84722    8216  404436  1422754  16.79
1995-1999     70-74     0.03388  0.15678  2.63   76506   11994  354045  1018317  13.31
1995-1999     75-79     0.05366  0.23736  2.57   64512   15312  285372   664272  10.30
1995-1999     80-84     0.08721  0.35855  2.52   49199   17640  202266   378900   7.70
1995-1999     85-89     0.13999  0.51362  2.41   31559   16209  115785   176634   5.60
1995-1999     90-94     0.22389  0.69104  2.23   15350   10607   47377    60850   3.96
1995-1999     95-99     0.33400  0.83103  1.98    4742    3941   11800    13473   2.84
1995-1999    100-104    0.46986  0.92109  1.70     801     738    1571     1673   2.09
1995-1999    105-109    0.61372  0.96481  1.45      63      61      99      102   1.62
1995-1999    110+       0.72601  1.00000  1.38       2       2       3        3   1.38
2000-2004        0      0.00537  0.00534  0.14  100000     534   99539  7828758  78.29
2000-2004      1-4      0.00023  0.00093  1.59   99466      92  397640  7729219  77.71
2000-2004      5-9      0.00011  0.00054  2.39   99373      54  496727  7331579  73.78
2000-2004     10-14     0.00013  0.00067  2.75   99320      66  496449  6834851  68.82
2000-2004     15-19     0.00038  0.00192  2.93   99253     191  495872  6338402  63.86
2000-2004     20-24     0.00055  0.00273  2.53   99063     270  494644  5842530  58.98
2000-2004     25-29     0.00062  0.00308  2.57   98792     304  493221  5347886  54.13
2000-2004     30-34     0.00078  0.00391  2.60   98488     385  491517  4854665  49.29
2000-2004     35-39     0.00106  0.00527  2.64   98103     517  489291  4363148  44.48
2000-2004     40-44     0.00158  0.00786  2.67   97586     767  486141  3873857  39.70
2000-2004     45-49     0.00254  0.01260  2.69   96818    1220  481277  3387715  34.99
2000-2004     50-54     0.00396  0.01962  2.65   95598    1876  473592  2906439  30.40
2000-2004     55-59     0.00629  0.03098  2.68   93722    2903  461882  2432847  25.96
2000-2004     60-64     0.01041  0.05079  2.66   90819    4613  443307  1970965  21.70
2000-2004     65-69     0.01686  0.08113  2.67   86206    6994  414741  1527658  17.72
2000-2004     70-74     0.02844  0.13336  2.66   79213   10564  371393  1112917  14.05
2000-2004     75-79     0.04783  0.21452  2.60   68649   14727  307926   741524  10.80
2000-2004     80-84     0.07998  0.33422  2.54   53922   18022  225321   433599   8.04
2000-2004     85-89     0.13215  0.49343  2.43   35900   17714  134044   208278   5.80
2000-2004     90-94     0.21491  0.67602  2.26   18186   12294   57205    74233   4.08
2000-2004     95-99     0.32715  0.82496  2.00    5892    4861   14857    17028   2.89
2000-2004    100-104    0.46581  0.91958  1.71    1031     948    2036     2171   2.10
2000-2004    105-109    0.61315  0.96485  1.45      83      80     131      135   1.62
2000-2004    110+       0.72805  1.00000  1.37       3       3       4        4   1.37
2005-2009        0      0.00492  0.00490  0.14  100000     490   99579  7956150  79.56
2005-2009      1-4      0.00021  0.00084  1.55   99510      83  397838  7856571  78.95
2005-2009      5-9      0.00010  0.00049  2.44   99427      49  497011  7458734  75.02
2005-2009     10-14     0.00012  0.00059  2.74   99378      59  496759  6961722  70.05
2005-2009     15-19     0.00035  0.00174  2.90   99320     172  496235  6464963  65.09
2005-2009     20-24     0.00048  0.00240  2.51   99147     238  495143  5968728  60.20
2005-2009     25-29     0.00056  0.00277  2.58   98909     274  493881  5473586  55.34
2005-2009     30-34     0.00074  0.00369  2.64   98635     364  492314  4979704  50.49
2005-2009     35-39     0.00104  0.00516  2.62   98271     508  490149  4487390  45.66
2005-2009     40-44     0.00152  0.00759  2.65   97764     742  487074  3997241  40.89
2005-2009     45-49     0.00232  0.01154  2.67   97022    1120  482495  3510167  36.18
2005-2009     50-54     0.00368  0.01823  2.67   95902    1749  475434  3027672  31.57
2005-2009     55-59     0.00569  0.02806  2.65   94153    2642  464567  2552239  27.11
2005-2009     60-64     0.00903  0.04420  2.68   91511    4045  448174  2087672  22.81
2005-2009     65-69     0.01451  0.07016  2.66   87466    6136  422980  1639498  18.74
2005-2009     70-74     0.02369  0.11222  2.66   81330    9127  385324  1216517  14.96
2005-2009     75-79     0.04071  0.18572  2.64   72203   13410  329385   831193  11.51
2005-2009     80-84     0.07069  0.30176  2.58   58793   17741  250958   501808   8.54
2005-2009     85-89     0.12107  0.46331  2.47   41052   19020  157099   250850   6.11
2005-2009     90-94     0.20262  0.65432  2.29   22032   14416   71145    93751   4.26
2005-2009     95-99     0.31669  0.81516  2.02    7616    6208   19604    22606   2.97
2005-2009    100-104    0.45906  0.91693  1.73    1408    1291    2812     3002   2.13
2005-2009    105-109    0.61137  0.96472  1.45     117     113     185      190   1.63
2005-2009    110+       0.73010  1.00000  1.37       4       4       6        6   1.37
2010-2014        0      0.00413  0.00411  0.14  100000     411   99647  8082472  80.82
2010-2014      1-4      0.00017  0.00068  1.51   99589      68  398185  7982825  80.16
2010-2014      5-9      0.00009  0.00043  2.43   99521      43  497494  7584640  76.21
2010-2014     10-14     0.00009  0.00047  2.70   99478      47  497283  7087146  71.24
2010-2014     15-19     0.00025  0.00126  2.94   99431     125  496897  6589863  66.28
2010-2014     20-24     0.00038  0.00189  2.56   99306     188  496070  6092966  61.36
2010-2014     25-29     0.00047  0.00236  2.61   99118     234  495031  5596896  56.47
2010-2014     30-34     0.00065  0.00326  2.62   98884     322  493653  5101865  51.59
2010-2014     35-39     0.00095  0.00476  2.67   98562     469  491714  4608212  46.75
2010-2014     40-44     0.00144  0.00715  2.65   98092     702  488816  4116498  41.97
2010-2014     45-49     0.00210  0.01044  2.64   97391    1017  484557  3627682  37.25
2010-2014     50-54     0.00324  0.01609  2.68   96374    1551  478264  3143125  32.61
2010-2014     55-59     0.00515  0.02545  2.67   94823    2413  468500  2664862  28.10
2010-2014     60-64     0.00803  0.03941  2.65   92410    3642  453494  2196362  23.77
2010-2014     65-69     0.01251  0.06078  2.67   88768    5395  431269  1742867  19.63
2010-2014     70-74     0.02091  0.09966  2.66   83373    8309  397427  1311598  15.73
2010-2014     75-79     0.03509  0.16206  2.65   75064   12165  346712   914172  12.18
2010-2014     80-84     0.06239  0.27149  2.61   62899   17076  273722   567460   9.02
2010-2014     85-89     0.11082  0.43407  2.50   45823   19890  179476   293738   6.41
2010-2014     90-94     0.19242  0.63439  2.32   25933   16452   85499   114261   4.41
2010-2014     95-99     0.30812  0.80692  2.05    9481    7651   24830    28763   3.03
2010-2014    100-104    0.45521  0.91566  1.74    1831    1676    3682     3933   2.15
2010-2014    105-109    0.61352  0.96542  1.45     154     149     243      250   1.62
2010-2014    110+       0.73654  1.00000  1.36       5       5       7        7   1.36
2015-2019        0      0.00387  0.00386  0.14  100000     386   99669  8113891  81.14
2015-2019      1-4      0.00014  0.00058  1.55   99614      57  398317  8014223  80.45
2015-2019      5-9      0.00007  0.00036  2.34   99557      36  497690  7615905  76.50
2015-2019     10-14     0.00009  0.00044  2.74   99521      44  497506  7118216  71.52
2015-2019     15-19     0.00024  0.00121  2.91   99477     120  497133  6620710  66.56
2015-2019     20-24     0.00037  0.00185  2.55   99357     184  496332  6123577  61.63
2015-2019     25-29     0.00047  0.00235  2.61   99173     233  495306  5627244  56.74
2015-2019     30-34     0.00066  0.00330  2.64   98940     326  493930  5131938  51.87
2015-2019     35-39     0.00097  0.00482  2.64   98614     475  491947  4638008  47.03
2015-2019     40-44     0.00145  0.00723  2.67   98138     710  489036  4146061  42.25
2015-2019     45-49     0.00218  0.01083  2.65   97428    1055  484656  3657025  37.54
2015-2019     50-54     0.00321  0.01592  2.64   96373    1534  478241  3172369  32.92
2015-2019     55-59     0.00491  0.02428  2.67   94839    2303  468824  2694128  28.41
2015-2019     60-64     0.00779  0.03823  2.67   92536    3538  454423  2225304  24.05
2015-2019     65-69     0.01206  0.05866  2.65   88998    5221  432737  1770881  19.90
2015-2019     70-74     0.01951  0.09331  2.68   83778    7817  400725  1338144  15.97
2015-2019     75-79     0.03368  0.15607  2.65   75960   11855  351958   937419  12.34
2015-2019     80-84     0.05987  0.26207  2.62   64105   16800  280601   585461   9.13
2015-2019     85-89     0.10890  0.42870  2.52   47304   20280  186216   304860   6.44
2015-2019     90-94     0.19245  0.63503  2.32   27025   17162   89174   118644   4.39
2015-2019     95-99     0.31326  0.81306  2.04    9863    8019   25600    29470   2.99
2015-2019    100-104    0.46655  0.92137  1.72    1844    1699    3641     3870   2.10
2015-2019    105-109    0.62977  0.96864  1.43     145     140     223      229   1.58
2015-2019    110+       0.75439  1.00000  1.33       5       5       6        6   1.33
