Scotland, Life tables (period 5x5), Total	Last modified: 18 May 2022;  Methods Protocol: v6 (2017)

  Year          Age         mx       qx    ax      lx      dx      Lx       Tx     ex
1855-1859        0      0.12737  0.11703  0.31  100000   11703   91876  4354002  43.54
1855-1859      1-4      0.03624  0.13257  1.42   88297   11706  322998  4262126  48.27
1855-1859      5-9      0.00907  0.04415  2.01   76591    3381  372837  3939128  51.43
1855-1859     10-14     0.00483  0.02384  2.53   73210    1746  361731  3566291  48.71
1855-1859     15-19     0.00691  0.03402  2.64   71464    2431  351593  3204560  44.84
1855-1859     20-24     0.00914  0.04471  2.54   69033    3086  337570  2852967  41.33
1855-1859     25-29     0.00946  0.04620  2.49   65947    3047  322089  2515397  38.14
1855-1859     30-34     0.01018  0.04965  2.51   62901    3123  306733  2193309  34.87
1855-1859     35-39     0.01069  0.05209  2.51   59778    3114  291129  1886576  31.56
1855-1859     40-44     0.01235  0.05991  2.53   56664    3395  274944  1595447  28.16
1855-1859     45-49     0.01353  0.06547  2.53   53270    3488  257719  1320503  24.79
1855-1859     50-54     0.01768  0.08478  2.58   49782    4220  238688  1062784  21.35
1855-1859     55-59     0.02081  0.09900  2.55   45562    4510  216750   824096  18.09
1855-1859     60-64     0.03308  0.15335  2.62   41051    6295  190294   607346  14.79
1855-1859     65-69     0.04453  0.20068  2.54   34756    6975  156624   417052  12.00
1855-1859     70-74     0.07101  0.30242  2.55   27781    8402  118321   260428   9.37
1855-1859     75-79     0.10243  0.40539  2.43   19379    7856   76702   142107   7.33
1855-1859     80-84     0.14648  0.52960  2.39   11523    6103   41661    65405   5.68
1855-1859     85-89     0.20839  0.65677  2.19    5420    3560   17083    23745   4.38
1855-1859     90-94     0.25874  0.73686  2.08    1860    1371    5298     6662   3.58
1855-1859     95-99     0.34628  0.83644  1.91     490     409    1183     1363   2.79
1855-1859    100-104    0.43435  0.89873  1.74      80      72     166      181   2.26
1855-1859    105-109    0.52698  0.93916  1.57       8       8      14       15   1.88
1855-1859    110+       0.60212  1.00000  1.66       0       0       1        1   1.66
1860-1864        0      0.13406  0.12264  0.31  100000   12264   91486  4176838  41.77
1860-1864      1-4      0.04069  0.14723  1.41   87736   12917  317474  4085352  46.56
1860-1864      5-9      0.00972  0.04724  2.06   74818    3535  363689  3767878  50.36
1860-1864     10-14     0.00540  0.02662  2.50   71284    1898  351684  3404189  47.76
1860-1864     15-19     0.00749  0.03680  2.63   69386    2553  340885  3052505  43.99
1860-1864     20-24     0.00950  0.04642  2.53   66833    3103  326496  2711620  40.57
1860-1864     25-29     0.01004  0.04896  2.48   63730    3120  310800  2385124  37.43
1860-1864     30-34     0.01027  0.05009  2.51   60610    3036  295504  2074324  34.22
1860-1864     35-39     0.01193  0.05796  2.53   57574    3337  279632  1778820  30.90
1860-1864     40-44     0.01271  0.06158  2.50   54237    3340  262827  1499188  27.64
1860-1864     45-49     0.01491  0.07194  2.57   50898    3661  245577  1236360  24.29
1860-1864     50-54     0.01781  0.08525  2.50   47236    4027  226112   990784  20.98
1860-1864     55-59     0.02242  0.10648  2.65   43209    4601  205216   764672  17.70
1860-1864     60-64     0.03337  0.15412  2.52   38608    5950  178290   559456  14.49
1860-1864     65-69     0.04567  0.20585  2.61   32658    6723  147207   381166  11.67
1860-1864     70-74     0.07491  0.31572  2.51   25935    8188  109309   233958   9.02
1860-1864     75-79     0.11039  0.43111  2.46   17747    7651   69308   124649   7.02
1860-1864     80-84     0.15489  0.55013  2.37   10096    5554   35858    55341   5.48
1860-1864     85-89     0.21330  0.66494  2.17    4542    3020   14159    19483   4.29
1860-1864     90-94     0.26642  0.74731  2.06    1522    1137    4269     5324   3.50
1860-1864     95-99     0.35243  0.84141  1.90     385     324     918     1055   2.74
1860-1864    100-104    0.43748  0.90007  1.73      61      55     125      137   2.25
1860-1864    105-109    0.52604  0.93853  1.57       6       6      11       11   1.89
1860-1864    110+       0.59745  1.00000  1.67       0       0       1        1   1.67
1865-1869        0      0.13325  0.12197  0.31  100000   12197   91533  4247998  42.48
1865-1869      1-4      0.03536  0.12961  1.42   87803   11380  321856  4156465  47.34
1865-1869      5-9      0.00907  0.04418  2.04   76423    3377  372115  3834609  50.18
1865-1869     10-14     0.00506  0.02500  2.53   73046    1826  360724  3462494  47.40
1865-1869     15-19     0.00738  0.03627  2.64   71220    2583  350002  3101770  43.55
1865-1869     20-24     0.00942  0.04604  2.53   68637    3160  335390  2751768  40.09
1865-1869     25-29     0.01009  0.04919  2.50   65476    3221  319318  2416379  36.90
1865-1869     30-34     0.01071  0.05214  2.51   62256    3246  303204  2097061  33.68
1865-1869     35-39     0.01201  0.05830  2.53   59010    3440  286563  1793857  30.40
1865-1869     40-44     0.01411  0.06816  2.53   55569    3788  268476  1507294  27.12
1865-1869     45-49     0.01574  0.07576  2.54   51782    3923  249243  1238818  23.92
1865-1869     50-54     0.02020  0.09622  2.54   47858    4605  227965   989575  20.68
1865-1869     55-59     0.02280  0.10797  2.55   43253    4670  204823   761610  17.61
1865-1869     60-64     0.03590  0.16525  2.60   38583    6376  177610   556787  14.43
1865-1869     65-69     0.04484  0.20164  2.51   32208    6494  144849   379177  11.77
1865-1869     70-74     0.07313  0.31052  2.57   25713    7985  109178   234328   9.11
1865-1869     75-79     0.10966  0.42767  2.43   17729    7582   69142   125149   7.06
1865-1869     80-84     0.15264  0.54428  2.37   10147    5523   36182    56008   5.52
1865-1869     85-89     0.21352  0.66566  2.17    4624    3078   14416    19826   4.29
1865-1869     90-94     0.26383  0.74193  2.05    1546    1147    4348     5410   3.50
1865-1869     95-99     0.36371  0.85149  1.88     399     340     934     1062   2.66
1865-1869    100-104    0.45585  0.91022  1.70      59      54     118      128   2.16
1865-1869    105-109    0.55124  0.94695  1.53       5       5       9       10   1.80
1865-1869    110+       0.62793  1.00000  1.59       0       0       0        0   1.59
1870-1874        0      0.13926  0.12698  0.31  100000   12698   91184  4155911  41.56
1870-1874      1-4      0.03582  0.13119  1.43   87302   11453  319740  4064727  46.56
1870-1874      5-9      0.00981  0.04771  2.09   75849    3619  368723  3744987  49.37
1870-1874     10-14     0.00559  0.02756  2.49   72230    1991  356149  3376264  46.74
1870-1874     15-19     0.00770  0.03780  2.64   70239    2655  344931  3020115  43.00
1870-1874     20-24     0.00992  0.04844  2.54   67584    3274  329861  2675184  39.58
1870-1874     25-29     0.01044  0.05086  2.48   64310    3271  313314  2345323  36.47
1870-1874     30-34     0.01070  0.05209  2.52   61039    3180  297300  2032009  33.29
1870-1874     35-39     0.01247  0.06050  2.54   57859    3501  280669  1734709  29.98
1870-1874     40-44     0.01384  0.06688  2.51   54359    3636  262734  1454040  26.75
1870-1874     45-49     0.01639  0.07881  2.57   50723    3998  243892  1191306  23.49
1870-1874     50-54     0.02051  0.09757  2.52   46725    4559  222325   947415  20.28
1870-1874     55-59     0.02540  0.11968  2.60   42166    5046  198699   725090  17.20
1870-1874     60-64     0.03619  0.16607  2.52   37120    6165  170332   526391  14.18
1870-1874     65-69     0.04750  0.21308  2.59   30955    6596  138872   356059  11.50
1870-1874     70-74     0.07688  0.32240  2.50   24359    7853  102150   217187   8.92
1870-1874     75-79     0.10866  0.42576  2.46   16506    7028   64678   115037   6.97
1870-1874     80-84     0.16032  0.56262  2.35    9478    5333   33263    50360   5.31
1870-1874     85-89     0.22463  0.68519  2.15    4146    2841   12645    17097   4.12
1870-1874     90-94     0.27430  0.75624  2.03    1305     987    3598     4451   3.41
1870-1874     95-99     0.36149  0.84879  1.88     318     270     747      853   2.68
1870-1874    100-104    0.44518  0.90395  1.72      48      43      98      106   2.21
1870-1874    105-109    0.53109  0.94001  1.56       5       4       8        9   1.87
1870-1874    110+       0.59992  1.00000  1.67       0       0       0        0   1.67
1875-1879        0      0.13021  0.11942  0.31  100000   11942   91710  4360624  43.61
1875-1879      1-4      0.03136  0.11594  1.38   88058   10209  325521  4268914  48.48
1875-1879      5-9      0.00817  0.03990  2.10   77849    3106  380243  3943393  50.65
1875-1879     10-14     0.00499  0.02466  2.53   74743    1843  369169  3563150  47.67
1875-1879     15-19     0.00701  0.03448  2.62   72900    2513  358507  3193981  43.81
1875-1879     20-24     0.00861  0.04217  2.53   70386    2968  344603  2835474  40.28
1875-1879     25-29     0.00928  0.04537  2.50   67418    3058  329445  2490871  36.95
1875-1879     30-34     0.00992  0.04840  2.53   64360    3115  314089  2161426  33.58
1875-1879     35-39     0.01145  0.05566  2.54   61244    3409  297823  1847337  30.16
1875-1879     40-44     0.01329  0.06436  2.52   57835    3722  279962  1549514  26.79
1875-1879     45-49     0.01509  0.07277  2.56   54113    3938  260953  1269552  23.46
1875-1879     50-54     0.02078  0.09891  2.57   50175    4963  238793  1008599  20.10
1875-1879     55-59     0.02468  0.11637  2.56   45212    5261  213210   769806  17.03
1875-1879     60-64     0.03824  0.17503  2.58   39951    6992  182868   556596  13.93
1875-1879     65-69     0.04884  0.21767  2.50   32959    7174  146886   373727  11.34
1875-1879     70-74     0.07614  0.32097  2.56   25785    8276  108700   226842   8.80
1875-1879     75-79     0.11393  0.43954  2.40   17509    7696   67546   118141   6.75
1875-1879     80-84     0.16530  0.57339  2.33    9813    5627   34039    50596   5.16
1875-1879     85-89     0.23404  0.70152  2.15    4186    2937   12548    16557   3.96
1875-1879     90-94     0.29430  0.78118  2.00    1250     976    3317     4009   3.21
1875-1879     95-99     0.38462  0.86704  1.83     273     237     616      692   2.53
1875-1879    100-104    0.47354  0.91805  1.67      36      33      70       76   2.08
1875-1879    105-109    0.56286  0.94987  1.51       3       3       5        5   1.77
1875-1879    110+       0.63396  1.00000  1.58       0       0       0        0   1.58
1880-1884        0      0.12999  0.11923  0.31  100000   11923   91723  4481370  44.81
1880-1884      1-4      0.02921  0.10843  1.35   88077    9551  326980  4389648  49.84
1880-1884      5-9      0.00728  0.03565  2.16   78526    2800  384680  4062668  51.74
1880-1884     10-14     0.00451  0.02231  2.52   75727    1690  374441  3677988  48.57
1880-1884     15-19     0.00661  0.03252  2.63   74037    2408  364475  3303547  44.62
1880-1884     20-24     0.00791  0.03878  2.52   71629    2778  351268  2939072  41.03
1880-1884     25-29     0.00865  0.04235  2.52   68852    2916  337028  2587804  37.59
1880-1884     30-34     0.00946  0.04623  2.53   65936    3048  322150  2250776  34.14
1880-1884     35-39     0.01096  0.05334  2.54   62887    3355  306200  1928626  30.67
1880-1884     40-44     0.01274  0.06175  2.53   59533    3676  288567  1622426  27.25
1880-1884     45-49     0.01515  0.07304  2.57   55857    4080  269377  1333859  23.88
1880-1884     50-54     0.01946  0.09287  2.54   51777    4809  247056  1064482  20.56
1880-1884     55-59     0.02513  0.11850  2.60   46968    5566  221501   817426  17.40
1880-1884     60-64     0.03599  0.16529  2.53   41403    6843  190140   595925  14.39
1880-1884     65-69     0.04773  0.21374  2.56   34559    7387  154762   405785  11.74
1880-1884     70-74     0.07135  0.30280  2.50   27173    8228  115315   251022   9.24
1880-1884     75-79     0.10328  0.40962  2.48   18945    7760   75136   135707   7.16
1880-1884     80-84     0.15665  0.55489  2.37   11185    6206   39619    60571   5.42
1880-1884     85-89     0.21720  0.67044  2.15    4978    3338   15367    20952   4.21
1880-1884     90-94     0.27456  0.76025  2.07    1641    1247    4543     5585   3.40
1880-1884     95-99     0.36602  0.85306  1.87     393     336     917     1042   2.65
1880-1884    100-104    0.45561  0.90982  1.70      58      53     115      125   2.16
1880-1884    105-109    0.54782  0.94572  1.54       5       5       9        9   1.81
1880-1884    110+       0.62178  1.00000  1.61       0       0       0        0   1.61
1885-1889        0      0.12776  0.11735  0.31  100000   11735   91853  4637247  46.37
1885-1889      1-4      0.02582  0.09659  1.32   88265    8526  330217  4545394  51.50
1885-1889      5-9      0.00613  0.03010  2.15   79739    2400  391855  4215177  52.86
1885-1889     10-14     0.00406  0.02009  2.56   77339    1554  382894  3823322  49.44
1885-1889     15-19     0.00601  0.02963  2.63   75785    2246  373598  3440428  45.40
1885-1889     20-24     0.00732  0.03596  2.53   73539    2644  361156  3066830  41.70
1885-1889     25-29     0.00786  0.03854  2.51   70895    2732  347668  2705674  38.16
1885-1889     30-34     0.00861  0.04216  2.54   68163    2874  333731  2358006  34.59
1885-1889     35-39     0.01019  0.04971  2.55   65289    3245  318495  2024275  31.00
1885-1889     40-44     0.01201  0.05832  2.54   62044    3618  301299  1705780  27.49
1885-1889     45-49     0.01408  0.06806  2.57   58425    3976  282453  1404481  24.04
1885-1889     50-54     0.01949  0.09305  2.58   54449    5067  259963  1122028  20.61
1885-1889     55-59     0.02380  0.11245  2.56   49382    5553  233370   862064  17.46
1885-1889     60-64     0.03657  0.16807  2.59   43829    7366  201400   628694  14.34
1885-1889     65-69     0.04796  0.21422  2.51   36463    7811  162869   427294  11.72
1885-1889     70-74     0.07089  0.30162  2.53   28652    8642  121914   264425   9.23
1885-1889     75-79     0.10304  0.40759  2.44   20010    8156   79152   142511   7.12
1885-1889     80-84     0.15763  0.55540  2.34   11854    6584   41769    63360   5.34
1885-1889     85-89     0.22116  0.68148  2.18    5270    3592   16240    21591   4.10
1885-1889     90-94     0.29553  0.78448  2.01    1679    1317    4456     5351   3.19
1885-1889     95-99     0.39318  0.87442  1.83     362     316     805      895   2.47
1885-1889    100-104    0.49597  0.92873  1.63      45      42      85       90   1.99
1885-1889    105-109    0.60013  0.96005  1.46       3       3       5        5   1.66
1885-1889    110+       0.68256  1.00000  1.47       0       0       0        0   1.47
1890-1894        0      0.13838  0.12625  0.31  100000   12625   91235  4550329  45.50
1890-1894      1-4      0.02698  0.10057  1.29   87375    8787  325660  4459093  51.03
1890-1894      5-9      0.00570  0.02806  2.12   78588    2205  386585  4133433  52.60
1890-1894     10-14     0.00365  0.01808  2.57   76383    1381  378554  3746848  49.05
1890-1894     15-19     0.00555  0.02741  2.64   75002    2056  370161  3368294  44.91
1890-1894     20-24     0.00690  0.03395  2.55   72947    2476  358654  2998133  41.10
1890-1894     25-29     0.00777  0.03811  2.53   70470    2686  345709  2639479  37.46
1890-1894     30-34     0.00874  0.04280  2.54   67784    2901  331798  2293769  33.84
1890-1894     35-39     0.01052  0.05130  2.55   64883    3328  316269  1961971  30.24
1890-1894     40-44     0.01233  0.05983  2.54   61555    3683  298707  1645701  26.74
1890-1894     45-49     0.01517  0.07316  2.58   57872    4234  279113  1346994  23.28
1890-1894     50-54     0.02000  0.09534  2.56   53638    5114  255700  1067882  19.91
1890-1894     55-59     0.02684  0.12607  2.60   48524    6117  227940   812181  16.74
1890-1894     60-64     0.03826  0.17481  2.53   42406    7413  193749   584241  13.78
1890-1894     65-69     0.05188  0.23023  2.56   34993    8056  155282   390492  11.16
1890-1894     70-74     0.07837  0.32743  2.49   26937    8820  112541   235210   8.73
1890-1894     75-79     0.11082  0.43149  2.44   18117    7817   70538   122670   6.77
1890-1894     80-84     0.17059  0.58535  2.32   10300    6029   35341    52132   5.06
1890-1894     85-89     0.23294  0.69774  2.13    4271    2980   12792    16791   3.93
1890-1894     90-94     0.30645  0.80155  2.03    1291    1035    3376     3998   3.10
1890-1894     95-99     0.40171  0.87953  1.80     256     225     561      622   2.43
1890-1894    100-104    0.49874  0.92930  1.62      31      29      58       61   1.98
1890-1894    105-109    0.59616  0.95880  1.46       2       2       4        4   1.67
1890-1894    110+       0.67316  1.00000  1.49       0       0       0        0   1.49
1895-1899        0      0.14251  0.12968  0.31  100000   12968   90997  4670721  46.71
1895-1899      1-4      0.02406  0.09027  1.25   87032    7856  326521  4579725  52.62
1895-1899      5-9      0.00486  0.02398  2.13   79176    1898  390430  4253204  53.72
1895-1899     10-14     0.00326  0.01615  2.58   77278    1248  383368  3862773  49.99
1895-1899     15-19     0.00495  0.02448  2.63   76030    1861  375744  3479406  45.76
1895-1899     20-24     0.00621  0.03057  2.55   74168    2267  365280  3103662  41.85
1895-1899     25-29     0.00706  0.03469  2.53   71901    2494  353348  2738382  38.09
1895-1899     30-34     0.00806  0.03951  2.56   69407    2742  340334  2385034  34.36
1895-1899     35-39     0.00983  0.04798  2.55   66665    3198  325478  2044700  30.67
1895-1899     40-44     0.01144  0.05565  2.55   63467    3532  308687  1719221  27.09
1895-1899     45-49     0.01460  0.07052  2.59   59935    4226  289469  1410534  23.53
1895-1899     50-54     0.02004  0.09558  2.58   55708    5325  265657  1121065  20.12
1895-1899     55-59     0.02587  0.12170  2.57   50383    6131  237010   855408  16.98
1895-1899     60-64     0.03872  0.17698  2.57   44252    7832  202243   618398  13.97
1895-1899     65-69     0.05014  0.22286  2.51   36420    8117  161882   416154  11.43
1895-1899     70-74     0.07481  0.31556  2.52   28304    8932  119392   254272   8.98
1895-1899     75-79     0.10724  0.41988  2.42   19372    8134   75846   134880   6.96
1895-1899     80-84     0.15956  0.55989  2.34   11238    6292   39435    59034   5.25
1895-1899     85-89     0.23234  0.70082  2.17    4946    3466   14919    19599   3.96
1895-1899     90-94     0.29645  0.77915  1.96    1480    1153    3889     4680   3.16
1895-1899     95-99     0.40275  0.88071  1.81     327     288     715      791   2.42
1895-1899    100-104    0.50424  0.93171  1.62      39      36      72       76   1.96
1895-1899    105-109    0.60511  0.96097  1.45       3       3       4        4   1.65
1895-1899    110+       0.68419  1.00000  1.46       0       0       0        0   1.46
1900-1904        0      0.13458  0.12308  0.31  100000   12308   91455  4777134  47.77
1900-1904      1-4      0.02136  0.08069  1.25   87692    7076  331315  4685680  53.43
1900-1904      5-9      0.00437  0.02158  2.14   80617    1740  398106  4354365  54.01
1900-1904     10-14     0.00301  0.01493  2.59   78877    1177  391543  3956258  50.16
1900-1904     15-19     0.00463  0.02288  2.63   77699    1777  384293  3564716  45.88
1900-1904     20-24     0.00573  0.02826  2.55   75922    2145  374364  3180423  41.89
1900-1904     25-29     0.00668  0.03284  2.54   73777    2423  362931  2806058  38.03
1900-1904     30-34     0.00771  0.03785  2.57   71354    2701  350192  2443127  34.24
1900-1904     35-39     0.00959  0.04687  2.56   68653    3218  335408  2092935  30.49
1900-1904     40-44     0.01132  0.05506  2.54   65435    3603  318329  1757527  26.86
1900-1904     45-49     0.01437  0.06946  2.60   61832    4295  298863  1439198  23.28
1900-1904     50-54     0.02013  0.09598  2.58   57538    5522  274328  1140335  19.82
1900-1904     55-59     0.02737  0.12843  2.60   52015    6680  244023   866006  16.65
1900-1904     60-64     0.03930  0.17916  2.54   45335    8122  206668   621984  13.72
1900-1904     65-69     0.05280  0.23365  2.54   37213    8695  164666   415315  11.16
1900-1904     70-74     0.07734  0.32385  2.49   28518    9235  119420   250649   8.79
1900-1904     75-79     0.11039  0.42979  2.43   19283    8287   75077   131229   6.81
1900-1904     80-84     0.16463  0.57191  2.33   10995    6288   38196    56152   5.11
1900-1904     85-89     0.23897  0.71242  2.17    4707    3353   14032    17956   3.81
1900-1904     90-94     0.32945  0.82039  1.94    1354    1110    3371     3924   2.90
1900-1904     95-99     0.42988  0.89791  1.76     243     218     508      553   2.28
1900-1904    100-104    0.53958  0.94435  1.56      25      23      43       46   1.84
1900-1904    105-109    0.64593  0.96923  1.39       1       1       2        2   1.54
1900-1904    110+       0.72746  1.00000  1.37       0       0       0        0   1.37
1905-1909        0      0.12289  0.11323  0.31  100000   11323   92139  4975286  49.75
1905-1909      1-4      0.01988  0.07542  1.26   88677    6688  336399  4883147  55.07
1905-1909      5-9      0.00414  0.02046  2.18   81988    1677  405207  4546748  55.46
1905-1909     10-14     0.00281  0.01395  2.55   80311    1121  398805  4141541  51.57
1905-1909     15-19     0.00408  0.02019  2.64   79190    1599  392175  3742736  47.26
1905-1909     20-24     0.00511  0.02524  2.54   77592    1959  383145  3350561  43.18
1905-1909     25-29     0.00573  0.02824  2.54   75633    2136  372904  2967415  39.23
1905-1909     30-34     0.00666  0.03276  2.56   73497    2408  361621  2594512  35.30
1905-1909     35-39     0.00835  0.04091  2.57   71089    2908  348369  2232890  31.41
1905-1909     40-44     0.01001  0.04888  2.57   68181    3333  332792  1884521  27.64
1905-1909     45-49     0.01312  0.06361  2.60   64848    4125  314331  1551729  23.93
1905-1909     50-54     0.01832  0.08775  2.60   60723    5328  290818  1237399  20.38
1905-1909     55-59     0.02575  0.12128  2.60   55395    6718  260864   946581  17.09
1905-1909     60-64     0.03811  0.17429  2.55   48676    8484  222607   685717  14.09
1905-1909     65-69     0.04844  0.21618  2.52   40192    8689  179372   463110  11.52
1905-1909     70-74     0.07491  0.31619  2.54   31503    9961  132969   283737   9.01
1905-1909     75-79     0.10624  0.41671  2.41   21542    8977   84496   150768   7.00
1905-1909     80-84     0.15639  0.55295  2.35   12565    6948   44428    66273   5.27
1905-1909     85-89     0.23509  0.70691  2.18    5617    3971   16892    21845   3.89
1905-1909     90-94     0.31408  0.80483  1.97    1646    1325    4219     4953   3.01
1905-1909     95-99     0.42812  0.89716  1.76     321     288     673      734   2.28
1905-1909    100-104    0.53992  0.94457  1.56      33      31      58       61   1.83
1905-1909    105-109    0.64770  0.96958  1.39       2       2       3        3   1.54
1905-1909    110+       0.73009  1.00000  1.37       0       0       0        0   1.37
1910-1914        0      0.11937  0.11023  0.31  100000   11023   92347  5145757  51.46
1910-1914      1-4      0.01789  0.06822  1.25   88977    6070  339237  5053410  56.79
1910-1914      5-9      0.00375  0.01856  2.16   82907    1539  410169  4714173  56.86
1910-1914     10-14     0.00251  0.01246  2.56   81368    1014  404369  4304004  52.90
1910-1914     15-19     0.00361  0.01787  2.61   80354    1436  398343  3899635  48.53
1910-1914     20-24     0.00432  0.02138  2.55   78918    1688  390464  3501292  44.37
1910-1914     25-29     0.00515  0.02542  2.55   77230    1964  381339  3110828  40.28
1910-1914     30-34     0.00602  0.02966  2.57   75267    2232  370911  2729489  36.26
1910-1914     35-39     0.00751  0.03689  2.56   73035    2694  358610  2358578  32.29
1910-1914     40-44     0.00906  0.04434  2.57   70340    3119  344112  1999968  28.43
1910-1914     45-49     0.01183  0.05751  2.61   67222    3866  326860  1655856  24.63
1910-1914     50-54     0.01659  0.07975  2.59   63356    5053  304619  1328996  20.98
1910-1914     55-59     0.02320  0.10992  2.61   58303    6409  276192  1024377  17.57
1910-1914     60-64     0.03349  0.15471  2.54   51894    8029  239753   748185  14.42
1910-1914     65-69     0.04500  0.20313  2.61   43865    8910  198007   508432  11.59
1910-1914     70-74     0.07778  0.32598  2.52   34955   11395  146499   310426   8.88
1910-1914     75-79     0.10973  0.42735  2.41   23560   10069   91759   163926   6.96
1910-1914     80-84     0.15648  0.55186  2.33   13492    7446   47581    72168   5.35
1910-1914     85-89     0.22099  0.68238  2.20    6046    4126   18670    24587   4.07
1910-1914     90-94     0.30783  0.79949  1.99    1920    1535    4988     5917   3.08
1910-1914     95-99     0.40366  0.88175  1.81     385     340     841      929   2.41
1910-1914    100-104    0.50996  0.93426  1.61      46      43      83       88   1.94
1910-1914    105-109    0.61655  0.96370  1.43       3       3       5        5   1.61
1910-1914    110+       0.70031  1.00000  1.43       0       0       0        0   1.43
1915-1919        0      0.11425  0.10586  0.31  100000   10586   92650  5072568  50.73
1915-1919      1-4      0.01975  0.07499  1.29   89414    6705  339493  4979918  55.69
1915-1919      5-9      0.00400  0.01978  2.15   82710    1636  408885  4640425  56.11
1915-1919     10-14     0.00275  0.01366  2.58   81074    1107  402693  4231540  52.19
1915-1919     15-19     0.00430  0.02131  2.68   79966    1704  395876  3828847  47.88
1915-1919     20-24     0.00519  0.02560  2.53   78262    2004  386366  3432970  43.87
1915-1919     25-29     0.00629  0.03098  2.56   76258    2362  375518  3046605  39.95
1915-1919     30-34     0.00691  0.03397  2.51   73896    2511  363223  2671086  36.15
1915-1919     35-39     0.00753  0.03697  2.53   71385    2639  350416  2307864  32.33
1915-1919     40-44     0.00875  0.04285  2.56   68746    2946  336552  1957448  28.47
1915-1919     45-49     0.01146  0.05577  2.60   65800    3670  320207  1620896  24.63
1915-1919     50-54     0.01600  0.07703  2.61   62130    4786  299204  1300689  20.93
1915-1919     55-59     0.02271  0.10767  2.60   57344    6175  271877  1001485  17.46
1915-1919     60-64     0.03282  0.15205  2.58   51170    7780  237037   729608  14.26
1915-1919     65-69     0.04754  0.21309  2.57   43390    9246  194470   492571  11.35
1915-1919     70-74     0.07597  0.32029  2.55   34144   10936  143958   298101   8.73
1915-1919     75-79     0.11874  0.45373  2.40   23208   10530   88682   154143   6.64
1915-1919     80-84     0.16241  0.56565  2.32   12678    7171   44154    65461   5.16
1915-1919     85-89     0.23662  0.70837  2.17    5507    3901   16485    21307   3.87
1915-1919     90-94     0.31544  0.80701  1.97    1606    1296    4108     4822   3.00
1915-1919     95-99     0.42457  0.89483  1.77     310     277     653      714   2.30
1915-1919    100-104    0.53358  0.94243  1.57      33      31      58       60   1.86
1915-1919    105-109    0.63980  0.96813  1.40       2       2       3        3   1.56
1915-1919    110+       0.72153  1.00000  1.39       0       0       0        0   1.39
1920-1924        0      0.09928  0.09288  0.31  100000    9288   93550  5506600  55.07
1920-1924      1-4      0.01421  0.05469  1.24   90712    4961  349132  5413050  59.67
1920-1924      5-9      0.00289  0.01434  2.18   85751    1230  425286  5063918  59.05
1920-1924     10-14     0.00194  0.00965  2.57   84521     816  420621  4638632  54.88
1920-1924     15-19     0.00294  0.01461  2.63   83706    1223  415631  4218011  50.39
1920-1924     20-24     0.00374  0.01855  2.58   82482    1530  408703  3802380  46.10
1920-1924     25-29     0.00439  0.02170  2.55   80952    1756  400459  3393678  41.92
1920-1924     30-34     0.00515  0.02543  2.57   79196    2014  391075  2993219  37.80
1920-1924     35-39     0.00620  0.03056  2.55   77182    2359  380128  2602143  33.71
1920-1924     40-44     0.00724  0.03557  2.57   74823    2661  367650  2222015  29.70
1920-1924     45-49     0.00954  0.04664  2.60   72162    3365  352736  1854365  25.70
1920-1924     50-54     0.01338  0.06486  2.63   68797    4462  333405  1501629  21.83
1920-1924     55-59     0.01990  0.09500  2.63   64335    6112  307171  1168224  18.16
1920-1924     60-64     0.03008  0.14025  2.60   58223    8166  271483   861054  14.79
1920-1924     65-69     0.04400  0.19878  2.58   50057    9951  226163   589570  11.78
1920-1924     70-74     0.07103  0.30283  2.57   40107   12146  171001   363408   9.06
1920-1924     75-79     0.10997  0.42872  2.43   27961   11988  109007   192406   6.88
1920-1924     80-84     0.15988  0.56076  2.34   15974    8957   56025    83399   5.22
1920-1924     85-89     0.23231  0.70185  2.18    7016    4924   21198    27375   3.90
1920-1924     90-94     0.32238  0.81397  1.96    2092    1703    5282     6177   2.95
1920-1924     95-99     0.42508  0.89527  1.77     389     348     820      895   2.30
1920-1924    100-104    0.53570  0.94323  1.57      41      38      72       75   1.85
1920-1924    105-109    0.64379  0.96894  1.39       2       2       3        4   1.55
1920-1924    110+       0.72721  1.00000  1.38       0       0       0        0   1.38
1925-1929        0      0.09105  0.08563  0.31  100000    8563   94053  5658592  56.59
1925-1929      1-4      0.01163  0.04506  1.23   91437    4120  354330  5564539  60.86
1925-1929      5-9      0.00258  0.01281  2.26   87316    1118  433522  5210209  59.67
1925-1929     10-14     0.00181  0.00899  2.53   86198     775  429078  4776688  55.42
1925-1929     15-19     0.00275  0.01366  2.64   85424    1167  424359  4347610  50.89
1925-1929     20-24     0.00335  0.01659  2.56   84257    1398  417874  3923251  46.56
1925-1929     25-29     0.00398  0.01968  2.55   82858    1631  410298  3505378  42.31
1925-1929     30-34     0.00453  0.02238  2.56   81227    1818  401696  3095079  38.10
1925-1929     35-39     0.00583  0.02874  2.59   79409    2282  391554  2693383  33.92
1925-1929     40-44     0.00711  0.03494  2.56   77127    2695  379050  2301830  29.84
1925-1929     45-49     0.00919  0.04496  2.61   74432    3346  364168  1922780  25.83
1925-1929     50-54     0.01282  0.06218  2.61   71085    4420  344869  1558612  21.93
1925-1929     55-59     0.01910  0.09138  2.64   66665    6092  318944  1213743  18.21
1925-1929     60-64     0.02888  0.13504  2.60   60574    8180  283208   894800  14.77
1925-1929     65-69     0.04342  0.19654  2.59   52394   10298  237166   611592  11.67
1925-1929     70-74     0.07228  0.30762  2.58   42096   12950  179152   374425   8.89
1925-1929     75-79     0.11489  0.44195  2.39   29147   12881  112115   195274   6.70
1925-1929     80-84     0.16183  0.56495  2.33   16265    9189   56781    83158   5.11
1925-1929     85-89     0.24561  0.72558  2.18    7076    5134   20905    26377   3.73
1925-1929     90-94     0.33812  0.82718  1.91    1942    1606    4751     5472   2.82
1925-1929     95-99     0.45657  0.91291  1.71     336     306     671      721   2.15
1925-1929    100-104    0.57776  0.95564  1.50      29      28      48       50   1.72
1925-1929    105-109    0.69137  0.97649  1.33       1       1       2        2   1.44
1925-1929    110+       0.77532  1.00000  1.29       0       0       0        0   1.29
1930-1934        0      0.08647  0.08157  0.31  100000    8157   94335  5810451  58.10
1930-1934      1-4      0.00947  0.03694  1.30   91843    3392  358206  5716116  62.24
1930-1934      5-9      0.00250  0.01242  2.20   88450    1098  439175  5357910  60.58
1930-1934     10-14     0.00163  0.00813  2.61   87352     710  435061  4918734  56.31
1930-1934     15-19     0.00257  0.01275  2.62   86642    1105  430576  4483674  51.75
1930-1934     20-24     0.00318  0.01578  2.55   85537    1349  424374  4053098  47.38
1930-1934     25-29     0.00352  0.01747  2.54   84188    1471  417316  3628724  43.10
1930-1934     30-34     0.00417  0.02063  2.58   82717    1706  409463  3211408  38.82
1930-1934     35-39     0.00517  0.02553  2.56   81011    2068  400018  2801945  34.59
1930-1934     40-44     0.00658  0.03238  2.61   78943    2556  388598  2401927  30.43
1930-1934     45-49     0.00888  0.04348  2.59   76386    3321  373943  2013329  26.36
1930-1934     50-54     0.01198  0.05826  2.62   73065    4257  355210  1639386  22.44
1930-1934     55-59     0.01781  0.08542  2.62   68808    5878  330065  1284176  18.66
1930-1934     60-64     0.02702  0.12696  2.62   62930    7989  295649   954111  15.16
1930-1934     65-69     0.04225  0.19197  2.62   54941   10547  249632   658462  11.98
1930-1934     70-74     0.06740  0.28843  2.50   44394   12805  189971   408830   9.21
1930-1934     75-79     0.10845  0.42664  2.50   31589   13477  124275   218859   6.93
1930-1934     80-84     0.15856  0.55745  2.34   18112   10097   63676    94584   5.22
1930-1934     85-89     0.23568  0.70821  2.18    8015    5677   24086    30908   3.86
1930-1934     90-94     0.32591  0.81779  1.95    2339    1913    5869     6822   2.92
1930-1934     95-99     0.43743  0.90276  1.75     426     385     879      954   2.24
1930-1934    100-104    0.55470  0.94933  1.54      41      39      71       74   1.79
1930-1934    105-109    0.66754  0.97303  1.36       2       2       3        3   1.49
1930-1934    110+       0.75287  1.00000  1.33       0       0       0        0   1.33
1935-1939        0      0.07929  0.07515  0.31  100000    7515   94780  5976669  59.77
1935-1939      1-4      0.00646  0.02539  1.36   92485    2348  363745  5881889  63.60
1935-1939      5-9      0.00202  0.01003  2.21   90137     904  448157  5518144  61.22
1935-1939     10-14     0.00138  0.00685  2.58   89232     612  444680  5069987  56.82
1935-1939     15-19     0.00235  0.01171  2.72   88621    1038  440741  4625307  52.19
1935-1939     20-24     0.00296  0.01468  2.49   87583    1286  434687  4184566  47.78
1935-1939     25-29     0.00313  0.01551  2.53   86298    1339  428179  3749880  43.45
1935-1939     30-34     0.00356  0.01764  2.58   84959    1498  421161  3321701  39.10
1935-1939     35-39     0.00466  0.02306  2.60   83460    1924  412693  2900540  34.75
1935-1939     40-44     0.00599  0.02953  2.59   81536    2408  401883  2487847  30.51
1935-1939     45-49     0.00849  0.04162  2.64   79128    3293  387878  2085964  26.36
1935-1939     50-54     0.01232  0.05985  2.61   75835    4539  368316  1698086  22.39
1935-1939     55-59     0.01736  0.08336  2.62   71296    5943  342348  1329770  18.65
1935-1939     60-64     0.02648  0.12456  2.62   65353    8140  307400   987422  15.11
1935-1939     65-69     0.04245  0.19271  2.61   57212   11025  259741   680022  11.89
1935-1939     70-74     0.06875  0.29424  2.55   46187   13590  197672   420281   9.10
1935-1939     75-79     0.11118  0.43600  2.53   32597   14212  127832   222609   6.83
1935-1939     80-84     0.16104  0.56432  2.35   18385   10375   64425    94777   5.16
1935-1939     85-89     0.24006  0.71426  2.17    8010    5721   23832    30352   3.79
1935-1939     90-94     0.33415  0.82733  1.95    2289    1894    5667     6520   2.85
1935-1939     95-99     0.45435  0.91185  1.72     395     360     793      853   2.16
1935-1939    100-104    0.57590  0.95522  1.50      35      33      58       60   1.72
1935-1939    105-109    0.69040  0.97639  1.33       2       2       2        2   1.44
1935-1939    110+       0.77530  1.00000  1.29       0       0       0        0   1.29
1940-1944        0      0.07651  0.07262  0.30  100000    7262   94916  5961964  59.62
1940-1944      1-4      0.00506  0.01999  1.53   92738    1854  366378  5867048  63.26
1940-1944      5-9      0.00188  0.00935  2.18   90884     850  452023  5500670  60.52
1940-1944     10-14     0.00138  0.00686  2.69   90034     618  448746  5048647  56.07
1940-1944     15-19     0.00293  0.01456  2.80   89416    1302  444211  4599901  51.44
1940-1944     20-24     0.00583  0.02877  2.62   88114    2535  434544  4155690  47.16
1940-1944     25-29     0.00471  0.02326  2.33   85580    1990  422586  3721146  43.48
1940-1944     30-34     0.00415  0.02055  2.52   83589    1718  413685  3298560  39.46
1940-1944     35-39     0.00475  0.02348  2.56   81872    1922  404660  2884875  35.24
1940-1944     40-44     0.00600  0.02955  2.61   79950    2363  394098  2480216  31.02
1940-1944     45-49     0.00811  0.03980  2.61   77587    3088  380553  2086118  26.89
1940-1944     50-54     0.01176  0.05721  2.64   74499    4262  362418  1705565  22.89
1940-1944     55-59     0.01720  0.08260  2.61   70237    5802  337310  1343147  19.12
1940-1944     60-64     0.02532  0.11944  2.63   64435    7696  303930  1005837  15.61
1940-1944     65-69     0.03971  0.18120  2.59   56739   10281  258904   701907  12.37
1940-1944     70-74     0.06246  0.27111  2.57   46458   12595  201650   443003   9.54
1940-1944     75-79     0.10018  0.40043  2.50   33863   13560  135359   241353   7.13
1940-1944     80-84     0.15713  0.55486  2.35   20303   11265   71694   105994   5.22
1940-1944     85-89     0.23789  0.71302  2.19    9038    6444   27089    34300   3.80
1940-1944     90-94     0.34325  0.83236  1.91    2594    2159    6290     7210   2.78
1940-1944     95-99     0.46353  0.91674  1.70     435     399     860      921   2.12
1940-1944    100-104    0.59066  0.95905  1.48      36      35      59       61   1.68
1940-1944    105-109    0.70835  0.97879  1.30       1       1       2        2   1.41
1940-1944    110+       0.79381  1.00000  1.26       0       0       0        0   1.26
1945-1949        0      0.05327  0.05116  0.22  100000    5116   96035  6419356  64.19
1945-1949      1-4      0.00271  0.01076  1.57   94884    1021  377056  6323321  66.64
1945-1949      5-9      0.00113  0.00565  2.29   93863     531  467877  5946266  63.35
1945-1949     10-14     0.00094  0.00467  2.70   93333     436  465661  5478389  58.70
1945-1949     15-19     0.00199  0.00993  2.79   92897     922  462443  5012728  53.96
1945-1949     20-24     0.00298  0.01481  2.54   91974    1362  456516  4550285  49.47
1945-1949     25-29     0.00300  0.01490  2.51   90612    1350  449705  4093769  45.18
1945-1949     30-34     0.00297  0.01472  2.47   89262    1314  442982  3644065  40.82
1945-1949     35-39     0.00343  0.01700  2.60   87948    1495  436150  3201083  36.40
1945-1949     40-44     0.00461  0.02282  2.63   86452    1973  427582  2764933  31.98
1945-1949     45-49     0.00691  0.03400  2.67   84479    2873  415689  2337350  27.67
1945-1949     50-54     0.01060  0.05172  2.64   81606    4221  398063  1921661  23.55
1945-1949     55-59     0.01588  0.07652  2.63   77385    5922  372912  1523599  19.69
1945-1949     60-64     0.02367  0.11203  2.62   71464    8006  338264  1150687  16.10
1945-1949     65-69     0.03712  0.17046  2.61   63458   10817  291406   812423  12.80
1945-1949     70-74     0.05808  0.25443  2.57   52641   13393  230616   521018   9.90
1945-1949     75-79     0.09428  0.38107  2.49   39248   14956  158630   290402   7.40
1945-1949     80-84     0.14988  0.53795  2.38   24291   13068   87188   131772   5.42
1945-1949     85-89     0.22535  0.69082  2.20   11224    7754   34408    44584   3.97
1945-1949     90-94     0.32302  0.81797  1.98    3470    2839    8787    10176   2.93
1945-1949     95-99     0.44519  0.90775  1.74     632     573    1288     1389   2.20
1945-1949    100-104    0.57212  0.95458  1.51      58      56      97      101   1.73
1945-1949    105-109    0.69217  0.97679  1.33       3       3       4        4   1.44
1945-1949    110+       0.78063  1.00000  1.28       0       0       0        0   1.28
1950-1954        0      0.03575  0.03471  0.16  100000    3471   97094  6722382  67.22
1950-1954      1-4      0.00157  0.00627  1.57   96529     605  384644  6625288  68.64
1950-1954      5-9      0.00065  0.00324  2.24   95924     311  478762  6240644  65.06
1950-1954     10-14     0.00047  0.00236  2.64   95613     226  477531  5761882  60.26
1950-1954     15-19     0.00097  0.00485  2.80   95387     463  475914  5284351  55.40
1950-1954     20-24     0.00136  0.00680  2.58   94924     645  473056  4808437  50.66
1950-1954     25-29     0.00164  0.00816  2.54   94279     769  469503  4335382  45.98
1950-1954     30-34     0.00194  0.00964  2.63   93509     902  465407  3865879  41.34
1950-1954     35-39     0.00251  0.01247  2.58   92608    1155  460248  3400472  36.72
1950-1954     40-44     0.00372  0.01842  2.68   91453    1684  453365  2940224  32.15
1950-1954     45-49     0.00609  0.03005  2.69   89769    2697  442604  2486860  27.70
1950-1954     50-54     0.01000  0.04887  2.68   87071    4255  425465  2044256  23.48
1950-1954     55-59     0.01559  0.07517  2.64   82816    6225  399363  1618791  19.55
1950-1954     60-64     0.02432  0.11497  2.63   76591    8805  362087  1219428  15.92
1950-1954     65-69     0.03756  0.17230  2.61   67785   11680  310960   857341  12.65
1950-1954     70-74     0.05954  0.26006  2.57   56106   14591  245056   546380   9.74
1950-1954     75-79     0.09769  0.39281  2.51   41515   16308  166938   301325   7.26
1950-1954     80-84     0.15343  0.54656  2.37   25208   13777   89794   134387   5.33
1950-1954     85-89     0.23015  0.69895  2.19   11430    7989   34712    44593   3.90
1950-1954     90-94     0.33133  0.82486  1.96    3441    2838    8567     9881   2.87
1950-1954     95-99     0.44954  0.90967  1.73     603     548    1220     1314   2.18
1950-1954    100-104    0.57313  0.95462  1.51      54      52      91       94   1.73
1950-1954    105-109    0.68960  0.97634  1.33       2       2       3        4   1.45
1950-1954    110+       0.77587  1.00000  1.29       0       0       0        0   1.29
1955-1959        0      0.03004  0.02928  0.14  100000    2928   97489  6865760  68.66
1955-1959      1-4      0.00109  0.00433  1.58   97072     421  387269  6768271  69.72
1955-1959      5-9      0.00047  0.00235  2.31   96651     227  482647  6381002  66.02
1955-1959     10-14     0.00041  0.00207  2.63   96424     199  481649  5898355  61.17
1955-1959     15-19     0.00066  0.00328  2.69   96225     315  480398  5416706  56.29
1955-1959     20-24     0.00087  0.00432  2.57   95910     414  478544  4936308  51.47
1955-1959     25-29     0.00112  0.00558  2.61   95496     533  476205  4457764  46.68
1955-1959     30-34     0.00146  0.00727  2.60   94963     690  473158  3981559  41.93
1955-1959     35-39     0.00216  0.01073  2.72   94272    1012  469051  3508401  37.22
1955-1959     40-44     0.00336  0.01665  2.64   93260    1552  462639  3039350  32.59
1955-1959     45-49     0.00548  0.02708  2.70   91708    2483  452836  2576711  28.10
1955-1959     50-54     0.00922  0.04511  2.68   89225    4025  436780  2123875  23.80
1955-1959     55-59     0.01507  0.07277  2.67   85199    6200  411543  1687095  19.80
1955-1959     60-64     0.02373  0.11231  2.62   78999    8873  373904  1275552  16.15
1955-1959     65-69     0.03713  0.17051  2.61   70127   11957  322009   901648  12.86
1955-1959     70-74     0.05806  0.25443  2.57   58169   14800  254892   579639   9.96
1955-1959     75-79     0.09241  0.37527  2.50   43369   16275  176120   324747   7.49
1955-1959     80-84     0.14679  0.53105  2.40   27094   14388   98016   148626   5.49
1955-1959     85-89     0.22397  0.68883  2.21   12706    8752   39078    50610   3.98
1955-1959     90-94     0.32489  0.81968  1.98    3954    3241    9975    11532   2.92
1955-1959     95-99     0.44824  0.90948  1.73     713     648    1446     1557   2.18
1955-1959    100-104    0.57715  0.95597  1.50      65      62     107      111   1.72
1955-1959    105-109    0.69877  0.97771  1.32       3       3       4        4   1.43
1955-1959    110+       0.78798  1.00000  1.27       0       0       0        0   1.27
1960-1964        0      0.02675  0.02614  0.13  100000    2614   97728  6923977  69.24
1960-1964      1-4      0.00102  0.00406  1.58   97386     396  388586  6826249  70.09
1960-1964      5-9      0.00045  0.00226  2.33   96990     219  484366  6437663  66.37
1960-1964     10-14     0.00038  0.00188  2.56   96771     182  483412  5953297  61.52
1960-1964     15-19     0.00059  0.00295  2.71   96589     285  482293  5469886  56.63
1960-1964     20-24     0.00080  0.00399  2.53   96304     384  480571  4987593  51.79
1960-1964     25-29     0.00096  0.00479  2.53   95920     460  478460  4507021  46.99
1960-1964     30-34     0.00125  0.00622  2.70   95460     593  475935  4028561  42.20
1960-1964     35-39     0.00206  0.01024  2.66   94867     971  472063  3552626  37.45
1960-1964     40-44     0.00331  0.01641  2.74   93895    1541  465998  3080563  32.81
1960-1964     45-49     0.00535  0.02641  2.70   92354    2439  456155  2614565  28.31
1960-1964     50-54     0.00902  0.04416  2.70   89915    3971  440431  2158410  24.00
1960-1964     55-59     0.01485  0.07177  2.66   85945    6168  415277  1717979  19.99
1960-1964     60-64     0.02396  0.11342  2.65   79777    9048  377588  1302701  16.33
1960-1964     65-69     0.03650  0.16777  2.60   70728   11866  325139   925114  13.08
1960-1964     70-74     0.05661  0.24883  2.57   58862   14647  258716   599975  10.19
1960-1964     75-79     0.08895  0.36413  2.51   44215   16100  181005   341259   7.72
1960-1964     80-84     0.14006  0.51381  2.41   28115   14446  103142   160254   5.70
1960-1964     85-89     0.21145  0.66759  2.24   13669    9126   43158    57112   4.18
1960-1964     90-94     0.30736  0.80395  2.03    4544    3653   11885    13954   3.07
1960-1964     95-99     0.41997  0.89339  1.78     891     796    1895     2069   2.32
1960-1964    100-104    0.54181  0.94590  1.56      95      90     166      174   1.83
1960-1964    105-109    0.66079  0.97220  1.37       5       5       8        8   1.51
1960-1964    110+       0.75141  1.00000  1.33       0       0       0        0   1.33
1965-1969        0      0.02238  0.02194  0.12  100000    2194   98059  7008132  70.08
1965-1969      1-4      0.00090  0.00360  1.65   97806     352  390395  6910074  70.65
1965-1969      5-9      0.00042  0.00212  2.21   97453     207  486691  6519678  66.90
1965-1969     10-14     0.00038  0.00190  2.61   97247     185  485791  6032988  62.04
1965-1969     15-19     0.00070  0.00347  2.78   97062     337  484560  5547197  57.15
1965-1969     20-24     0.00081  0.00402  2.42   96725     389  482620  5062637  52.34
1965-1969     25-29     0.00090  0.00450  2.56   96336     434  480619  4580017  47.54
1965-1969     30-34     0.00114  0.00569  2.63   95902     545  478219  4099398  42.75
1965-1969     35-39     0.00186  0.00928  2.70   95357     885  474751  3621179  37.98
1965-1969     40-44     0.00320  0.01587  2.69   94472    1499  468899  3146428  33.31
1965-1969     45-49     0.00531  0.02623  2.68   92972    2439  459212  2677529  28.80
1965-1969     50-54     0.00871  0.04269  2.69   90533    3865  443735  2218317  24.50
1965-1969     55-59     0.01409  0.06822  2.67   86668    5912  419536  1774582  20.48
1965-1969     60-64     0.02253  0.10698  2.65   80756    8639  383449  1355046  16.78
1965-1969     65-69     0.03513  0.16199  2.60   72117   11682  332541   971597  13.47
1965-1969     70-74     0.05432  0.23991  2.57   60434   14499  266899   639056  10.57
1965-1969     75-79     0.08345  0.34521  2.50   45936   15857  190022   372157   8.10
1965-1969     80-84     0.12696  0.47859  2.43   30078   14395  113384   182135   6.06
1965-1969     85-89     0.19872  0.64257  2.25   15683   10078   50713    68751   4.38
1965-1969     90-94     0.29054  0.78579  2.08    5606    4405   15161    18038   3.22
1965-1969     95-99     0.40555  0.88507  1.82    1201    1063    2620     2877   2.40
1965-1969    100-104    0.53214  0.94326  1.58     138     130     245      256   1.86
1965-1969    105-109    0.65686  0.97177  1.38       8       8      12       12   1.52
1965-1969    110+       0.75159  1.00000  1.33       0       0       0        0   1.33
1970-1974        0      0.01923  0.01890  0.11  100000    1890   98317  7061360  70.61
1970-1974      1-4      0.00081  0.00324  1.64   98110     318  391689  6963043  70.97
1970-1974      5-9      0.00040  0.00198  2.22   97792     193  488422  6571354  67.20
1970-1974     10-14     0.00030  0.00149  2.42   97599     146  487617  6082932  62.33
1970-1974     15-19     0.00065  0.00325  2.77   97453     316  486558  5595315  57.42
1970-1974     20-24     0.00080  0.00399  2.49   97136     388  484710  5108757  52.59
1970-1974     25-29     0.00084  0.00417  2.57   96749     403  482764  4624047  47.79
1970-1974     30-34     0.00113  0.00562  2.63   96346     542  480445  4141284  42.98
1970-1974     35-39     0.00181  0.00903  2.68   95804     865  477016  3660839  38.21
1970-1974     40-44     0.00307  0.01526  2.73   94939    1449  471399  3183823  33.54
1970-1974     45-49     0.00543  0.02681  2.71   93489    2507  461696  2712424  29.01
1970-1974     50-54     0.00889  0.04354  2.66   90983    3961  445656  2250728  24.74
1970-1974     55-59     0.01397  0.06764  2.65   87022    5886  421249  1805073  20.74
1970-1974     60-64     0.02181  0.10374  2.65   81136    8417  385861  1383823  17.06
1970-1974     65-69     0.03412  0.15775  2.61   72719   11471  336165   997963  13.72
1970-1974     70-74     0.05268  0.23341  2.56   61248   14296  271373   661798  10.81
1970-1974     75-79     0.08038  0.33503  2.52   46952   15730  195708   390425   8.32
1970-1974     80-84     0.12230  0.46561  2.44   31222   14537  118870   194716   6.24
1970-1974     85-89     0.18915  0.62408  2.27   16684   10412   55048    75846   4.55
1970-1974     90-94     0.28035  0.77237  2.09    6272    4844   17280    20798   3.32
1970-1974     95-99     0.39307  0.87700  1.84    1428    1252    3185     3519   2.46
1970-1974    100-104    0.52073  0.93966  1.60     176     165     317      333   1.90
1970-1974    105-109    0.64794  0.97038  1.39      11      10      16       16   1.54
1970-1974    110+       0.74495  1.00000  1.34       0       0       0        0   1.34
1975-1979        0      0.01490  0.01471  0.12  100000    1471   98704  7140381  71.40
1975-1979      1-4      0.00065  0.00261  1.66   98529     257  393515  7041677  71.47
1975-1979      5-9      0.00031  0.00154  2.36   98272     151  490962  6648162  67.65
1975-1979     10-14     0.00029  0.00144  2.61   98121     142  490267  6157200  62.75
1975-1979     15-19     0.00065  0.00324  2.92   97979     318  489237  5666933  57.84
1975-1979     20-24     0.00079  0.00395  2.43   97662     386  487319  5177696  53.02
1975-1979     25-29     0.00083  0.00416  2.60   97276     404  485411  4690377  48.22
1975-1979     30-34     0.00112  0.00558  2.64   96872     540  483087  4204966  43.41
1975-1979     35-39     0.00174  0.00868  2.71   96332     837  479740  3721879  38.64
1975-1979     40-44     0.00296  0.01471  2.78   95495    1405  474351  3242139  33.95
1975-1979     45-49     0.00509  0.02517  2.69   94090    2368  464973  2767788  29.42
1975-1979     50-54     0.00867  0.04251  2.71   91722    3899  449661  2302815  25.11
1975-1979     55-59     0.01356  0.06569  2.63   87823    5769  425468  1853154  21.10
1975-1979     60-64     0.02138  0.10175  2.63   82053    8349  390510  1427686  17.40
1975-1979     65-69     0.03268  0.15147  2.59   73704   11164  341639  1037176  14.07
1975-1979     70-74     0.05012  0.22331  2.56   62540   13966  278625   695537  11.12
1975-1979     75-79     0.07631  0.32047  2.50   48574   15567  204001   416912   8.58
1975-1979     80-84     0.11670  0.44957  2.45   33008   14839  127162   212911   6.45
1975-1979     85-89     0.18043  0.60710  2.31   18168   11030   61133    85750   4.72
1975-1979     90-94     0.26678  0.75165  2.10    7138    5366   20112    24617   3.45
1975-1979     95-99     0.37995  0.86780  1.87    1773    1538    4049     4505   2.54
1975-1979    100-104    0.50758  0.93512  1.62     234     219     432      456   1.94
1975-1979    105-109    0.63643  0.96844  1.41      15      15      23       24   1.56
1975-1979    110+       0.73545  1.00000  1.36       0       0       1        1   1.36
1980-1984        0      0.01111  0.01101  0.13  100000    1101   99039  7251272  72.51
1980-1984      1-4      0.00051  0.00203  1.62   98899     200  395122  7152234  72.32
1980-1984      5-9      0.00027  0.00135  2.31   98699     134  493136  6757112  68.46
1980-1984     10-14     0.00026  0.00131  2.65   98565     129  492523  6263976  63.55
1980-1984     15-19     0.00059  0.00294  2.82   98436     289  491552  5771453  58.63
1980-1984     20-24     0.00069  0.00343  2.50   98147     336  489895  5279901  53.80
1980-1984     25-29     0.00079  0.00392  2.52   97811     383  488101  4790006  48.97
1980-1984     30-34     0.00097  0.00484  2.62   97427     471  486014  4301905  44.16
1980-1984     35-39     0.00149  0.00743  2.71   96956     720  483126  3815891  39.36
1980-1984     40-44     0.00260  0.01290  2.71   96235    1242  478331  3332765  34.63
1980-1984     45-49     0.00451  0.02234  2.70   94994    2122  470082  2854434  30.05
1980-1984     50-54     0.00781  0.03836  2.69   92872    3562  456142  2384352  25.67
1980-1984     55-59     0.01304  0.06330  2.67   89309    5653  433358  1928210  21.59
1980-1984     60-64     0.02015  0.09617  2.63   83656    8045  399199  1494852  17.87
1980-1984     65-69     0.03095  0.14413  2.62   75611   10898  352159  1095653  14.49
1980-1984     70-74     0.04755  0.21325  2.58   64713   13800  290208   743493  11.49
1980-1984     75-79     0.07246  0.30714  2.52   50913   15638  215811   453285   8.90
1980-1984     80-84     0.11084  0.43133  2.43   35275   15215  137274   237474   6.73
1980-1984     85-89     0.16648  0.57617  2.33   20060   11558   69426   100199   4.99
1980-1984     90-94     0.25285  0.73313  2.13    8502    6233   24651    30773   3.62
1980-1984     95-99     0.35536  0.84836  1.92    2269    1925    5417     6122   2.70
1980-1984    100-104    0.47964  0.92405  1.67     344     318     663      706   2.05
1980-1984    105-109    0.60831  0.96299  1.45      26      25      41       43   1.64
1980-1984    110+       0.70888  1.00000  1.41       1       1       1        1   1.41
1985-1989        0      0.00873  0.00867  0.13  100000     867   99247  7340683  73.41
1985-1989      1-4      0.00042  0.00167  1.64   99133     166  396141  7241436  73.05
1985-1989      5-9      0.00020  0.00101  2.38   98967     100  494575  6845295  69.17
1985-1989     10-14     0.00023  0.00115  2.62   98867     113  494067  6350720  64.23
1985-1989     15-19     0.00055  0.00275  2.84   98754     271  493183  5856653  59.31
1985-1989     20-24     0.00071  0.00355  2.46   98483     349  491527  5363470  54.46
1985-1989     25-29     0.00075  0.00375  2.59   98134     368  489783  4871943  49.65
1985-1989     30-34     0.00096  0.00478  2.66   97766     467  487736  4382160  44.82
1985-1989     35-39     0.00139  0.00693  2.65   97299     675  484907  3894424  40.03
1985-1989     40-44     0.00232  0.01152  2.72   96624    1113  480579  3409516  35.29
1985-1989     45-49     0.00398  0.01973  2.65   95511    1885  473134  2928938  30.67
1985-1989     50-54     0.00672  0.03308  2.70   93626    3097  461023  2455803  26.23
1985-1989     55-59     0.01179  0.05739  2.70   90529    5195  440681  1994780  22.03
1985-1989     60-64     0.01922  0.09194  2.64   85334    7845  408192  1554100  18.21
1985-1989     65-69     0.03007  0.14023  2.61   77489   10867  361423  1145907  14.79
1985-1989     70-74     0.04581  0.20625  2.59   66622   13741  299934   784485  11.78
1985-1989     75-79     0.06931  0.29568  2.52   52881   15636  225586   484551   9.16
1985-1989     80-84     0.10550  0.41644  2.47   37245   15511  147026   258965   6.95
1985-1989     85-89     0.15972  0.56121  2.35   21735   12198   76371   111939   5.15
1985-1989     90-94     0.24325  0.72193  2.19    9537    6885   28304    35568   3.73
1985-1989     95-99     0.34915  0.84341  1.94    2652    2237    6406     7264   2.74
1985-1989    100-104    0.47585  0.92271  1.68     415     383     805      858   2.07
1985-1989    105-109    0.60805  0.96311  1.45      32      31      51       52   1.64
1985-1989    110+       0.71168  1.00000  1.41       1       1       2        2   1.41
1990-1994        0      0.00690  0.00686  0.13  100000     686   99407  7445194  74.45
1990-1994      1-4      0.00037  0.00146  1.56   99314     145  396902  7345787  73.97
1990-1994      5-9      0.00017  0.00085  2.33   99169      84  495620  6948885  70.07
1990-1994     10-14     0.00021  0.00107  2.74   99085     106  495186  6453266  65.13
1990-1994     15-19     0.00054  0.00268  2.89   98979     265  494337  5958079  60.20
1990-1994     20-24     0.00075  0.00372  2.63   98714     367  492700  5463743  55.35
1990-1994     25-29     0.00087  0.00436  2.56   98347     429  490686  4971043  50.55
1990-1994     30-34     0.00094  0.00469  2.53   97918     459  488455  4480357  45.76
1990-1994     35-39     0.00133  0.00664  2.66   97459     647  485780  3991901  40.96
1990-1994     40-44     0.00213  0.01062  2.66   96812    1028  481654  3506121  36.22
1990-1994     45-49     0.00355  0.01760  2.71   95784    1685  475059  3024467  31.58
1990-1994     50-54     0.00604  0.02977  2.68   94099    2802  463985  2549408  27.09
1990-1994     55-59     0.01003  0.04903  2.68   91297    4476  446120  2085423  22.84
1990-1994     60-64     0.01696  0.08158  2.67   86821    7083  417614  1639303  18.88
1990-1994     65-69     0.02789  0.13077  2.62   79738   10427  373893  1221689  15.32
1990-1994     70-74     0.04258  0.19307  2.59   69311   13382  314244   847795  12.23
1990-1994     75-79     0.06472  0.27940  2.56   55929   15626  241446   533551   9.54
1990-1994     80-84     0.09911  0.39620  2.47   40303   15968  161117   292105   7.25
1990-1994     85-89     0.15019  0.53786  2.36   24335   13089   87147   130988   5.38
1990-1994     90-94     0.23021  0.69984  2.20   11246    7870   34188    43841   3.90
1990-1994     95-99     0.33242  0.82820  1.97    3376    2796    8410     9654   2.86
1990-1994    100-104    0.45709  0.91420  1.72     580     530    1160     1244   2.14
1990-1994    105-109    0.59006  0.95924  1.48      50      48      81       84   1.68
1990-1994    110+       0.69587  1.00000  1.44       2       2       3        3   1.44
1995-1999        0      0.00565  0.00563  0.14  100000     563   99515  7528130  75.28
1995-1999      1-4      0.00025  0.00100  1.65   99437      99  397517  7428615  74.71
1995-1999      5-9      0.00016  0.00079  2.30   99338      79  496480  7031098  70.78
1995-1999     10-14     0.00017  0.00087  2.68   99260      86  496099  6534618  65.83
1995-1999     15-19     0.00060  0.00300  2.94   99174     297  495256  6038519  60.89
1995-1999     20-24     0.00083  0.00415  2.52   98876     411  493363  5543263  56.06
1995-1999     25-29     0.00089  0.00445  2.53   98466     438  491246  5049901  51.29
1995-1999     30-34     0.00103  0.00515  2.57   98028     505  488910  4558655  46.50
1995-1999     35-39     0.00133  0.00663  2.61   97523     647  486073  4069744  41.73
1995-1999     40-44     0.00211  0.01049  2.67   96876    1016  482012  3583672  36.99
1995-1999     45-49     0.00337  0.01671  2.67   95860    1602  475562  3101660  32.36
1995-1999     50-54     0.00567  0.02796  2.69   94258    2635  465210  2626098  27.86
1995-1999     55-59     0.00922  0.04514  2.66   91623    4136  448450  2160887  23.58
1995-1999     60-64     0.01499  0.07245  2.68   87487    6338  422738  1712437  19.57
1995-1999     65-69     0.02461  0.11629  2.63   81149    9437  383404  1289700  15.89
1995-1999     70-74     0.03928  0.17947  2.60   71712   12870  327624   906296  12.64
1995-1999     75-79     0.06035  0.26287  2.55   58842   15467  256295   578672   9.83
1995-1999     80-84     0.09362  0.37898  2.49   43374   16438  175581   322377   7.43
1995-1999     85-89     0.14697  0.53023  2.37   26936   14282   97176   146796   5.45
1995-1999     90-94     0.22762  0.69802  2.23   12654    8833   38804    49620   3.92
1995-1999     95-99     0.33590  0.83214  1.97    3821    3180    9466    10815   2.83
1995-1999    100-104    0.46657  0.91913  1.70     641     590    1264     1349   2.10
1995-1999    105-109    0.60504  0.96279  1.46      52      50      83       85   1.64
1995-1999    110+       0.71394  1.00000  1.40       2       2       3        3   1.40
2000-2004        0      0.00531  0.00529  0.14  100000     529   99544  7630964  76.31
2000-2004      1-4      0.00025  0.00098  1.75   99471      98  397665  7531420  75.71
2000-2004      5-9      0.00012  0.00059  2.42   99374      59  496717  7133754  71.79
2000-2004     10-14     0.00015  0.00077  2.70   99315      77  496399  6637038  66.83
2000-2004     15-19     0.00053  0.00264  2.93   99238     262  495650  6140639  61.88
2000-2004     20-24     0.00079  0.00396  2.61   98976     392  493941  5644989  57.03
2000-2004     25-29     0.00091  0.00456  2.60   98584     450  491840  5151048  52.25
2000-2004     30-34     0.00110  0.00549  2.58   98134     539  489368  4659208  47.48
2000-2004     35-39     0.00145  0.00724  2.63   97596     707  486306  4169840  42.73
2000-2004     40-44     0.00207  0.01028  2.66   96889     996  482115  3683535  38.02
2000-2004     45-49     0.00322  0.01597  2.67   95893    1531  475901  3201420  33.39
2000-2004     50-54     0.00501  0.02478  2.67   94362    2338  466350  2725519  28.88
2000-2004     55-59     0.00817  0.04011  2.68   92024    3691  451538  2259169  24.55
2000-2004     60-64     0.01360  0.06587  2.62   88332    5819  427813  1807630  20.46
2000-2004     65-69     0.02085  0.09938  2.64   82514    8200  393223  1379817  16.72
2000-2004     70-74     0.03395  0.15719  2.65   74313   11681  344090   986594  13.28
2000-2004     75-79     0.05429  0.23984  2.57   62632   15022  276709   642503  10.26
2000-2004     80-84     0.08798  0.36082  2.51   47611   17179  195258   365794   7.68
2000-2004     85-89     0.13955  0.51245  2.41   30432   15595  111749   170536   5.60
2000-2004     90-94     0.22403  0.69030  2.22   14837   10242   45718    58787   3.96
2000-2004     95-99     0.33373  0.83058  1.98    4595    3817   11436    13069   2.84
2000-2004    100-104    0.46777  0.91997  1.70     778     716    1531     1633   2.10
2000-2004    105-109    0.60946  0.96385  1.45      62      60      99      102   1.63
2000-2004    110+       0.72035  1.00000  1.39       2       2       3        3   1.39
2005-2009        0      0.00452  0.00450  0.14  100000     450   99613  7755321  77.55
2005-2009      1-4      0.00022  0.00086  1.54   99550      86  397987  7655708  76.90
2005-2009      5-9      0.00010  0.00050  2.43   99464      49  497192  7257721  72.97
2005-2009     10-14     0.00013  0.00064  2.61   99414      64  496920  6760529  68.00
2005-2009     15-19     0.00049  0.00243  2.90   99351     242  496246  6263610  63.05
2005-2009     20-24     0.00069  0.00346  2.58   99109     343  494716  5767364  58.19
2005-2009     25-29     0.00081  0.00404  2.60   98766     399  492875  5272648  53.39
2005-2009     30-34     0.00114  0.00567  2.57   98367     558  490482  4779773  48.59
2005-2009     35-39     0.00149  0.00744  2.58   97809     727  487282  4289291  43.85
2005-2009     40-44     0.00205  0.01019  2.62   97082     989  483055  3802009  39.16
2005-2009     45-49     0.00300  0.01488  2.64   96093    1430  477094  3318954  34.54
2005-2009     50-54     0.00468  0.02315  2.65   94663    2191  468168  2841860  30.02
2005-2009     55-59     0.00709  0.03485  2.65   92472    3223  454778  2373691  25.67
2005-2009     60-64     0.01150  0.05599  2.68   89249    4997  434632  1918914  21.50
2005-2009     65-69     0.01829  0.08766  2.64   84252    7386  403801  1484282  17.62
2005-2009     70-74     0.02875  0.13462  2.64   76866   10348  359881  1080481  14.06
2005-2009     75-79     0.04762  0.21382  2.61   66518   14223  298661   720600  10.83
2005-2009     80-84     0.07958  0.33272  2.54   52296   17400  218633   421939   8.07
2005-2009     85-89     0.13160  0.49190  2.43   34896   17166  130436   203306   5.83
2005-2009     90-94     0.21278  0.67437  2.29   17731   11957   56195    72869   4.11
2005-2009     95-99     0.32742  0.82524  2.00    5774    4765   14552    16674   2.89
2005-2009    100-104    0.46612  0.91969  1.71    1009     928    1991     2122   2.10
2005-2009    105-109    0.61298  0.96479  1.45      81      78     128      131   1.62
2005-2009    110+       0.72734  1.00000  1.37       3       3       4        4   1.37
2010-2014        0      0.00366  0.00364  0.14  100000     364   99687  7890542  78.91
2010-2014      1-4      0.00015  0.00062  1.57   99636      62  398392  7790855  78.19
2010-2014      5-9      0.00009  0.00043  2.40   99574      43  497758  7392463  74.24
2010-2014     10-14     0.00010  0.00048  2.59   99531      47  497540  6894705  69.27
2010-2014     15-19     0.00034  0.00170  3.10   99484     169  497096  6397165  64.30
2010-2014     20-24     0.00049  0.00245  2.56   99314     243  495978  5900068  59.41
2010-2014     25-29     0.00071  0.00357  2.68   99071     353  494535  5404091  54.55
2010-2014     30-34     0.00102  0.00509  2.62   98718     503  492394  4909556  49.73
2010-2014     35-39     0.00141  0.00701  2.59   98215     689  489417  4417162  44.97
2010-2014     40-44     0.00196  0.00978  2.61   97526     953  485355  3927745  40.27
2010-2014     45-49     0.00267  0.01329  2.62   96573    1283  479814  3442390  35.65
2010-2014     50-54     0.00408  0.02018  2.65   95290    1923  471928  2962576  31.09
2010-2014     55-59     0.00634  0.03121  2.63   93366    2914  459913  2490648  26.68
2010-2014     60-64     0.00980  0.04791  2.65   90452    4334  442072  2030735  22.45
2010-2014     65-69     0.01556  0.07506  2.66   86118    6464  415489  1588663  18.45
2010-2014     70-74     0.02574  0.12135  2.65   79654    9666  375510  1173174  14.73
2010-2014     75-79     0.04203  0.19108  2.63   69988   13374  318213   797663  11.40
2010-2014     80-84     0.07172  0.30564  2.58   56615   17304  241258   479450   8.47
2010-2014     85-89     0.12227  0.46654  2.46   39311   18340  149996   238192   6.06
2010-2014     90-94     0.20595  0.66074  2.29   20971   13856   67280    88196   4.21
2010-2014     95-99     0.32031  0.81881  2.02    7115    5825   18187    20916   2.94
2010-2014    100-104    0.46276  0.91858  1.72    1289    1184    2559     2729   2.12
2010-2014    105-109    0.61431  0.96526  1.45     105     101     165      170   1.62
2010-2014    110+       0.73208  1.00000  1.37       4       4       5        5   1.37
2015-2019        0      0.00321  0.00320  0.14  100000     320   99726  7912582  79.13
2015-2019      1-4      0.00015  0.00059  1.53   99680      59  398574  7812857  78.38
2015-2019      5-9      0.00007  0.00033  2.14   99621      33  498010  7414282  74.42
2015-2019     10-14     0.00010  0.00050  3.00   99588      50  497839  6916273  69.45
2015-2019     15-19     0.00032  0.00159  2.88   99538     158  497354  6418434  64.48
2015-2019     20-24     0.00046  0.00228  2.62   99379     226  496358  5921080  59.58
2015-2019     25-29     0.00068  0.00338  2.67   99153     335  494986  5424722  54.71
2015-2019     30-34     0.00101  0.00504  2.67   98818     498  492932  4929736  49.89
2015-2019     35-39     0.00156  0.00776  2.65   98320     763  489806  4436805  45.13
2015-2019     40-44     0.00230  0.01142  2.63   97557    1114  485140  3946998  40.46
2015-2019     45-49     0.00302  0.01497  2.59   96443    1444  478733  3461858  35.90
2015-2019     50-54     0.00412  0.02041  2.62   94999    1939  470389  2983125  31.40
2015-2019     55-59     0.00606  0.02990  2.68   93060    2783  458839  2512736  27.00
2015-2019     60-64     0.00943  0.04612  2.66   90277    4164  441633  2053897  22.75
2015-2019     65-69     0.01486  0.07181  2.65   86114    6184  416039  1612264  18.72
2015-2019     70-74     0.02395  0.11342  2.66   79930    9065  378461  1196224  14.97
2015-2019     75-79     0.04058  0.18504  2.62   70865   13113  323114   817764  11.54
2015-2019     80-84     0.06915  0.29637  2.59   57752   17116  247525   494649   8.57
2015-2019     85-89     0.12022  0.46160  2.49   40636   18758  156025   247124   6.08
2015-2019     90-94     0.20787  0.66317  2.27   21879   14509   69799    91099   4.16
2015-2019     95-99     0.32626  0.82541  2.01    7370    6083   18644    21301   2.89
2015-2019    100-104    0.47510  0.92452  1.70    1287    1190    2504     2657   2.06
2015-2019    105-109    0.63158  0.96869  1.42      97      94     149      153   1.58
2015-2019    110+       0.75102  1.00000  1.33       3       3       4        4   1.33
