England and Wales, Total Population, Life tables (period 5x5), Total	Last modified: 27 May 2022;  Methods Protocol: v6 (2017)

  Year          Age         mx       qx    ax      lx      dx      Lx       Tx     ex
1841-1844        0      0.16239  0.14594  0.31  100000   14594   89868  4157964  41.58
1841-1844      1-4      0.03594  0.13162  1.44   85406   11241  312828  4068096  47.63
1841-1844      5-9      0.00908  0.04422  2.03   74165    3280  361069  3755269  50.63
1841-1844     10-14     0.00504  0.02489  2.52   70885    1764  350055  3394200  47.88
1841-1844     15-19     0.00721  0.03546  2.65   69121    2451  339834  3044144  44.04
1841-1844     20-24     0.00900  0.04400  2.51   66670    2934  326047  2704310  40.56
1841-1844     25-29     0.00953  0.04653  2.51   63736    2966  311283  2378263  37.31
1841-1844     30-34     0.00986  0.04809  2.50   60770    2923  296547  2066980  34.01
1841-1844     35-39     0.01186  0.05763  2.57   57848    3334  281143  1770433  30.60
1841-1844     40-44     0.01259  0.06101  2.47   54514    3326  264150  1489291  27.32
1841-1844     45-49     0.01527  0.07366  2.59   51188    3770  246867  1225141  23.93
1841-1844     50-54     0.01739  0.08330  2.49   47418    3950  227186   978273  20.63
1841-1844     55-59     0.02578  0.12161  2.67   43468    5286  205036   751087  17.28
1841-1844     60-64     0.03229  0.14930  2.48   38181    5700  176540   546051  14.30
1841-1844     65-69     0.05171  0.23051  2.65   32481    7487  144796   369511  11.38
1841-1844     70-74     0.07355  0.30962  2.45   24994    7739  105210   224715   8.99
1841-1844     75-79     0.11425  0.44385  2.49   17255    7659   67035   119505   6.93
1841-1844     80-84     0.15199  0.54306  2.37    9596    5211   34287    52470   5.47
1841-1844     85-89     0.21578  0.67300  2.20    4385    2951   13676    18183   4.15
1841-1844     90-94     0.30009  0.79236  2.02    1434    1136    3786     4507   3.14
1841-1844     95-99     0.40203  0.88101  1.81     298     262     652      721   2.42
1841-1844    100-104    0.51122  0.93493  1.61      35      33      65       68   1.93
1841-1844    105-109    0.62025  0.96454  1.43       2       2       4        4   1.61
1841-1844    110+       0.70537  1.00000  1.42       0       0       0        0   1.42
1845-1849        0      0.17397  0.15522  0.31  100000   15522   89224  3941687  39.42
1845-1849      1-4      0.03897  0.14169  1.43   84478   11969  307149  3852463  45.60
1845-1849      5-9      0.00960  0.04667  2.02   72509    3384  352444  3545314  48.90
1845-1849     10-14     0.00558  0.02752  2.54   69125    1902  340941  3192870  46.19
1845-1849     15-19     0.00769  0.03774  2.63   67223    2537  330110  2851929  42.43
1845-1849     20-24     0.01029  0.05019  2.54   64685    3247  315436  2521819  38.99
1845-1849     25-29     0.01057  0.05149  2.48   61439    3163  299228  2206382  35.91
1845-1849     30-34     0.01139  0.05540  2.52   58275    3228  283371  1907154  32.73
1845-1849     35-39     0.01259  0.06104  2.52   55047    3360  266914  1623783  29.50
1845-1849     40-44     0.01491  0.07192  2.53   51687    3717  249239  1356868  26.25
1845-1849     45-49     0.01597  0.07679  2.51   47969    3683  230685  1107630  23.09
1845-1849     50-54     0.02084  0.09919  2.58   44286    4393  210788   876945  19.80
1845-1849     55-59     0.02523  0.11879  2.54   39893    4739  187812   666158  16.70
1845-1849     60-64     0.03879  0.17744  2.60   35154    6238  160828   478346  13.61
1845-1849     65-69     0.05185  0.22967  2.51   28916    6641  128076   317518  10.98
1845-1849     70-74     0.08207  0.34115  2.53   22275    7599   92593   189442   8.50
1845-1849     75-79     0.11920  0.45549  2.41   14676    6685   56078    96849   6.60
1845-1849     80-84     0.16572  0.57583  2.35    7991    4602   27767    40771   5.10
1845-1849     85-89     0.23639  0.70773  2.17    3390    2399   10149    13003   3.84
1845-1849     90-94     0.33087  0.82534  1.96     991     818    2471     2855   2.88
1845-1849     95-99     0.44197  0.90496  1.74     173     157     354      384   2.22
1845-1849    100-104    0.55674  0.94972  1.53      16      16      28       29   1.78
1845-1849    105-109    0.66634  0.97271  1.36       1       1       1        1   1.50
1845-1849    110+       0.74900  1.00000  1.34       0       0       0        0   1.34
1850-1854        0      0.17145  0.15321  0.31  100000   15321   89363  4092240  40.92
1850-1854      1-4      0.03633  0.13282  1.41   84679   11247  309552  4002877  47.27
1850-1854      5-9      0.00888  0.04325  2.03   73431    3176  357722  3693325  50.30
1850-1854     10-14     0.00518  0.02557  2.54   70255    1797  346859  3335603  47.48
1850-1854     15-19     0.00731  0.03591  2.63   68459    2458  336467  2988744  43.66
1850-1854     20-24     0.00913  0.04466  2.53   66001    2947  322710  2652277  40.19
1850-1854     25-29     0.00969  0.04732  2.50   63053    2983  307803  2329567  36.95
1850-1854     30-34     0.01037  0.05053  2.52   60070    3035  292822  2021764  33.66
1850-1854     35-39     0.01187  0.05766  2.53   57034    3289  277062  1728941  30.31
1850-1854     40-44     0.01335  0.06460  2.52   53746    3472  260123  1451879  27.01
1850-1854     45-49     0.01573  0.07574  2.54   50274    3808  242007  1191756  23.71
1850-1854     50-54     0.01854  0.08868  2.55   46466    4121  222214   949749  20.44
1850-1854     55-59     0.02532  0.11930  2.59   42345    5052  199548   727535  17.18
1850-1854     60-64     0.03344  0.15458  2.56   37294    5765  172387   527987  14.16
1850-1854     65-69     0.05138  0.22848  2.58   31529    7204  140217   355600  11.28
1850-1854     70-74     0.07451  0.31403  2.50   24325    7639  102520   215382   8.85
1850-1854     75-79     0.11530  0.44586  2.46   16686    7440   64528   112863   6.76
1850-1854     80-84     0.16264  0.56892  2.36    9246    5261   32345    48335   5.23
1850-1854     85-89     0.22520  0.68873  2.18    3986    2745   12190    15990   4.01
1850-1854     90-94     0.30933  0.80226  2.00    1241     995    3218     3800   3.06
1850-1854     95-99     0.41098  0.88638  1.79     245     217     529      582   2.37
1850-1854    100-104    0.51706  0.93674  1.60      28      26      51       53   1.91
1850-1854    105-109    0.62218  0.96474  1.42       2       2       3        3   1.60
1850-1854    110+       0.70406  1.00000  1.42       0       0       0        0   1.42
1855-1859        0      0.17006  0.15210  0.31  100000   15210   89441  4132990  41.33
1855-1859      1-4      0.03676  0.13436  1.43   84790   11392  309875  4043549  47.69
1855-1859      5-9      0.00877  0.04271  2.00   73398    3135  357570  3733674  50.87
1855-1859     10-14     0.00492  0.02430  2.54   70263    1707  347112  3376104  48.05
1855-1859     15-19     0.00677  0.03333  2.63   68556    2285  337363  3028992  44.18
1855-1859     20-24     0.00888  0.04343  2.54   66271    2878  324271  2691629  40.62
1855-1859     25-29     0.00918  0.04488  2.49   63392    2845  309812  2367359  37.34
1855-1859     30-34     0.00987  0.04816  2.53   60547    2916  295520  2057547  33.98
1855-1859     35-39     0.01115  0.05428  2.53   57631    3128  280436  1762027  30.57
1855-1859     40-44     0.01311  0.06349  2.53   54503    3460  263979  1481591  27.18
1855-1859     45-49     0.01468  0.07081  2.53   51043    3614  246280  1217612  23.85
1855-1859     50-54     0.01868  0.08933  2.57   47429    4237  226861   971332  20.48
1855-1859     55-59     0.02341  0.11071  2.56   43192    4782  204274   744471  17.24
1855-1859     60-64     0.03506  0.16175  2.61   38410    6213  177185   540198  14.06
1855-1859     65-69     0.04962  0.22106  2.54   32197    7117  143445   363013  11.27
1855-1859     70-74     0.07663  0.32219  2.53   25080    8081  105448   219568   8.75
1855-1859     75-79     0.11498  0.44381  2.43   16999    7545   65616   114120   6.71
1855-1859     80-84     0.16599  0.57663  2.35    9455    5452   32845    48504   5.13
1855-1859     85-89     0.23211  0.70023  2.17    4003    2803   12076    15659   3.91
1855-1859     90-94     0.31830  0.81148  1.98    1200     974    3059     3583   2.99
1855-1859     95-99     0.42183  0.89300  1.77     226     202     479      524   2.32
1855-1859    100-104    0.52845  0.94059  1.58      24      23      43       45   1.87
1855-1859    105-109    0.63249  0.96668  1.41       1       1       2        2   1.58
1855-1859    110+       0.71269  1.00000  1.40       0       0       0        0   1.40
1860-1864        0      0.16377  0.14705  0.31  100000   14705   89790  4155860  41.56
1860-1864      1-4      0.03722  0.13575  1.40   85295   11579  311094  4066069  47.67
1860-1864      5-9      0.00833  0.04061  1.97   73716    2994  359503  3754976  50.94
1860-1864     10-14     0.00464  0.02292  2.56   70722    1621  349660  3395473  48.01
1860-1864     15-19     0.00663  0.03262  2.63   69101    2254  340161  3045812  44.08
1860-1864     20-24     0.00834  0.04085  2.54   66847    2731  327513  2705651  40.48
1860-1864     25-29     0.00912  0.04459  2.51   64116    2859  313468  2378138  37.09
1860-1864     30-34     0.01005  0.04906  2.53   61257    3005  298869  2064670  33.71
1860-1864     35-39     0.01175  0.05710  2.53   58252    3326  283057  1765801  30.31
1860-1864     40-44     0.01303  0.06309  2.51   54926    3466  266005  1482744  27.00
1860-1864     45-49     0.01516  0.07308  2.55   51460    3761  248087  1216739  23.64
1860-1864     50-54     0.01861  0.08900  2.56   47700    4245  228159   968652  20.31
1860-1864     55-59     0.02590  0.12189  2.59   43454    5297  204488   740493  17.04
1860-1864     60-64     0.03445  0.15889  2.56   38158    6063  175971   536005  14.05
1860-1864     65-69     0.05224  0.23184  2.58   32095    7441  142432   360033  11.22
1860-1864     70-74     0.07522  0.31641  2.49   24654    7801  103709   217601   8.83
1860-1864     75-79     0.11489  0.44463  2.46   16853    7493   65220   113893   6.76
1860-1864     80-84     0.16381  0.57186  2.36    9360    5352   32676    48673   5.20
1860-1864     85-89     0.22650  0.69093  2.18    4007    2769   12224    15997   3.99
1860-1864     90-94     0.31114  0.80412  2.00    1238     996    3201     3774   3.05
1860-1864     95-99     0.41340  0.88792  1.79     243     215     521      573   2.36
1860-1864    100-104    0.51995  0.93777  1.59      27      25      49       52   1.90
1860-1864    105-109    0.62536  0.96539  1.42       2       2       3        3   1.59
1860-1864    110+       0.70737  1.00000  1.41       0       0       0        0   1.41
1865-1869        0      0.17424  0.15544  0.31  100000   15544   89210  4143312  41.43
1865-1869      1-4      0.03461  0.12684  1.36   84456   10712  309523  4054102  48.00
1865-1869      5-9      0.00754  0.03688  2.03   73744    2720  360645  3744579  50.78
1865-1869     10-14     0.00434  0.02147  2.54   71025    1525  351375  3383934  47.64
1865-1869     15-19     0.00627  0.03090  2.65   69500    2148  342458  3032559  43.63
1865-1869     20-24     0.00846  0.04146  2.55   67352    2792  329923  2690101  39.94
1865-1869     25-29     0.00934  0.04566  2.52   64560    2948  315494  2360178  36.56
1865-1869     30-34     0.01071  0.05217  2.54   61612    3214  300142  2044683  33.19
1865-1869     35-39     0.01213  0.05889  2.53   58398    3439  283481  1744542  29.87
1865-1869     40-44     0.01404  0.06784  2.53   54959    3728  265578  1461061  26.58
1865-1869     45-49     0.01573  0.07573  2.53   51231    3880  246559  1195483  23.34
1865-1869     50-54     0.02016  0.09610  2.57   47351    4551  225715   948924  20.04
1865-1869     55-59     0.02561  0.12050  2.55   42801    5157  201378   723209  16.90
1865-1869     60-64     0.03679  0.16891  2.58   37643    6358  172852   521831  13.86
1865-1869     65-69     0.05105  0.22667  2.53   31285    7091  138907   348979  11.15
1865-1869     70-74     0.07813  0.32732  2.52   24193    7919  101358   210072   8.68
1865-1869     75-79     0.11590  0.44630  2.43   16274    7263   62670   108713   6.68
1865-1869     80-84     0.16844  0.58213  2.35    9011    5246   31142    46043   5.11
1865-1869     85-89     0.22988  0.69589  2.17    3765    2620   11399    14901   3.96
1865-1869     90-94     0.31027  0.80242  1.99    1145     919    2961     3502   3.06
1865-1869     95-99     0.40839  0.88423  1.79     226     200     490      541   2.39
1865-1869    100-104    0.50921  0.93352  1.61      26      24      48       51   1.94
1865-1869    105-109    0.60936  0.96186  1.44       2       2       3        3   1.63
1865-1869    110+       0.68778  1.00000  1.45       0       0       0        0   1.45
1870-1874        0      0.16979  0.15189  0.31  100000   15189   89456  4217878  42.18
1870-1874      1-4      0.03211  0.11846  1.38   84811   10047  312917  4128422  48.68
1870-1874      5-9      0.00741  0.03623  2.01   74765    2709  365718  3815504  51.03
1870-1874     10-14     0.00408  0.02022  2.55   72056    1457  356704  3449786  47.88
1870-1874     15-19     0.00595  0.02932  2.65   70599    2070  348128  3093083  43.81
1870-1874     20-24     0.00791  0.03880  2.57   68529    2659  336174  2744955  40.06
1870-1874     25-29     0.00914  0.04468  2.52   65870    2943  322063  2408781  36.57
1870-1874     30-34     0.01031  0.05026  2.54   62927    3163  306862  2086718  33.16
1870-1874     35-39     0.01221  0.05928  2.54   59764    3543  290102  1779856  29.78
1870-1874     40-44     0.01387  0.06706  2.52   56221    3770  271755  1489754  26.50
1870-1874     45-49     0.01630  0.07838  2.54   52451    4111  252145  1218000  23.22
1870-1874     50-54     0.01946  0.09286  2.55   48340    4489  230684   965854  19.98
1870-1874     55-59     0.02645  0.12431  2.59   43851    5451  206115   735171  16.77
1870-1874     60-64     0.03622  0.16644  2.56   38400    6391  176429   529055  13.78
1870-1874     65-69     0.05449  0.24046  2.56   32009    7697  141239   352626  11.02
1870-1874     70-74     0.07757  0.32453  2.48   24312    7890  101713   211387   8.69
1870-1874     75-79     0.11632  0.44849  2.45   16422    7365   63318   109674   6.68
1870-1874     80-84     0.16860  0.58228  2.34    9057    5274   31280    46355   5.12
1870-1874     85-89     0.22856  0.69343  2.16    3783    2623   11478    15076   3.98
1870-1874     90-94     0.30582  0.79701  2.00    1160     924    3023     3597   3.10
1870-1874     95-99     0.39958  0.87809  1.81     235     207     517      575   2.44
1870-1874    100-104    0.49597  0.92813  1.63      29      27      54       57   1.99
1870-1874    105-109    0.59230  0.95782  1.47       2       2       3        3   1.68
1870-1874    110+       0.66824  1.00000  1.50       0       0       0        0   1.50
1875-1879        0      0.16118  0.14496  0.31  100000   14496   89936  4345605  43.46
1875-1879      1-4      0.03004  0.11126  1.33   85504    9513  316636  4255669  49.77
1875-1879      5-9      0.00624  0.03064  2.02   75991    2328  373005  3939034  51.84
1875-1879     10-14     0.00359  0.01781  2.54   73663    1312  365088  3566029  48.41
1875-1879     15-19     0.00508  0.02508  2.65   72351    1814  357490  3200941  44.24
1875-1879     20-24     0.00688  0.03383  2.57   70536    2386  346874  2843450  40.31
1875-1879     25-29     0.00806  0.03952  2.55   68150    2693  334155  2496576  36.63
1875-1879     30-34     0.00963  0.04706  2.55   65457    3081  319741  2162421  33.04
1875-1879     35-39     0.01157  0.05624  2.56   62376    3508  303308  1842679  29.54
1875-1879     40-44     0.01417  0.06847  2.54   58868    4031  284431  1539371  26.15
1875-1879     45-49     0.01609  0.07739  2.53   54838    4244  263697  1254941  22.88
1875-1879     50-54     0.02060  0.09812  2.58   50594    4964  240934   991244  19.59
1875-1879     55-59     0.02645  0.12419  2.55   45630    5667  214281   750309  16.44
1875-1879     60-64     0.03866  0.17684  2.59   39963    7067  182779   536028  13.41
1875-1879     65-69     0.05517  0.24276  2.53   32896    7986  144741   353249  10.74
1875-1879     70-74     0.08189  0.33985  2.50   24910    8466  103376   208507   8.37
1875-1879     75-79     0.12014  0.45848  2.42   16444    7539   62757   105131   6.39
1875-1879     80-84     0.18263  0.61366  2.33    8905    5465   29922    42375   4.76
1875-1879     85-89     0.25409  0.73395  2.12    3440    2525    9938    12453   3.62
1875-1879     90-94     0.34913  0.84155  1.92     915     770    2206     2515   2.75
1875-1879     95-99     0.46141  0.91439  1.70     145     133     287      309   2.13
1875-1879    100-104    0.57318  0.95395  1.50      12      12      21       22   1.73
1875-1879    105-109    0.67856  0.97443  1.34       1       1       1        1   1.47
1875-1879    110+       0.75768  1.00000  1.32       0       0       0        0   1.32
1880-1884        0      0.15469  0.13969  0.31  100000   13969   90302  4488584  44.89
1880-1884      1-4      0.02839  0.10555  1.33   86031    9080  319894  4398281  51.12
1880-1884      5-9      0.00602  0.02956  1.99   76950    2275  377908  4078387  53.00
1880-1884     10-14     0.00326  0.01618  2.55   74676    1208  370422  3700479  49.55
1880-1884     15-19     0.00473  0.02338  2.63   73468    1718  363270  3330057  45.33
1880-1884     20-24     0.00603  0.02973  2.57   71750    2133  353567  2966788  41.35
1880-1884     25-29     0.00724  0.03555  2.55   69617    2475  342029  2613220  37.54
1880-1884     30-34     0.00887  0.04342  2.58   67142    2916  328654  2271192  33.83
1880-1884     35-39     0.01106  0.05385  2.55   64226    3459  312643  1942538  30.25
1880-1884     40-44     0.01275  0.06183  2.54   60767    3757  294583  1629895  26.82
1880-1884     45-49     0.01546  0.07448  2.56   57010    4246  274676  1335312  23.42
1880-1884     50-54     0.01928  0.09208  2.56   52764    4859  251988  1060636  20.10
1880-1884     55-59     0.02669  0.12535  2.58   47905    6005  225000   808648  16.88
1880-1884     60-64     0.03538  0.16280  2.55   41900    6821  192776   583648  13.93
1880-1884     65-69     0.05235  0.23222  2.57   35079    8146  155604   390872  11.14
1880-1884     70-74     0.07657  0.32127  2.50   26933    8653  113000   235268   8.74
1880-1884     75-79     0.11417  0.44191  2.44   18280    8078   70754   122269   6.69
1880-1884     80-84     0.17242  0.59154  2.35   10202    6035   35001    51515   5.05
1880-1884     85-89     0.23032  0.69614  2.16    4167    2901   12595    16514   3.96
1880-1884     90-94     0.30641  0.79740  1.99    1266    1010    3295     3919   3.09
1880-1884     95-99     0.40134  0.87920  1.80     257     226     562      624   2.43
1880-1884    100-104    0.49741  0.92870  1.63      31      29      58       62   1.99
1880-1884    105-109    0.59379  0.95819  1.47       2       2       4        4   1.68
1880-1884    110+       0.66997  1.00000  1.49       0       0       0        0   1.49
1885-1889        0      0.15630  0.14100  0.31  100000   14100   90211  4594677  45.95
1885-1889      1-4      0.02591  0.09680  1.27   85900    8315  320923  4504466  52.44
1885-1889      5-9      0.00484  0.02385  2.04   77585    1850  382448  4183542  53.92
1885-1889     10-14     0.00287  0.01423  2.56   75735    1078  376041  3801095  50.19
1885-1889     15-19     0.00419  0.02076  2.65   74657    1550  369645  3425054  45.88
1885-1889     20-24     0.00548  0.02704  2.55   73107    1977  360702  3055408  41.79
1885-1889     25-29     0.00649  0.03195  2.57   71130    2273  350134  2694706  37.88
1885-1889     30-34     0.00800  0.03926  2.57   68858    2703  337711  2344573  34.05
1885-1889     35-39     0.01004  0.04903  2.58   66155    3243  322913  2006862  30.34
1885-1889     40-44     0.01240  0.06018  2.54   62911    3786  305251  1683949  26.77
1885-1889     45-49     0.01468  0.07084  2.56   59125    4188  285400  1378698  23.32
1885-1889     50-54     0.01970  0.09404  2.59   54937    5166  262217  1093298  19.90
1885-1889     55-59     0.02571  0.12096  2.56   49770    6020  234159   831081  16.70
1885-1889     60-64     0.03727  0.17100  2.59   43750    7481  200721   596922  13.64
1885-1889     65-69     0.05335  0.23570  2.53   36269    8549  160228   396201  10.92
1885-1889     70-74     0.08006  0.33370  2.51   27720    9250  115540   235973   8.51
1885-1889     75-79     0.11747  0.45078  2.42   18470    8326   70877   120433   6.52
1885-1889     80-84     0.17700  0.60180  2.34   10144    6105   34491    49556   4.89
1885-1889     85-89     0.24575  0.72135  2.14    4039    2914   11857    15065   3.73
1885-1889     90-94     0.33510  0.82808  1.95    1126     932    2781     3208   2.85
1885-1889     95-99     0.44462  0.90584  1.73     194     175     394      427   2.21
1885-1889    100-104    0.55412  0.94866  1.53      18      17      31       33   1.79
1885-1889    105-109    0.65915  0.97141  1.37       1       1       1        1   1.51
1885-1889    110+       0.73906  1.00000  1.35       0       0       0        0   1.35
1890-1894        0      0.16299  0.14642  0.31  100000   14642   89835  4548099  45.48
1890-1894      1-4      0.02556  0.09558  1.28   85358    8159  319268  4458264  52.23
1890-1894      5-9      0.00482  0.02376  2.00   77199    1834  380497  4138996  53.61
1890-1894     10-14     0.00270  0.01342  2.57   75365    1011  374371  3758499  49.87
1890-1894     15-19     0.00407  0.02013  2.64   74354    1497  368231  3384128  45.51
1890-1894     20-24     0.00513  0.02533  2.57   72857    1846  359807  3015896  41.39
1890-1894     25-29     0.00632  0.03113  2.56   71011    2211  349664  2656090  37.40
1890-1894     30-34     0.00789  0.03871  2.60   68801    2663  337600  2306425  33.52
1890-1894     35-39     0.01024  0.04997  2.57   66137    3305  322651  1968826  29.77
1890-1894     40-44     0.01277  0.06195  2.57   62832    3892  304697  1646174  26.20
1890-1894     45-49     0.01605  0.07721  2.55   58940    4551  283558  1341477  22.76
1890-1894     50-54     0.01998  0.09526  2.57   54389    5181  259371  1057920  19.45
1890-1894     55-59     0.02804  0.13133  2.59   49208    6462  230456   798549  16.23
1890-1894     60-64     0.03907  0.17833  2.56   42746    7623  195130   568093  13.29
1890-1894     65-69     0.05844  0.25553  2.54   35123    8975  153575   372963  10.62
1890-1894     70-74     0.08217  0.33995  2.46   26148    8889  108179   219388   8.39
1890-1894     75-79     0.11859  0.45478  2.44   17259    7849   66188   111209   6.44
1890-1894     80-84     0.18115  0.61111  2.34    9410    5751   31744    45021   4.78
1890-1894     85-89     0.25277  0.73239  2.13    3659    2680   10603    13278   3.63
1890-1894     90-94     0.35133  0.84431  1.92     979     827    2353     2674   2.73
1890-1894     95-99     0.46705  0.91727  1.69     152     140     299      321   2.11
1890-1894    100-104    0.58166  0.95623  1.49      13      12      21       22   1.71
1890-1894    105-109    0.68873  0.97593  1.33       1       1       1        1   1.45
1890-1894    110+       0.76835  1.00000  1.30       0       0       0        0   1.30
1895-1899        0      0.17487  0.15594  0.31  100000   15594   89175  4665381  46.65
1895-1899      1-4      0.02364  0.08878  1.25   84406    7494  317034  4576206  54.22
1895-1899      5-9      0.00417  0.02058  2.01   76912    1583  379831  4259172  55.38
1895-1899     10-14     0.00238  0.01182  2.56   75329     890  374472  3879341  51.50
1895-1899     15-19     0.00345  0.01710  2.64   74439    1273  369195  3504869  47.08
1895-1899     20-24     0.00452  0.02233  2.56   73166    1634  361851  3135673  42.86
1895-1899     25-29     0.00541  0.02672  2.58   71532    1911  353038  2773822  38.78
1895-1899     30-34     0.00685  0.03369  2.58   69621    2346  342417  2420784  34.77
1895-1899     35-39     0.00887  0.04344  2.60   67275    2923  329362  2078367  30.89
1895-1899     40-44     0.01142  0.05557  2.56   64353    3576  313046  1749004  27.18
1895-1899     45-49     0.01419  0.06858  2.57   60776    4168  293771  1435958  23.63
1895-1899     50-54     0.01888  0.09026  2.57   56608    5109  270647  1142187  20.18
1895-1899     55-59     0.02484  0.11714  2.58   51499    6033  242885   871540  16.92
1895-1899     60-64     0.03683  0.16918  2.59   45466    7692  208827   628655  13.83
1895-1899     65-69     0.05300  0.23431  2.53   37774    8851  167002   419828  11.11
1895-1899     70-74     0.07682  0.32223  2.50   28923    9320  121329   252826   8.74
1895-1899     75-79     0.11067  0.43068  2.43   19603    8443   76286   131497   6.71
1895-1899     80-84     0.17520  0.59886  2.36   11161    6684   38148    55211   4.95
1895-1899     85-89     0.23916  0.71137  2.15    4477    3185   13316    17063   3.81
1895-1899     90-94     0.32860  0.82223  1.96    1292    1062    3233     3747   2.90
1895-1899     95-99     0.43805  0.90236  1.74     230     207     473      514   2.24
1895-1899    100-104    0.54753  0.94676  1.55      22      21      39       41   1.81
1895-1899    105-109    0.65344  0.97051  1.38       1       1       2        2   1.53
1895-1899    110+       0.73447  1.00000  1.36       0       0       0        0   1.36
1900-1904        0      0.15682  0.14142  0.31  100000   14142   90182  4853349  48.53
1900-1904      1-4      0.02064  0.07819  1.28   85858    6713  325177  4763167  55.48
1900-1904      5-9      0.00394  0.01946  2.01   79145    1540  391115  4437990  56.07
1900-1904     10-14     0.00225  0.01121  2.56   77604     870  385902  4046875  52.15
1900-1904     15-19     0.00322  0.01596  2.64   76734    1225  380776  3660973  47.71
1900-1904     20-24     0.00413  0.02045  2.57   75510    1544  373800  3280197  43.44
1900-1904     25-29     0.00499  0.02466  2.56   73965    1824  365380  2906397  39.29
1900-1904     30-34     0.00631  0.03107  2.61   72142    2242  355342  2541017  35.22
1900-1904     35-39     0.00834  0.04089  2.57   69900    2858  342555  2185675  31.27
1900-1904     40-44     0.01053  0.05133  2.59   67042    3441  326918  1843120  27.49
1900-1904     45-49     0.01376  0.06657  2.57   63601    4234  307705  1516202  23.84
1900-1904     50-54     0.01810  0.08671  2.60   59367    5148  284483  1208497  20.36
1900-1904     55-59     0.02558  0.12043  2.57   54219    6530  255251   924014  17.04
1900-1904     60-64     0.03464  0.15978  2.58   47689    7620  219977   668763  14.02
1900-1904     65-69     0.05218  0.23146  2.56   40069    9274  177750   448786  11.20
1900-1904     70-74     0.07609  0.31943  2.49   30795    9837  129274   271036   8.80
1900-1904     75-79     0.11136  0.43346  2.44   20958    9085   81579   141762   6.76
1900-1904     80-84     0.17205  0.59064  2.35   11874    7013   40761    60183   5.07
1900-1904     85-89     0.22912  0.69373  2.16    4861    3372   14717    19422   4.00
1900-1904     90-94     0.29908  0.78791  2.00    1489    1173    3922     4705   3.16
1900-1904     95-99     0.39276  0.87321  1.82     316     276     702      783   2.48
1900-1904    100-104    0.48677  0.92428  1.64      40      37      76       81   2.03
1900-1904    105-109    0.58223  0.95536  1.48       3       3       5        5   1.71
1900-1904    110+       0.65829  1.00000  1.52       0       0       0        0   1.52
1905-1909        0      0.13158  0.12057  0.31  100000   12057   91629  5141762  51.42
1905-1909      1-4      0.01728  0.06601  1.28   87943    5805  336005  5050133  57.42
1905-1909      5-9      0.00349  0.01728  2.07   82138    1420  406527  4714128  57.39
1905-1909     10-14     0.00209  0.01040  2.55   80718     840  401530  4307601  53.37
1905-1909     15-19     0.00295  0.01467  2.63   79878    1172  396615  3906071  48.90
1905-1909     20-24     0.00370  0.01834  2.56   78706    1444  390006  3509456  44.59
1905-1909     25-29     0.00440  0.02179  2.58   77263    1683  382234  3119451  40.37
1905-1909     30-34     0.00547  0.02699  2.57   75579    2040  372943  2737217  36.22
1905-1909     35-39     0.00707  0.03475  2.61   73540    2556  361596  2364274  32.15
1905-1909     40-44     0.00931  0.04553  2.57   70984    3232  347055  2002679  28.21
1905-1909     45-49     0.01209  0.05876  2.61   67752    3981  329257  1655624  24.44
1905-1909     50-54     0.01674  0.08044  2.58   63771    5129  306462  1326367  20.80
1905-1909     55-59     0.02329  0.11030  2.61   58642    6468  277737  1019905  17.39
1905-1909     60-64     0.03395  0.15679  2.57   52174    8180  240963   742167  14.22
1905-1909     65-69     0.04884  0.21826  2.57   43994    9602  196600   501204  11.39
1905-1909     70-74     0.07446  0.31432  2.52   34392   10810  145174   304604   8.86
1905-1909     75-79     0.11154  0.43348  2.43   23581   10222   91650   159430   6.76
1905-1909     80-84     0.16879  0.58287  2.35   13359    7787   46134    67781   5.07
1905-1909     85-89     0.23190  0.70032  2.17    5573    3903   16829    21647   3.88
1905-1909     90-94     0.33134  0.82640  1.97    1670    1380    4165     4818   2.89
1905-1909     95-99     0.43454  0.90066  1.75     290     261     601      653   2.25
1905-1909    100-104    0.54610  0.94646  1.55      29      27      50       52   1.81
1905-1909    105-109    0.65397  0.97066  1.38       2       1       2        2   1.52
1905-1909    110+       0.73626  1.00000  1.36       0       0       0        0   1.36
1910-1914        0      0.11704  0.10825  0.31  100000   10825   92484  5314361  53.14
1910-1914      1-4      0.01547  0.05938  1.27   89175    5296  342258  5221877  58.56
1910-1914      5-9      0.00323  0.01598  2.05   83880    1340  415443  4879618  58.17
1910-1914     10-14     0.00199  0.00992  2.54   82539     819  410683  4464175  54.09
1910-1914     15-19     0.00326  0.01619  2.76   81720    1323  405640  4053492  49.60
1910-1914     20-24     0.00417  0.02063  2.51   80397    1659  397852  3647852  45.37
1910-1914     25-29     0.00442  0.02186  2.54   78738    1721  389454  3250001  41.28
1910-1914     30-34     0.00513  0.02535  2.58   77017    1952  380360  2860546  37.14
1910-1914     35-39     0.00650  0.03202  2.59   75065    2404  369532  2480187  33.04
1910-1914     40-44     0.00817  0.04008  2.58   72662    2912  356274  2110655  29.05
1910-1914     45-49     0.01106  0.05387  2.60   69750    3758  339739  1754380  25.15
1910-1914     50-54     0.01532  0.07393  2.63   65992    4879  318411  1414641  21.44
1910-1914     55-59     0.02139  0.10177  2.61   61113    6219  290714  1096230  17.94
1910-1914     60-64     0.03162  0.14699  2.61   54894    8069  255191   805517  14.67
1910-1914     65-69     0.04490  0.20227  2.55   46825    9471  210962   550326  11.75
1910-1914     70-74     0.07296  0.30989  2.57   37354   11576  158664   339364   9.09
1910-1914     75-79     0.10670  0.41821  2.42   25778   10781  101038   180700   7.01
1910-1914     80-84     0.15614  0.55358  2.37   14998    8302   53173    79662   5.31
1910-1914     85-89     0.23055  0.69783  2.17    6695    4672   20265    26489   3.96
1910-1914     90-94     0.30596  0.79949  2.01    2023    1617    5286     6223   3.08
1910-1914     95-99     0.42296  0.89426  1.77     406     363     858      937   2.31
1910-1914    100-104    0.53576  0.94338  1.57      43      40      76       79   1.85
1910-1914    105-109    0.64552  0.96928  1.39       2       2       4        4   1.54
1910-1914    110+       0.72957  1.00000  1.37       0       0       0        0   1.37
1915-1919        0      0.10022  0.09370  0.31  100000    9370   93493  4714703  47.15
1915-1919      1-4      0.01615  0.06195  1.36   90630    5614  347722  4621210  50.99
1915-1919      5-9      0.00394  0.01946  2.09   85016    1655  420256  4273488  50.27
1915-1919     10-14     0.00256  0.01271  2.58   83361    1060  414237  3853232  46.22
1915-1919     15-19     0.00966  0.04749  3.27   82301    3909  404749  3438995  41.79
1915-1919     20-24     0.01868  0.08918  2.46   78392    6991  374178  3034247  38.71
1915-1919     25-29     0.01628  0.07807  2.38   71401    5574  342395  2660069  37.26
1915-1919     30-34     0.01198  0.05805  2.35   65827    3821  318995  2317673  35.21
1915-1919     35-39     0.00987  0.04814  2.46   62006    2985  302457  1998678  32.23
1915-1919     40-44     0.00950  0.04637  2.48   59021    2737  288216  1696221  28.74
1915-1919     45-49     0.01116  0.05432  2.60   56284    3058  274089  1408005  25.02
1915-1919     50-54     0.01518  0.07323  2.60   53226    3898  256765  1133916  21.30
1915-1919     55-59     0.02094  0.09980  2.65   49329    4923  235065   877151  17.78
1915-1919     60-64     0.03108  0.14464  2.61   44406    6423  206683   642086  14.46
1915-1919     65-69     0.04645  0.20892  2.59   37983    7935  170824   435404  11.46
1915-1919     70-74     0.07376  0.31270  2.57   30048    9396  127381   264579   8.81
1915-1919     75-79     0.11559  0.44464  2.41   20652    9183   79438   137199   6.64
1915-1919     80-84     0.16531  0.57559  2.36   11469    6602   39934    57761   5.04
1915-1919     85-89     0.25205  0.73181  2.14    4868    3562   14133    17827   3.66
1915-1919     90-94     0.33510  0.82763  1.94    1305    1080    3224     3693   2.83
1915-1919     95-99     0.47169  0.92019  1.69     225     207     439      469   2.08
1915-1919    100-104    0.59565  0.96001  1.47      18      17      29       30   1.67
1915-1919    105-109    0.70962  0.97884  1.30       1       1       1        1   1.41
1915-1919    110+       0.79237  1.00000  1.26       0       0       0        0   1.26
1920-1924        0      0.08248  0.07801  0.31  100000    7801   94582  5811508  58.12
1920-1924      1-4      0.01048  0.04076  1.31   92199    3758  358701  5716926  62.01
1920-1924      5-9      0.00268  0.01332  2.12   88441    1178  438813  5358225  60.59
1920-1924     10-14     0.00177  0.00883  2.56   87263     771  434435  4919412  56.37
1920-1924     15-19     0.00267  0.01325  2.65   86493    1146  429774  4484977  51.85
1920-1924     20-24     0.00338  0.01676  2.55   85347    1431  423230  4055203  47.51
1920-1924     25-29     0.00372  0.01841  2.54   83916    1545  415778  3631973  43.28
1920-1924     30-34     0.00421  0.02084  2.57   82371    1716  407678  3216195  39.05
1920-1924     35-39     0.00524  0.02587  2.59   80654    2087  398234  2808517  34.82
1920-1924     40-44     0.00647  0.03186  2.58   78568    2503  386789  2410283  30.68
1920-1924     45-49     0.00865  0.04235  2.61   76065    3221  372620  2023494  26.60
1920-1924     50-54     0.01210  0.05884  2.66   72843    4286  354165  1650874  22.66
1920-1924     55-59     0.01753  0.08418  2.64   68557    5771  329186  1296709  18.91
1920-1924     60-64     0.02669  0.12559  2.65   62786    7885  295428   967523  15.41
1920-1924     65-69     0.04114  0.18719  2.60   54900   10277  249832   672096  12.24
1920-1924     70-74     0.06507  0.28113  2.58   44623   12545  192783   422263   9.46
1920-1924     75-79     0.10260  0.40697  2.46   32078   13055  127246   229480   7.15
1920-1924     80-84     0.15275  0.54633  2.39   19023   10393   68039   102234   5.37
1920-1924     85-89     0.22945  0.69647  2.18    8630    6011   26196    34194   3.96
1920-1924     90-94     0.30771  0.80199  2.02    2620    2101    6827     7998   3.05
1920-1924     95-99     0.43320  0.90070  1.76     519     467    1078     1171   2.26
1920-1924    100-104    0.55276  0.94891  1.54      52      49      88       92   1.79
1920-1924    105-109    0.66751  0.97308  1.36       3       3       4        4   1.49
1920-1924    110+       0.75385  1.00000  1.33       0       0       0        0   1.33
1925-1929        0      0.07343  0.06983  0.30  100000    6983   95087  5928967  59.29
1925-1929      1-4      0.00935  0.03648  1.30   93017    3393  362914  5833880  62.72
1925-1929      5-9      0.00238  0.01182  2.12   89624    1060  445071  5470966  61.04
1925-1929     10-14     0.00159  0.00794  2.59   88565     703  441131  5025895  56.75
1925-1929     15-19     0.00252  0.01253  2.66   87862    1101  436738  4584764  52.18
1925-1929     20-24     0.00312  0.01548  2.52   86761    1343  430475  4148025  47.81
1925-1929     25-29     0.00337  0.01669  2.53   85418    1425  423567  3717550  43.52
1925-1929     30-34     0.00373  0.01848  2.56   83993    1552  416181  3293983  39.22
1925-1929     35-39     0.00473  0.02337  2.62   82441    1927  407618  2877803  34.91
1925-1929     40-44     0.00623  0.03068  2.59   80514    2470  396620  2470185  30.68
1925-1929     45-49     0.00844  0.04140  2.64   78044    3231  382594  2073565  26.57
1925-1929     50-54     0.01190  0.05786  2.63   74813    4329  363816  1690971  22.60
1925-1929     55-59     0.01711  0.08224  2.66   70484    5797  338840  1327155  18.83
1925-1929     60-64     0.02608  0.12290  2.65   64688    7950  304785   988315  15.28
1925-1929     65-69     0.04160  0.18911  2.60   56738   10730  257910   683530  12.05
1925-1929     70-74     0.06643  0.28626  2.59   46008   13170  198251   425619   9.25
1925-1929     75-79     0.10774  0.42261  2.45   32838   13877  128801   227368   6.92
1925-1929     80-84     0.15844  0.55980  2.38   18960   10614   66990    98567   5.20
1925-1929     85-89     0.24216  0.71680  2.15    8346    5983   24706    31577   3.78
1925-1929     90-94     0.32521  0.82042  1.98    2364    1939    5963     6872   2.91
1925-1929     95-99     0.45829  0.91399  1.71     424     388     847      909   2.14
1925-1929    100-104    0.58219  0.95687  1.49      37      35      60       62   1.71
1925-1929    105-109    0.69765  0.97737  1.32       2       2       2        2   1.43
1925-1929    110+       0.78234  1.00000  1.28       0       0       0        0   1.28
1930-1934        0      0.06487  0.06192  0.27  100000    6192   95456  6106397  61.06
1930-1934      1-4      0.00697  0.02738  1.40   93808    2568  368559  6010941  64.08
1930-1934      5-9      0.00225  0.01118  2.10   91240    1020  453244  5642382  61.84
1930-1934     10-14     0.00146  0.00727  2.57   90220     656  449503  5189138  57.52
1930-1934     15-19     0.00239  0.01187  2.69   89564    1063  445364  4739635  52.92
1930-1934     20-24     0.00301  0.01494  2.52   88500    1322  439222  4294271  48.52
1930-1934     25-29     0.00313  0.01552  2.53   87178    1353  432556  3855049  44.22
1930-1934     30-34     0.00344  0.01704  2.57   85825    1463  425571  3422492  39.88
1930-1934     35-39     0.00429  0.02125  2.60   84363    1792  417508  2996921  35.52
1930-1934     40-44     0.00557  0.02747  2.60   82570    2268  407410  2579413  31.24
1930-1934     45-49     0.00792  0.03889  2.64   80302    3123  394126  2172003  27.05
1930-1934     50-54     0.01124  0.05476  2.65   77179    4226  375948  1777877  23.04
1930-1934     55-59     0.01637  0.07880  2.66   72953    5749  351283  1401929  19.22
1930-1934     60-64     0.02491  0.11769  2.66   67204    7909  317517  1050645  15.63
1930-1934     65-69     0.03928  0.17948  2.60   59295   10642  270967   733129  12.36
1930-1934     70-74     0.06378  0.27644  2.59   48652   13449  210856   462162   9.50
1930-1934     75-79     0.10229  0.40670  2.48   35203   14317  139967   251306   7.14
1930-1934     80-84     0.15334  0.54750  2.39   20886   11435   74575   111340   5.33
1930-1934     85-89     0.23362  0.70246  2.16    9451    6639   28417    36765   3.89
1930-1934     90-94     0.31775  0.81226  1.99    2812    2284    7188     8348   2.97
1930-1934     95-99     0.44580  0.90775  1.74     528     479    1075     1160   2.20
1930-1934    100-104    0.56919  0.95360  1.51      49      46      82       85   1.74
1930-1934    105-109    0.68584  0.97582  1.33       2       2       3        3   1.45
1930-1934    110+       0.77233  1.00000  1.29       0       0       0        0   1.29
1935-1939        0      0.05786  0.05542  0.24  100000    5542   95794  6297761  62.98
1935-1939      1-4      0.00475  0.01878  1.47   94458    1774  373345  6201966  65.66
1935-1939      5-9      0.00186  0.00926  2.13   92684     858  460955  5828622  62.89
1935-1939     10-14     0.00118  0.00589  2.58   91826     541  457819  5367667  58.45
1935-1939     15-19     0.00194  0.00965  2.67   91285     881  454368  4909848  53.79
1935-1939     20-24     0.00262  0.01299  2.55   90404    1175  449142  4455480  49.28
1935-1939     25-29     0.00269  0.01337  2.51   89229    1193  443182  4006338  44.90
1935-1939     30-34     0.00291  0.01443  2.55   88036    1271  437072  3563156  40.47
1935-1939     35-39     0.00371  0.01838  2.60   86766    1595  430004  3126084  36.03
1935-1939     40-44     0.00490  0.02421  2.61   85171    2062  420928  2696080  31.65
1935-1939     45-49     0.00714  0.03511  2.67   83109    2918  408750  2275152  27.38
1935-1939     50-54     0.01074  0.05235  2.64   80191    4198  391060  1866402  23.27
1935-1939     55-59     0.01576  0.07601  2.68   75993    5776  366534  1475342  19.41
1935-1939     60-64     0.02471  0.11681  2.66   70217    8202  331883  1108808  15.79
1935-1939     65-69     0.03808  0.17455  2.62   62014   10825  284292   776925  12.53
1935-1939     70-74     0.06176  0.26898  2.60   51190   13769  222943   492633   9.62
1935-1939     75-79     0.10051  0.40074  2.47   37420   14996  149193   269690   7.21
1935-1939     80-84     0.15160  0.54294  2.39   22425   12175   80310   120497   5.37
1935-1939     85-89     0.22988  0.69757  2.18   10249    7150   31101    40187   3.92
1935-1939     90-94     0.32326  0.82068  2.00    3100    2544    7869     9086   2.93
1935-1939     95-99     0.44754  0.90881  1.73     556     505    1129     1217   2.19
1935-1939    100-104    0.57284  0.95465  1.51      51      48      84       88   1.73
1935-1939    105-109    0.69089  0.97655  1.33       2       2       3        3   1.44
1935-1939    110+       0.77795  1.00000  1.29       0       0       0        0   1.29
1940-1944        0      0.05439  0.05220  0.23  100000    5220   95974  6216037  62.16
1940-1944      1-4      0.00391  0.01550  1.57   94780    1469  375545  6120063  64.57
1940-1944      5-9      0.00166  0.00824  2.16   93311     769  464375  5744518  61.56
1940-1944     10-14     0.00118  0.00589  2.61   92542     545  461406  5280143  57.06
1940-1944     15-19     0.00355  0.01761  3.01   91997    1620  456769  4818738  52.38
1940-1944     20-24     0.00579  0.02855  2.54   90377    2580  445535  4361969  48.26
1940-1944     25-29     0.00470  0.02319  2.36   87797    2036  433614  3916434  44.61
1940-1944     30-34     0.00408  0.02020  2.46   85761    1732  424402  3482820  40.61
1940-1944     35-39     0.00407  0.02013  2.54   84029    1691  415984  3058418  36.40
1940-1944     40-44     0.00494  0.02439  2.59   82337    2008  406854  2642434  32.09
1940-1944     45-49     0.00691  0.03399  2.65   80330    2730  395224  2235580  27.83
1940-1944     50-54     0.01029  0.05023  2.66   77599    3898  378880  1840357  23.72
1940-1944     55-59     0.01541  0.07437  2.66   73702    5481  355704  1461477  19.83
1940-1944     60-64     0.02349  0.11130  2.66   68220    7593  323312  1105772  16.21
1940-1944     65-69     0.03655  0.16806  2.61   60627   10189  278746   782461  12.91
1940-1944     70-74     0.05746  0.25249  2.60   50438   12735  221633   503715   9.99
1940-1944     75-79     0.09397  0.38072  2.51   37703   14354  152756   282082   7.48
1940-1944     80-84     0.14447  0.52580  2.41   23349   12277   84980   129326   5.54
1940-1944     85-89     0.22433  0.68920  2.20   11072    7631   34015    44346   4.01
1940-1944     90-94     0.31319  0.80958  2.02    3441    2786    8895    10331   3.00
1940-1944     95-99     0.44662  0.90876  1.74     655     595    1333     1436   2.19
1940-1944    100-104    0.57641  0.95580  1.50      60      57      99      103   1.72
1940-1944    105-109    0.69819  0.97762  1.32       3       3       4        4   1.43
1940-1944    110+       0.78714  1.00000  1.27       0       0       0        0   1.27
1945-1949        0      0.04045  0.03915  0.18  100000    3915   96787  6652215  66.52
1945-1949      1-4      0.00197  0.00784  1.56   96085     753  382503  6555427  68.22
1945-1949      5-9      0.00087  0.00434  2.23   95332     414  475518  6172925  64.75
1945-1949     10-14     0.00071  0.00352  2.63   94919     335  473802  5697407  60.02
1945-1949     15-19     0.00204  0.01017  3.04   94584     962  471033  5223605  55.23
1945-1949     20-24     0.00353  0.01750  2.47   93622    1639  463959  4752572  50.76
1945-1949     25-29     0.00292  0.01451  2.42   91983    1334  456473  4288613  46.62
1945-1949     30-34     0.00272  0.01348  2.46   90649    1222  450145  3832141  42.27
1945-1949     35-39     0.00281  0.01395  2.56   89427    1248  444090  3381996  37.82
1945-1949     40-44     0.00366  0.01814  2.65   88179    1599  437129  2937905  33.32
1945-1949     45-49     0.00569  0.02806  2.68   86580    2430  427258  2500777  28.88
1945-1949     50-54     0.00868  0.04254  2.66   84150    3580  412389  2073519  24.64
1945-1949     55-59     0.01345  0.06523  2.69   80570    5256  390716  1661130  20.62
1945-1949     60-64     0.02137  0.10176  2.67   75314    7664  358690  1270415  16.87
1945-1949     65-69     0.03292  0.15272  2.64   67650   10332  313873   911724  13.48
1945-1949     70-74     0.05352  0.23721  2.61   57319   13597  254049   597851  10.43
1945-1949     75-79     0.08670  0.35685  2.52   43722   15602  179955   343802   7.86
1945-1949     80-84     0.13479  0.50075  2.43   28120   14081  104466   163847   5.83
1945-1949     85-89     0.20899  0.66153  2.23   14039    9287   44439    59381   4.23
1945-1949     90-94     0.29706  0.78961  2.03    4752    3752   12631    14943   3.14
1945-1949     95-99     0.42152  0.89487  1.78    1000     895    2122     2312   2.31
1945-1949    100-104    0.54901  0.94837  1.55     105     100     182      190   1.80
1945-1949    105-109    0.67226  0.97409  1.35       5       5       8        8   1.48
1945-1949    110+       0.76455  1.00000  1.31       0       0       0        0   1.31
1950-1954        0      0.02832  0.02765  0.14  100000    2765   97612  6954894  69.55
1950-1954      1-4      0.00123  0.00492  1.55   97235     478  387767  6857281  70.52
1950-1954      5-9      0.00050  0.00251  2.24   96757     243  483114  6469514  66.86
1950-1954     10-14     0.00043  0.00214  2.61   96514     207  482075  5986400  62.03
1950-1954     15-19     0.00072  0.00359  2.71   96307     345  480742  5504325  57.15
1950-1954     20-24     0.00104  0.00521  2.56   95961     500  478589  5023583  52.35
1950-1954     25-29     0.00121  0.00602  2.57   95462     575  475913  4544993  47.61
1950-1954     30-34     0.00146  0.00726  2.57   94887     689  472762  4069081  42.88
1950-1954     35-39     0.00197  0.00980  2.63   94198     923  468803  3596319  38.18
1950-1954     40-44     0.00294  0.01462  2.68   93275    1364  463207  3127515  33.53
1950-1954     45-49     0.00496  0.02453  2.71   91911    2254  454391  2664308  28.99
1950-1954     50-54     0.00818  0.04016  2.69   89657    3601  439968  2209917  24.65
1950-1954     55-59     0.01308  0.06350  2.69   86056    5464  417653  1769950  20.57
1950-1954     60-64     0.02106  0.10039  2.68   80592    8091  384161  1352297  16.78
1950-1954     65-69     0.03349  0.15518  2.63   72501   11250  335891   968136  13.35
1950-1954     70-74     0.05376  0.23825  2.62   61251   14593  271453   632244  10.32
1950-1954     75-79     0.08866  0.36357  2.53   46657   16963  191337   360791   7.73
1950-1954     80-84     0.13872  0.51117  2.43   29694   15179  109418   169454   5.71
1950-1954     85-89     0.21492  0.67252  2.22   14515    9762   45421    60037   4.14
1950-1954     90-94     0.30541  0.80081  2.03    4754    3807   12464    14615   3.07
1950-1954     95-99     0.42984  0.89955  1.77     947     852    1982     2151   2.27
1950-1954    100-104    0.55670  0.95049  1.54      95      90     162      169   1.78
1950-1954    105-109    0.67842  0.97494  1.35       5       5       7        7   1.47
1950-1954    110+       0.76928  1.00000  1.30       0       0       0        0   1.30
1955-1959        0      0.02386  0.02337  0.12  100000    2337   97945  7076528  70.77
1955-1959      1-4      0.00093  0.00370  1.60   97663     362  389786  6978583  71.46
1955-1959      5-9      0.00041  0.00206  2.25   97302     200  485957  6588797  67.72
1955-1959     10-14     0.00035  0.00173  2.62   97101     168  485106  6102840  62.85
1955-1959     15-19     0.00061  0.00305  2.72   96933     296  483991  5617734  57.95
1955-1959     20-24     0.00081  0.00405  2.52   96637     392  482215  5133743  53.12
1955-1959     25-29     0.00090  0.00448  2.57   96245     431  480180  4651528  48.33
1955-1959     30-34     0.00114  0.00567  2.63   95814     543  477783  4171348  43.54
1955-1959     35-39     0.00167  0.00834  2.66   95271     795  474496  3693565  38.77
1955-1959     40-44     0.00264  0.01312  2.69   94476    1239  469522  3219070  34.07
1955-1959     45-49     0.00444  0.02197  2.72   93237    2049  461519  2749548  29.49
1955-1959     50-54     0.00757  0.03720  2.71   91188    3392  448163  2288029  25.09
1955-1959     55-59     0.01261  0.06125  2.68   87796    5378  426508  1839866  20.96
1955-1959     60-64     0.02013  0.09616  2.67   82418    7925  393641  1413358  17.15
1955-1959     65-69     0.03194  0.14848  2.63   74493   11060  346240  1019717  13.69
1955-1959     70-74     0.05160  0.22968  2.61   63433   14569  282369   673477  10.62
1955-1959     75-79     0.08363  0.34656  2.53   48864   16934  202494   391108   8.00
1955-1959     80-84     0.13151  0.49185  2.44   31929   15704  119417   188614   5.91
1955-1959     85-89     0.20672  0.65867  2.25   16225   10687   51696    69197   4.26
1955-1959     90-94     0.29538  0.78863  2.05    5538    4368   14786    17501   3.16
1955-1959     95-99     0.42010  0.89416  1.79    1171    1047    2492     2715   2.32
1955-1959    100-104    0.54903  0.94851  1.55     124     118     214      223   1.80
1955-1959    105-109    0.67432  0.97447  1.35       6       6       9        9   1.48
1955-1959    110+       0.76824  1.00000  1.30       0       0       0        0   1.30
1960-1964        0      0.02193  0.02151  0.11  100000    2151   98093  7121307  71.21
1960-1964      1-4      0.00086  0.00343  1.59   97849     336  390587  7023214  71.78
1960-1964      5-9      0.00040  0.00200  2.31   97513     195  487040  6632626  68.02
1960-1964     10-14     0.00032  0.00162  2.60   97318     158  486210  6145586  63.15
1960-1964     15-19     0.00066  0.00329  2.81   97160     320  485100  5659376  58.25
1960-1964     20-24     0.00079  0.00395  2.46   96841     383  483232  5174276  53.43
1960-1964     25-29     0.00081  0.00402  2.57   96458     388  481347  4691044  48.63
1960-1964     30-34     0.00104  0.00521  2.63   96070     500  479163  4209697  43.82
1960-1964     35-39     0.00160  0.00797  2.70   95569     762  476093  3730534  39.03
1960-1964     40-44     0.00261  0.01296  2.69   94807    1228  471204  3254441  34.33
1960-1964     45-49     0.00436  0.02159  2.70   93579    2020  463252  2783237  29.74
1960-1964     50-54     0.00726  0.03570  2.70   91559    3269  450264  2319985  25.34
1960-1964     55-59     0.01223  0.05949  2.70   88290    5252  429347  1869720  21.18
1960-1964     60-64     0.02018  0.09634  2.66   83038    8000  396433  1440374  17.35
1960-1964     65-69     0.03145  0.14637  2.63   75038   10983  349200  1043941  13.91
1960-1964     70-74     0.05015  0.22384  2.60   64055   14338  285918   694740  10.85
1960-1964     75-79     0.08018  0.33462  2.53   49717   16636  207482   408822   8.22
1960-1964     80-84     0.12623  0.47750  2.45   33080   15796  125133   201340   6.09
1960-1964     85-89     0.19782  0.64134  2.26   17285   11085   56039    76207   4.41
1960-1964     90-94     0.28586  0.77894  2.08    6199    4829   16893    20168   3.25
1960-1964     95-99     0.40650  0.88587  1.82    1370    1214    2986     3276   2.39
1960-1964    100-104    0.53511  0.94435  1.57     156     148     276      289   1.85
1960-1964    105-109    0.66172  0.97261  1.37       9       8      13       13   1.51
1960-1964    110+       0.75743  1.00000  1.32       0       0       0        0   1.32
1965-1969        0      0.01874  0.01843  0.11  100000    1843   98361  7187205  71.87
1965-1969      1-4      0.00080  0.00320  1.62   98157     314  391880  7088844  72.22
1965-1969      5-9      0.00037  0.00183  2.34   97843     179  488738  6696964  68.45
1965-1969     10-14     0.00033  0.00165  2.63   97664     162  487936  6208226  63.57
1965-1969     15-19     0.00068  0.00342  2.74   97502     333  486757  5720290  58.67
1965-1969     20-24     0.00071  0.00355  2.49   97169     345  484982  5233533  53.86
1965-1969     25-29     0.00075  0.00375  2.55   96825     363  483235  4748551  49.04
1965-1969     30-34     0.00095  0.00476  2.64   96462     459  481226  4265315  44.22
1965-1969     35-39     0.00149  0.00744  2.70   96003     714  478375  3784089  39.42
1965-1969     40-44     0.00258  0.01281  2.70   95289    1221  473638  3305714  34.69
1965-1969     45-49     0.00437  0.02162  2.70   94068    2034  465654  2832076  30.11
1965-1969     50-54     0.00718  0.03533  2.70   92034    3251  452681  2366421  25.71
1965-1969     55-59     0.01177  0.05730  2.69   88783    5087  432163  1913740  21.56
1965-1969     60-64     0.01944  0.09298  2.68   83695    7782  400386  1481578  17.70
1965-1969     65-69     0.03108  0.14470  2.62   75913   10985  353399  1081192  14.24
1965-1969     70-74     0.04838  0.21677  2.60   64929   14074  290913   727793  11.21
1965-1969     75-79     0.07521  0.31685  2.52   50854   16113  214240   436880   8.59
1965-1969     80-84     0.11771  0.45286  2.45   34741   15733  133656   222640   6.41
1965-1969     85-89     0.18269  0.61159  2.30   19008   11625   63633    88984   4.68
1965-1969     90-94     0.26847  0.75559  2.11    7383    5578   20779    25351   3.43
1965-1969     95-99     0.38123  0.86857  1.87    1804    1567    4111     4572   2.53
1965-1969    100-104    0.50746  0.93497  1.62     237     222     437      461   1.94
1965-1969    105-109    0.63493  0.96813  1.41      15      15      24       24   1.57
1965-1969    110+       0.73318  1.00000  1.36       0       0       1        1   1.36
1970-1974        0      0.01726  0.01700  0.11  100000    1700   98493  7234244  72.34
1970-1974      1-4      0.00071  0.00282  1.62   98300     277  392539  7135750  72.59
1970-1974      5-9      0.00034  0.00168  2.31   98023     165  489670  6743212  68.79
1970-1974     10-14     0.00029  0.00144  2.60   97858     141  488951  6253541  63.90
1970-1974     15-19     0.00064  0.00320  2.79   97717     312  487895  5764590  58.99
1970-1974     20-24     0.00071  0.00353  2.41   97405     344  486135  5276695  54.17
1970-1974     25-29     0.00069  0.00343  2.55   97061     333  484489  4790560  49.36
1970-1974     30-34     0.00089  0.00442  2.64   96728     428  482629  4306071  44.52
1970-1974     35-39     0.00137  0.00683  2.68   96300     658  479974  3823442  39.70
1970-1974     40-44     0.00245  0.01219  2.72   95642    1166  475554  3343468  34.96
1970-1974     45-49     0.00437  0.02161  2.71   94476    2042  467705  2867914  30.36
1970-1974     50-54     0.00722  0.03550  2.67   92434    3281  454533  2400209  25.97
1970-1974     55-59     0.01153  0.05615  2.68   89153    5006  434138  1945675  21.82
1970-1974     60-64     0.01850  0.08867  2.66   84148    7461  403245  1511537  17.96
1970-1974     65-69     0.02992  0.13971  2.63   76686   10714  358074  1108292  14.45
1970-1974     70-74     0.04741  0.21273  2.59   65973   14034  296031   750218  11.37
1970-1974     75-79     0.07327  0.31021  2.53   51938   16112  219890   454187   8.74
1970-1974     80-84     0.11429  0.44282  2.46   35826   15865  138812   234297   6.54
1970-1974     85-89     0.17678  0.59872  2.31   19962   11952   67605    95485   4.78
1970-1974     90-94     0.26422  0.75110  2.13    8010    6017   22771    27880   3.48
1970-1974     95-99     0.37633  0.86523  1.88    1994    1725    4584     5109   2.56
1970-1974    100-104    0.50475  0.93418  1.63     269     251     497      525   1.95
1970-1974    105-109    0.63489  0.96822  1.41      18      17      27       28   1.57
1970-1974    110+       0.73502  1.00000  1.36       1       1       1        1   1.36
1975-1979        0      0.01413  0.01395  0.12  100000    1395   98773  7313144  73.13
1975-1979      1-4      0.00057  0.00227  1.63   98605     224  393890  7214371  73.16
1975-1979      5-9      0.00028  0.00141  2.35   98381     139  491538  6820482  69.33
1975-1979     10-14     0.00025  0.00126  2.63   98242     124  490918  6328944  64.42
1975-1979     15-19     0.00062  0.00308  2.85   98118     302  489944  5838026  59.50
1975-1979     20-24     0.00068  0.00341  2.44   97817     334  488229  5348081  54.67
1975-1979     25-29     0.00067  0.00337  2.53   97483     328  486602  4859852  49.85
1975-1979     30-34     0.00083  0.00413  2.65   97154     402  484827  4373251  45.01
1975-1979     35-39     0.00129  0.00641  2.70   96753     620  482338  3888424  40.19
1975-1979     40-44     0.00220  0.01093  2.73   96133    1051  478282  3406085  35.43
1975-1979     45-49     0.00398  0.01971  2.73   95082    1874  471158  2927804  30.79
1975-1979     50-54     0.00694  0.03413  2.68   93207    3181  458658  2456646  26.36
1975-1979     55-59     0.01111  0.05416  2.66   90026    4876  438716  1997988  22.19
1975-1979     60-64     0.01776  0.08524  2.66   85150    7258  408745  1559272  18.31
1975-1979     65-69     0.02823  0.13230  2.63   77892   10305  365042  1150527  14.77
1975-1979     70-74     0.04495  0.20292  2.60   67587   13715  305084   785485  11.62
1975-1979     75-79     0.07080  0.30139  2.53   53872   16236  229317   480401   8.92
1975-1979     80-84     0.11067  0.43212  2.46   37636   16263  146949   251084   6.67
1975-1979     85-89     0.17210  0.58880  2.32   21373   12584   73122   104135   4.87
1975-1979     90-94     0.25962  0.74407  2.13    8788    6539   25188    31013   3.53
1975-1979     95-99     0.37174  0.86196  1.89    2249    1939    5215     5825   2.59
1975-1979    100-104    0.50169  0.93319  1.64     310     290     578      610   1.97
1975-1979    105-109    0.63388  0.96812  1.41      21      20      32       33   1.57
1975-1979    110+       0.73557  1.00000  1.36       1       1       1        1   1.36
1980-1984        0      0.01087  0.01077  0.13  100000    1077   99060  7430833  74.31
1980-1984      1-4      0.00046  0.00185  1.58   98923     183  395251  7331773  74.12
1980-1984      5-9      0.00023  0.00114  2.37   98740     113  493404  6936522  70.25
1980-1984     10-14     0.00023  0.00117  2.65   98627     115  492865  6443118  65.33
1980-1984     15-19     0.00055  0.00275  2.84   98512     271  491974  5950253  60.40
1980-1984     20-24     0.00060  0.00298  2.43   98241     292  490453  5458279  55.56
1980-1984     25-29     0.00063  0.00315  2.55   97948     309  488987  4967826  50.72
1980-1984     30-34     0.00077  0.00384  2.61   97640     375  487305  4478839  45.87
1980-1984     35-39     0.00113  0.00564  2.68   97265     549  485055  3991534  41.04
1980-1984     40-44     0.00193  0.00959  2.72   96716     927  481466  3506479  36.26
1980-1984     45-49     0.00346  0.01715  2.73   95789    1642  475217  3025013  31.58
1980-1984     50-54     0.00607  0.02991  2.72   94147    2816  464310  2549796  27.08
1980-1984     55-59     0.01039  0.05074  2.68   91330    4634  445906  2085486  22.83
1980-1984     60-64     0.01674  0.08054  2.64   86696    6983  417028  1639579  18.91
1980-1984     65-69     0.02618  0.12324  2.63   79714    9824  375311  1222551  15.34
1980-1984     70-74     0.04160  0.18916  2.61   69889   13220  317805   847240  12.12
1980-1984     75-79     0.06532  0.28151  2.55   56669   15953  244238   529435   9.34
1980-1984     80-84     0.10326  0.40939  2.47   40716   16669  161422   285197   7.00
1980-1984     85-89     0.15992  0.56165  2.35   24047   13506   84458   123775   5.15
1980-1984     90-94     0.24264  0.71945  2.17   10541    7584   31255    39317   3.73
1980-1984     95-99     0.35086  0.84514  1.93    2957    2499    7123     8062   2.73
1980-1984    100-104    0.47980  0.92456  1.68     458     423     883      939   2.05
1980-1984    105-109    0.61368  0.96433  1.44      35      33      54       56   1.62
1980-1984    110+       0.71796  1.00000  1.39       1       1       2        2   1.39
1985-1989        0      0.00925  0.00917  0.13  100000     917   99202  7521744  75.22
1985-1989      1-4      0.00042  0.00168  1.58   99083     167  395928  7422541  74.91
1985-1989      5-9      0.00019  0.00095  2.38   98916      94  494334  7026613  71.04
1985-1989     10-14     0.00021  0.00105  2.72   98822     104  493874  6532279  66.10
1985-1989     15-19     0.00050  0.00249  2.82   98718     246  493056  6038405  61.17
1985-1989     20-24     0.00059  0.00293  2.45   98472     289  491626  5545349  56.31
1985-1989     25-29     0.00059  0.00293  2.56   98184     288  490214  5053723  51.47
1985-1989     30-34     0.00077  0.00385  2.62   97895     377  488580  4563509  46.62
1985-1989     35-39     0.00109  0.00544  2.65   97518     531  486341  4074929  41.79
1985-1989     40-44     0.00176  0.00876  2.70   96987     850  482986  3588587  37.00
1985-1989     45-49     0.00307  0.01523  2.70   96137    1464  477321  3105602  32.30
1985-1989     50-54     0.00524  0.02587  2.71   94673    2450  467751  2628281  27.76
1985-1989     55-59     0.00916  0.04485  2.71   92223    4136  451630  2160529  23.43
1985-1989     60-64     0.01568  0.07565  2.66   88087    6663  424861  1708900  19.40
1985-1989     65-69     0.02477  0.11697  2.62   81424    9524  384479  1284038  15.77
1985-1989     70-74     0.03907  0.17867  2.61   71899   12846  328811   899560  12.51
1985-1989     75-79     0.06151  0.26735  2.56   59053   15788  256671   570749   9.67
1985-1989     80-84     0.09731  0.39097  2.49   43265   16915  173824   314077   7.26
1985-1989     85-89     0.15229  0.54343  2.37   26350   14319   94030   140253   5.32
1985-1989     90-94     0.23361  0.70583  2.20   12030    8491   36349    46223   3.84
1985-1989     95-99     0.34148  0.83720  1.96    3539    2963    8676     9875   2.79
1985-1989    100-104    0.47219  0.92155  1.69     576     531    1124     1198   2.08
1985-1989    105-109    0.60949  0.96365  1.45      45      44      71       74   1.63
1985-1989    110+       0.71694  1.00000  1.39       2       2       2        2   1.39
1990-1994        0      0.00693  0.00689  0.13  100000     689   99404  7635706  76.36
1990-1994      1-4      0.00034  0.00134  1.57   99311     133  396921  7536302  75.89
1990-1994      5-9      0.00016  0.00080  2.43   99178      79  495687  7139381  71.99
1990-1994     10-14     0.00018  0.00090  2.75   99099      90  495294  6643694  67.04
1990-1994     15-19     0.00046  0.00231  2.82   99010     229  494550  6148400  62.10
1990-1994     20-24     0.00060  0.00300  2.49   98781     296  493161  5653850  57.24
1990-1994     25-29     0.00063  0.00314  2.55   98485     310  491665  5160689  52.40
1990-1994     30-34     0.00078  0.00390  2.61   98175     383  489962  4669024  47.56
1990-1994     35-39     0.00111  0.00552  2.67   97792     540  487701  4179063  42.73
1990-1994     40-44     0.00167  0.00833  2.67   97252     810  484376  3691362  37.96
1990-1994     45-49     0.00270  0.01344  2.69   96443    1296  479222  3206986  33.25
1990-1994     50-54     0.00463  0.02289  2.69   95146    2178  470701  2727764  28.67
1990-1994     55-59     0.00780  0.03830  2.70   92968    3561  456662  2257062  24.28
1990-1994     60-64     0.01357  0.06579  2.69   89407    5882  433455  1800400  20.14
1990-1994     65-69     0.02276  0.10799  2.64   83525    9019  396363  1366946  16.37
1990-1994     70-74     0.03606  0.16598  2.60   74506   12366  342904   970583  13.03
1990-1994     75-79     0.05655  0.24873  2.58   62139   15456  273307   627679  10.10
1990-1994     80-84     0.09039  0.36878  2.50   46684   17216  190459   354372   7.59
1990-1994     85-89     0.14272  0.52006  2.39   29468   15325  107379   163913   5.56
1990-1994     90-94     0.22193  0.68668  2.22   14143    9712   43758    56534   4.00
1990-1994     95-99     0.32874  0.82548  1.98    4431    3658   11127    12776   2.88
1990-1994    100-104    0.45959  0.91601  1.72     773     708    1541     1649   2.13
1990-1994    105-109    0.59935  0.96165  1.47      65      62     104      108   1.66
1990-1994    110+       0.70977  1.00000  1.41       2       2       4        4   1.41
1995-1999        0      0.00595  0.00592  0.14  100000     592   99489  7725143  77.25
1995-1999      1-4      0.00028  0.00111  1.54   99408     110  397361  7625654  76.71
1995-1999      5-9      0.00012  0.00062  2.42   99298      62  496330  7228293  72.79
1995-1999     10-14     0.00016  0.00078  2.73   99236      77  496005  6731963  67.84
1995-1999     15-19     0.00043  0.00214  2.90   99159     213  495348  6235958  62.89
1995-1999     20-24     0.00059  0.00293  2.52   98946     290  494013  5740610  58.02
1995-1999     25-29     0.00065  0.00323  2.56   98656     319  492506  5246597  53.18
1995-1999     30-34     0.00079  0.00393  2.59   98337     387  490755  4754091  48.34
1995-1999     35-39     0.00106  0.00530  2.65   97951     519  488534  4263337  43.53
1995-1999     40-44     0.00164  0.00816  2.68   97431     795  485315  3774802  38.74
1995-1999     45-49     0.00256  0.01271  2.67   96636    1228  480318  3289487  34.04
1995-1999     50-54     0.00419  0.02075  2.70   95408    1980  472483  2809169  29.44
1995-1999     55-59     0.00698  0.03435  2.69   93428    3209  459725  2336686  25.01
1995-1999     60-64     0.01163  0.05663  2.68   90219    5109  439249  1876961  20.80
1995-1999     65-69     0.01986  0.09490  2.67   85110    8077  406737  1437712  16.89
1995-1999     70-74     0.03332  0.15440  2.63   77033   11894  356959  1030976  13.38
1995-1999     75-79     0.05297  0.23471  2.57   65139   15289  288613   674017  10.35
1995-1999     80-84     0.08652  0.35629  2.52   49851   17761  205280   385404   7.73
1995-1999     85-89     0.13926  0.51180  2.41   32089   16423  117932   180124   5.61
1995-1999     90-94     0.22340  0.69005  2.23   15666   10810   48391    62191   3.97
1995-1999     95-99     0.33379  0.83091  1.98    4856    4035   12087    13800   2.84
1995-1999    100-104    0.47026  0.92132  1.70     821     756    1609     1713   2.09
1995-1999    105-109    0.61474  0.96504  1.45      65      62     101      105   1.62
1995-1999    110+       0.72741  1.00000  1.37       2       2       3        3   1.37
2000-2004        0      0.00538  0.00535  0.14  100000     535   99539  7850166  78.50
2000-2004      1-4      0.00023  0.00092  1.58   99465      92  397638  7750628  77.92
2000-2004      5-9      0.00011  0.00053  2.39   99373      53  496729  7352990  73.99
2000-2004     10-14     0.00013  0.00066  2.74   99321      65  496456  6856261  69.03
2000-2004     15-19     0.00037  0.00184  2.94   99255     182  495901  6359805  64.08
2000-2004     20-24     0.00052  0.00259  2.52   99073     257  494729  5863904  59.19
2000-2004     25-29     0.00059  0.00294  2.57   98816     290  493376  5369174  54.33
2000-2004     30-34     0.00076  0.00378  2.61   98526     372  491740  4875799  49.49
2000-2004     35-39     0.00102  0.00509  2.63   98154     499  489589  4384059  44.67
2000-2004     40-44     0.00153  0.00761  2.67   97655     743  486545  3894470  39.88
2000-2004     45-49     0.00246  0.01225  2.70   96912    1187  481824  3407925  35.17
2000-2004     50-54     0.00385  0.01910  2.65   95724    1828  474333  2926100  30.57
2000-2004     55-59     0.00610  0.03006  2.68   93896    2822  462934  2451767  26.11
2000-2004     60-64     0.01007  0.04920  2.67   91074    4481  444912  1988833  21.84
2000-2004     65-69     0.01644  0.07915  2.67   86593    6854  417024  1543922  17.83
2000-2004     70-74     0.02786  0.13082  2.67   79739   10431  374361  1126897  14.13
2000-2004     75-79     0.04720  0.21201  2.60   69307   14694  311339   752537  10.86
2000-2004     80-84     0.07917  0.33147  2.55   54613   18102  228651   441197   8.08
2000-2004     85-89     0.13143  0.49153  2.44   36511   17946  136544   212546   5.82
2000-2004     90-94     0.21403  0.67465  2.26   18565   12525   58518    76002   4.09
2000-2004     95-99     0.32649  0.82438  2.00    6040    4979   15251    17484   2.89
2000-2004    100-104    0.46565  0.91956  1.71    1061     975    2095     2233   2.11
2000-2004    105-109    0.61360  0.96497  1.45      85      82     134      138   1.62
2000-2004    110+       0.72892  1.00000  1.37       3       3       4        4   1.37
2005-2009        0      0.00494  0.00491  0.14  100000     491   99577  7979314  79.79
2005-2009      1-4      0.00021  0.00083  1.55   99509      83  397832  7879737  79.19
2005-2009      5-9      0.00010  0.00048  2.43   99426      48  497006  7481906  75.25
2005-2009     10-14     0.00012  0.00058  2.74   99378      58  496759  6984900  70.29
2005-2009     15-19     0.00033  0.00163  2.90   99320     162  496261  6488141  65.33
2005-2009     20-24     0.00045  0.00227  2.50   99158     225  495231  5991880  60.43
2005-2009     25-29     0.00053  0.00264  2.58   98934     261  494038  5496650  55.56
2005-2009     30-34     0.00070  0.00351  2.65   98673     346  492549  5002612  50.70
2005-2009     35-39     0.00099  0.00494  2.63   98326     485  490481  4510063  45.87
2005-2009     40-44     0.00147  0.00732  2.65   97841     716  487523  4019582  41.08
2005-2009     45-49     0.00224  0.01116  2.67   97125    1083  483101  3532059  36.37
2005-2009     50-54     0.00356  0.01767  2.67   96042    1697  476257  3048958  31.75
2005-2009     55-59     0.00554  0.02734  2.65   94344    2580  465670  2572701  27.27
2005-2009     60-64     0.00877  0.04296  2.68   91765    3943  449678  2107031  22.96
2005-2009     65-69     0.01412  0.06833  2.67   87822    6001  425101  1657354  18.87
2005-2009     70-74     0.02314  0.10978  2.67   81821    8983  388145  1232253  15.06
2005-2009     75-79     0.03998  0.18269  2.65   72838   13307  332862   844107  11.59
2005-2009     80-84     0.06969  0.29819  2.58   59532   17752  254738   511245   8.59
2005-2009     85-89     0.12002  0.46039  2.47   41780   19235  160271   256507   6.14
2005-2009     90-94     0.20165  0.65237  2.29   22545   14708   72935    96236   4.27
2005-2009     95-99     0.31600  0.81456  2.03    7837    6384   20202    23301   2.97
2005-2009    100-104    0.45911  0.91703  1.73    1453    1333    2903     3099   2.13
2005-2009    105-109    0.61225  0.96493  1.45     121     116     190      196   1.62
2005-2009    110+       0.73152  1.00000  1.37       4       4       6        6   1.37
2010-2014        0      0.00415  0.00413  0.14  100000     413   99645  8105094  81.05
2010-2014      1-4      0.00017  0.00069  1.50   99587      69  398175  8005449  80.39
2010-2014      5-9      0.00009  0.00043  2.44   99518      42  497480  7607275  76.44
2010-2014     10-14     0.00009  0.00047  2.71   99475      47  497271  7109794  71.47
2010-2014     15-19     0.00024  0.00119  2.91   99429     118  496898  6612524  66.51
2010-2014     20-24     0.00036  0.00180  2.56   99311     179  496117  6115626  61.58
2010-2014     25-29     0.00045  0.00223  2.60   99132     221  495129  5619509  56.69
2010-2014     30-34     0.00062  0.00308  2.63   98911     305  493832  5124380  51.81
2010-2014     35-39     0.00091  0.00455  2.68   98606     449  491990  4630548  46.96
2010-2014     40-44     0.00138  0.00689  2.66   98158     676  489205  4138558  42.16
2010-2014     45-49     0.00204  0.01014  2.64   97481     988  485078  3649353  37.44
2010-2014     50-54     0.00315  0.01563  2.68   96493    1508  478966  3164276  32.79
2010-2014     55-59     0.00501  0.02477  2.68   94985    2353  469466  2685310  28.27
2010-2014     60-64     0.00784  0.03850  2.65   92632    3567  454781  2215843  23.92
2010-2014     65-69     0.01220  0.05930  2.67   89065    5282  433019  1761062  19.77
2010-2014     70-74     0.02040  0.09737  2.66   83783    8158  399853  1328043  15.85
2010-2014     75-79     0.03433  0.15883  2.65   75625   12012  349908   928191  12.27
2010-2014     80-84     0.06124  0.26718  2.61   63614   16996  277522   578282   9.09
2010-2014     85-89     0.10947  0.43012  2.51   46618   20051  183168   300761   6.45
2010-2014     90-94     0.19105  0.63168  2.32   26566   16781   87837   117593   4.43
2010-2014     95-99     0.30713  0.80599  2.05    9785    7887   25678    29756   3.04
2010-2014    100-104    0.45518  0.91575  1.74    1898    1738    3819     4078   2.15
2010-2014    105-109    0.61462  0.96568  1.45     160     154     251      259   1.62
2010-2014    110+       0.73837  1.00000  1.35       5       5       7        7   1.35
2015-2019        0      0.00390  0.00389  0.14  100000     389   99666  8137048  81.37
2015-2019      1-4      0.00014  0.00058  1.55   99611      58  398304  8037382  80.69
2015-2019      5-9      0.00007  0.00036  2.36   99554      36  497674  7639078  76.73
2015-2019     10-14     0.00009  0.00044  2.72   99518      44  497490  7141404  71.76
2015-2019     15-19     0.00023  0.00117  2.91   99474     116  497127  6643914  66.79
2015-2019     20-24     0.00036  0.00179  2.54   99358     177  496352  6146787  61.87
2015-2019     25-29     0.00044  0.00222  2.60   99180     220  495374  5650435  56.97
2015-2019     30-34     0.00062  0.00311  2.64   98960     308  494075  5155061  52.09
2015-2019     35-39     0.00091  0.00455  2.65   98652     449  492204  4660986  47.25
2015-2019     40-44     0.00138  0.00686  2.67   98203     674  489449  4168782  42.45
2015-2019     45-49     0.00210  0.01043  2.65   97530    1017  485260  3679333  37.73
2015-2019     50-54     0.00311  0.01545  2.64   96513    1491  479043  3194072  33.09
2015-2019     55-59     0.00479  0.02367  2.67   95022    2249  469860  2715029  28.57
2015-2019     60-64     0.00761  0.03736  2.67   92772    3466  455775  2245169  24.20
2015-2019     65-69     0.01177  0.05728  2.65   89306    5116  434524  1789394  20.04
2015-2019     70-74     0.01906  0.09125  2.68   84190    7682  403105  1354870  16.09
2015-2019     75-79     0.03299  0.15309  2.66   76508   11713  355083   951765  12.44
2015-2019     80-84     0.05893  0.25850  2.63   64796   16750  284238   596682   9.21
2015-2019     85-89     0.10724  0.42362  2.52   48046   20353  189787   312444   6.50
2015-2019     90-94     0.19007  0.63046  2.33   27693   17459   91859   122657   4.43
2015-2019     95-99     0.31055  0.81026  2.05   10234    8292   26700    30798   3.01
2015-2019    100-104    0.46383  0.92020  1.72    1942    1787    3852     4098   2.11
2015-2019    105-109    0.62765  0.96829  1.43     155     150     239      246   1.58
2015-2019    110+       0.75300  1.00000  1.33       5       5       7        7   1.33
