Iceland, Life tables (period 5x5), Total	Last modified: 02 Jun 2022;  Methods Protocol: v6 (2017)

  Year          Age         mx       qx    ax      lx      dx      Lx       Tx     ex
1838-1839        0      0.39836  0.31211  0.31  100000   31211   78348  3026384  30.26
1838-1839      1-4      0.03833  0.13917  1.34   68789    9573  249736  2948036  42.86
1838-1839      5-9      0.01005  0.04895  2.37   59216    2898  288444  2698300  45.57
1838-1839     10-14     0.00600  0.02948  2.18   56317    1660  276899  2409857  42.79
1838-1839     15-19     0.00674  0.03324  2.86   54657    1817  269402  2132958  39.02
1838-1839     20-24     0.01348  0.06535  2.68   52840    3453  256203  1863555  35.27
1838-1839     25-29     0.01224  0.05921  2.26   49387    2924  238929  1607352  32.55
1838-1839     30-34     0.01172  0.05712  2.78   46463    2654  226438  1368423  29.45
1838-1839     35-39     0.01555  0.07478  2.44   43809    3276  210667  1141985  26.07
1838-1839     40-44     0.01788  0.08563  2.54   40533    3471  194145   931318  22.98
1838-1839     45-49     0.02119  0.10053  2.47   37062    3726  175868   737174  19.89
1838-1839     50-54     0.03180  0.14834  2.74   33336    4945  155502   561306  16.84
1838-1839     55-59     0.03868  0.17629  2.49   28391    5005  129390   405804  14.29
1838-1839     60-64     0.05406  0.23805  2.49   23386    5567  102972   276414  11.82
1838-1839     65-69     0.06050  0.26272  2.50   17819    4681   77382   173441   9.73
1838-1839     70-74     0.11026  0.43021  2.45   13138    5652   51259    96059   7.31
1838-1839     75-79     0.14266  0.51006  2.21    7486    3818   26765    44799   5.98
1838-1839     80-84     0.17895  0.59934  2.25    3668    2198   12284    18034   4.92
1838-1839     85-89     0.23447  0.70182  2.14    1469    1031    4398     5751   3.91
1838-1839     90-94     0.30816  0.79955  1.99     438     350    1137     1352   3.09
1838-1839     95-99     0.39705  0.87647  1.81      88      77     194      216   2.45
1838-1839    100-104    0.49411  0.92742  1.63      11      10      20       22   2.00
1838-1839    105-109    0.59002  0.95714  1.47       1       1       1        1   1.69
1838-1839    110+       0.66319  1.00000  1.51       0       0       0        0   1.51
1840-1844        0      0.33897  0.27441  0.31  100000   27441   80953  3473927  34.74
1840-1844      1-4      0.02336  0.08776  1.22   72559    6368  272547  3392974  46.76
1840-1844      5-9      0.00507  0.02508  2.76   66192    1660  327241  3120427  47.14
1840-1844     10-14     0.00437  0.02159  2.44   64532    1393  319086  2793186  43.28
1840-1844     15-19     0.00627  0.03091  2.70   63138    1952  311202  2474099  39.19
1840-1844     20-24     0.01058  0.05158  2.59   61187    3156  298314  2162898  35.35
1840-1844     25-29     0.01085  0.05285  2.54   58031    3067  282602  1864584  32.13
1840-1844     30-34     0.01340  0.06486  2.52   54964    3565  265972  1581982  28.78
1840-1844     35-39     0.01659  0.07977  2.58   51399    4100  247085  1316011  25.60
1840-1844     40-44     0.02036  0.09691  2.53   47299    4584  225167  1068926  22.60
1840-1844     45-49     0.02275  0.10767  2.52   42715    4599  202183   843759  19.75
1840-1844     50-54     0.02891  0.13492  2.53   38116    5143  177855   641575  16.83
1840-1844     55-59     0.03832  0.17550  2.61   32973    5787  151017   463720  14.06
1840-1844     60-64     0.05598  0.24538  2.49   27186    6671  119167   312703  11.50
1840-1844     65-69     0.07042  0.29917  2.49   20515    6138   87151   193536   9.43
1840-1844     70-74     0.10160  0.40451  2.48   14378    5816   57242   106385   7.40
1840-1844     75-79     0.14629  0.52820  2.37    8562    4522   30913    49143   5.74
1840-1844     80-84     0.20182  0.64372  2.19    4039    2600   12884    18230   4.51
1840-1844     85-89     0.25273  0.72741  2.08    1439    1047    4142     5345   3.71
1840-1844     90-94     0.31304  0.80229  1.96     392     315    1005     1203   3.07
1840-1844     95-99     0.38263  0.86412  1.83      78      67     175      198   2.55
1840-1844    100-104    0.45894  0.91021  1.69      11      10      21       23   2.15
1840-1844    105-109    0.53689  0.94133  1.55       1       1       2        2   1.85
1840-1844    110+       0.59854  1.00000  1.67       0       0       0        0   1.67
1845-1849        0      0.43545  0.33439  0.31  100000   33439   76791  3256713  32.57
1845-1849      1-4      0.02715  0.10121  1.32   66561    6737  248174  3179922  47.77
1845-1849      5-9      0.00563  0.02776  2.51   59825    1661  294991  2931748  49.01
1845-1849     10-14     0.00523  0.02579  2.46   58164    1500  287005  2636757  45.33
1845-1849     15-19     0.00659  0.03244  2.70   56664    1838  279084  2349751  41.47
1845-1849     20-24     0.00931  0.04549  2.50   54826    2494  267905  2070667  37.77
1845-1849     25-29     0.01016  0.04955  2.50   52332    2593  255174  1802762  34.45
1845-1849     30-34     0.01068  0.05208  2.59   49739    2591  242454  1547588  31.11
1845-1849     35-39     0.01357  0.06561  2.50   47148    3093  228002  1305134  27.68
1845-1849     40-44     0.01569  0.07554  2.53   44055    3328  212043  1077132  24.45
1845-1849     45-49     0.01812  0.08683  2.62   40727    3536  195207   865089  21.24
1845-1849     50-54     0.02694  0.12636  2.55   37191    4699  174429   669882  18.01
1845-1849     55-59     0.03073  0.14284  2.54   32491    4641  151024   495453  15.25
1845-1849     60-64     0.05227  0.23166  2.55   27850    6452  123436   344429  12.37
1845-1849     65-69     0.06291  0.27157  2.48   21399    5811   92371   220993  10.33
1845-1849     70-74     0.09519  0.38343  2.47   15587    5977   62786   128622   8.25
1845-1849     75-79     0.12367  0.46834  2.41    9611    4501   36396    65836   6.85
1845-1849     80-84     0.14605  0.52523  2.33    5110    2684   18376    29440   5.76
1845-1849     85-89     0.19586  0.63410  2.22    2426    1538    7854    11064   4.56
1845-1849     90-94     0.25794  0.73663  2.09     888     654    2535     3211   3.62
1845-1849     95-99     0.33250  0.82356  1.94     234     193     579      676   2.89
1845-1849    100-104    0.41814  0.88936  1.77      41      37      88       97   2.34
1845-1849    105-109    0.51135  0.93386  1.60       5       4       8        9   1.94
1845-1849    110+       0.58912  1.00000  1.70       0       0       1        1   1.70
1850-1854        0      0.27156  0.22850  0.31  100000   22850   84142  4004484  40.04
1850-1854      1-4      0.03155  0.11729  1.60   77150    9049  286868  3920342  50.81
1850-1854      5-9      0.00999  0.04848  2.00   68101    3302  330606  3633474  53.35
1850-1854     10-14     0.00451  0.02228  2.42   64799    1444  320262  3302868  50.97
1850-1854     15-19     0.00484  0.02392  2.62   63355    1516  313173  2982606  47.08
1850-1854     20-24     0.00788  0.03868  2.69   61839    2392  303663  2669433  43.17
1850-1854     25-29     0.00855  0.04179  2.35   59448    2484  290657  2365770  39.80
1850-1854     30-34     0.00713  0.03503  2.49   56963    1996  279818  2075113  36.43
1850-1854     35-39     0.00960  0.04696  2.70   54968    2581  268898  1795295  32.66
1850-1854     40-44     0.01248  0.06048  2.47   52387    3168  253913  1526397  29.14
1850-1854     45-49     0.01316  0.06372  2.52   49218    3136  238328  1272484  25.85
1850-1854     50-54     0.01580  0.07612  2.59   46082    3508  221957  1034156  22.44
1850-1854     55-59     0.02103  0.10007  2.59   42574    4260  202608   812199  19.08
1850-1854     60-64     0.03177  0.14764  2.61   38314    5657  178074   609591  15.91
1850-1854     65-69     0.04867  0.21711  2.52   32657    7090  145680   431516  13.21
1850-1854     70-74     0.05693  0.24884  2.47   25567    6362  111751   285837  11.18
1850-1854     75-79     0.07379  0.31080  2.46   19205    5969   80890   174085   9.06
1850-1854     80-84     0.10352  0.41014  2.47   13236    5429   52439    93196   7.04
1850-1854     85-89     0.15849  0.55784  2.35    7808    4355   27480    40757   5.22
1850-1854     90-94     0.23495  0.70614  2.18    3452    2438   10376    13277   3.85
1850-1854     95-99     0.33335  0.82804  1.96    1014     840    2520     2901   2.86
1850-1854    100-104    0.44860  0.90899  1.73     174     159     353      381   2.18
1850-1854    105-109    0.56975  0.95357  1.51      16      15      27       28   1.74
1850-1854    110+       0.66595  1.00000  1.50       1       1       1        1   1.50
1855-1859        0      0.29273  0.24331  0.31  100000   24331   83117  3640499  36.40
1855-1859      1-4      0.03018  0.11253  1.59   75669    8515  282166  3557382  47.01
1855-1859      5-9      0.01135  0.05492  2.04   67154    3688  324867  3275216  48.77
1855-1859     10-14     0.00454  0.02241  2.26   63466    1422  313437  2950349  46.49
1855-1859     15-19     0.00582  0.02875  2.78   62044    1784  306266  2636912  42.50
1855-1859     20-24     0.00900  0.04404  2.53   60260    2654  294744  2330647  38.68
1855-1859     25-29     0.01031  0.05030  2.55   57606    2898  280943  2035903  35.34
1855-1859     30-34     0.00998  0.04867  2.44   54709    2663  266728  1754959  32.08
1855-1859     35-39     0.01298  0.06292  2.59   52046    3275  252322  1488231  28.59
1855-1859     40-44     0.01476  0.07120  2.54   48771    3472  235319  1235909  25.34
1855-1859     45-49     0.01678  0.08052  2.50   45299    3647  217366  1000591  22.09
1855-1859     50-54     0.02292  0.10857  2.58   41652    4522  197315   783225  18.80
1855-1859     55-59     0.03029  0.14110  2.58   37130    5239  172976   585910  15.78
1855-1859     60-64     0.04470  0.20134  2.54   31891    6421  143636   412934  12.95
1855-1859     65-69     0.06216  0.26922  2.51   25470    6857  110303   269298  10.57
1855-1859     70-74     0.09250  0.37134  2.35   18613    6912   74719   158995   8.54
1855-1859     75-79     0.10456  0.41112  2.40   11701    4811   46008    84276   7.20
1855-1859     80-84     0.15640  0.54908  2.29    6890    3783   24191    38269   5.55
1855-1859     85-89     0.20022  0.64102  2.19    3107    1992    9948    14078   4.53
1855-1859     90-94     0.25302  0.72814  2.09    1115     812    3210     4130   3.70
1855-1859     95-99     0.31600  0.80581  1.96     303     244     773      920   3.04
1855-1859    100-104    0.39013  0.87021  1.82      59      51     131      147   2.50
1855-1859    105-109    0.47562  0.91918  1.66       8       7      15       16   2.08
1855-1859    110+       0.55108  1.00000  1.81       1       1       1        1   1.81
1860-1864        0      0.33212  0.26992  0.31  100000   26992   81269  2811465  28.11
1860-1864      1-4      0.05313  0.18789  1.53   73008   13718  258202  2730196  37.40
1860-1864      5-9      0.01733  0.08248  2.08   59291    4890  282186  2471994  41.69
1860-1864     10-14     0.00823  0.04028  2.37   54400    2191  266239  2189808  40.25
1860-1864     15-19     0.00864  0.04229  2.54   52209    2208  255615  1923569  36.84
1860-1864     20-24     0.01224  0.05949  2.66   50001    2975  243056  1667955  33.36
1860-1864     25-29     0.01480  0.07132  2.44   47026    3354  226555  1424898  30.30
1860-1864     30-34     0.01531  0.07378  2.56   43672    3222  210516  1198344  27.44
1860-1864     35-39     0.01758  0.08416  2.46   40450    3404  193616   987828  24.42
1860-1864     40-44     0.02101  0.09992  2.55   37046    3702  176158   794212  21.44
1860-1864     45-49     0.02623  0.12329  2.57   33344    4111  156745   618054  18.54
1860-1864     50-54     0.03153  0.14606  2.48   29234    4270  135405   461309  15.78
1860-1864     55-59     0.04407  0.19894  2.56   24964    4966  112685   325903  13.06
1860-1864     60-64     0.05945  0.25982  2.58   19997    5196   87392   213219  10.66
1860-1864     65-69     0.08807  0.35931  2.44   14802    5318   60387   125827   8.50
1860-1864     70-74     0.10510  0.41394  2.44    9483    3926   37350    65439   6.90
1860-1864     75-79     0.18354  0.61530  2.32    5558    3420   18632    28089   5.05
1860-1864     80-84     0.20685  0.65286  2.18    2138    1396    6748     9457   4.42
1860-1864     85-89     0.25808  0.73493  2.07     742     545    2114     2709   3.65
1860-1864     90-94     0.31825  0.80750  1.95     197     159     499      595   3.02
1860-1864     95-99     0.38597  0.86617  1.82      38      33      85       96   2.53
1860-1864    100-104    0.45871  0.90975  1.68       5       5      10       11   2.15
1860-1864    105-109    0.53306  0.93987  1.56       0       0       1        1   1.86
1860-1864    110+       0.59232  1.00000  1.69       0       0       0        0   1.69
1865-1869        0      0.31982  0.26171  0.31  100000   26171   81831  3197550  31.98
1865-1869      1-4      0.03644  0.13341  1.46   73829    9850  270325  3115719  42.20
1865-1869      5-9      0.00989  0.04807  2.08   63980    3075  310910  2845394  44.47
1865-1869     10-14     0.00663  0.03263  2.52   60904    1987  299590  2534484  41.61
1865-1869     15-19     0.00877  0.04299  2.69   58917    2533  288724  2234893  37.93
1865-1869     20-24     0.01190  0.05777  2.47   56384    3257  273691  1946169  34.52
1865-1869     25-29     0.01277  0.06191  2.55   53127    3289  257586  1672479  31.48
1865-1869     30-34     0.01327  0.06417  2.45   49838    3198  241046  1414893  28.39
1865-1869     35-39     0.01558  0.07513  2.62   46640    3504  224869  1173846  25.17
1865-1869     40-44     0.01902  0.09067  2.44   43136    3911  205662   948978  22.00
1865-1869     45-49     0.02205  0.10468  2.60   39225    4106  186258   743316  18.95
1865-1869     50-54     0.03408  0.15763  2.62   35118    5536  162422   557058  15.86
1865-1869     55-59     0.04237  0.19140  2.48   29583    5662  133634   394636  13.34
1865-1869     60-64     0.06185  0.26780  2.50   23921    6406  103580   261002  10.91
1865-1869     65-69     0.07883  0.33015  2.54   17515    5782   73352   157421   8.99
1865-1869     70-74     0.11285  0.43510  2.37   11732    5105   45232    84069   7.17
1865-1869     75-79     0.14068  0.51505  2.40    6628    3414   24264    38837   5.86
1865-1869     80-84     0.19200  0.62954  2.27    3214    2023   10538    14573   4.53
1865-1869     85-89     0.27489  0.76246  2.08    1191     908    3303     4034   3.39
1865-1869     90-94     0.37383  0.86123  1.87     283     244     652      732   2.59
1865-1869     95-99     0.48209  0.92351  1.66      39      36      75       80   2.04
1865-1869    100-104    0.59225  0.95858  1.47       3       3       5        5   1.68
1865-1869    105-109    0.69586  0.97683  1.32       0       0       0        0   1.43
1865-1869    110+       0.77352  1.00000  1.29       0       0       0        0   1.29
1870-1874        0      0.27748  0.23268  0.31  100000   23268   83854  3469166  34.69
1870-1874      1-4      0.03973  0.14405  1.40   76732   11053  278223  3385312  44.12
1870-1874      5-9      0.00875  0.04263  1.96   65679    2800  319883  3107089  47.31
1870-1874     10-14     0.00649  0.03195  2.56   62880    2009  309504  2787206  44.33
1870-1874     15-19     0.00719  0.03536  2.58   60870    2152  299154  2477702  40.70
1870-1874     20-24     0.01099  0.05356  2.64   58718    3145  286172  2178547  37.10
1870-1874     25-29     0.01116  0.05423  2.37   55573    3014  269937  1892376  34.05
1870-1874     30-34     0.01212  0.05891  2.65   52559    3096  255516  1622439  30.87
1870-1874     35-39     0.01541  0.07417  2.47   49463    3669  238022  1366923  27.64
1870-1874     40-44     0.01654  0.07952  2.59   45794    3642  220183  1128901  24.65
1870-1874     45-49     0.01978  0.09418  2.46   42153    3970  200665   908718  21.56
1870-1874     50-54     0.02419  0.11418  2.55   38183    4360  180247   708053  18.54
1870-1874     55-59     0.03241  0.15046  2.63   33823    5089  157042   527806  15.60
1870-1874     60-64     0.04669  0.20919  2.52   28734    6011  128739   370764  12.90
1870-1874     65-69     0.06425  0.27554  2.42   22723    6261   97455   242025  10.65
1870-1874     70-74     0.07698  0.32345  2.53   16462    5325   69174   144570   8.78
1870-1874     75-79     0.11597  0.44500  2.39   11137    4956   42735    75396   6.77
1870-1874     80-84     0.15790  0.55566  2.33    6181    3435   21752    32662   5.28
1870-1874     85-89     0.22728  0.69262  2.18    2747    1902    8370    10909   3.97
1870-1874     90-94     0.31554  0.80930  1.99     844     683    2165     2539   3.01
1870-1874     95-99     0.42025  0.89274  1.78     161     144     342      374   2.32
1870-1874    100-104    0.53418  0.94302  1.57      17      16      30       32   1.85
1870-1874    105-109    0.64609  0.96947  1.39       1       1       1        2   1.54
1870-1874    110+       0.73162  1.00000  1.37       0       0       0        0   1.37
1875-1879        0      0.18773  0.16609  0.31  100000   16609   88474  4040985  40.41
1875-1879      1-4      0.03706  0.13540  1.44   83391   11291  304670  3952511  47.40
1875-1879      5-9      0.00890  0.04338  2.13   72100    3128  351532  3647840  50.59
1875-1879     10-14     0.00432  0.02134  2.38   68972    1472  341001  3296308  47.79
1875-1879     15-19     0.00518  0.02557  2.68   67500    1726  333504  2955307  43.78
1875-1879     20-24     0.00812  0.03980  2.59   65774    2618  322564  2621803  39.86
1875-1879     25-29     0.00938  0.04584  2.54   63156    2895  308663  2299239  36.41
1875-1879     30-34     0.00985  0.04805  2.50   60261    2896  294069  1990577  33.03
1875-1879     35-39     0.01392  0.06738  2.62   57365    3865  277617  1696507  29.57
1875-1879     40-44     0.01429  0.06892  2.43   53500    3687  258027  1418890  26.52
1875-1879     45-49     0.01717  0.08251  2.64   49812    4110  239347  1160864  23.30
1875-1879     50-54     0.02185  0.10351  2.46   45702    4731  216492   921517  20.16
1875-1879     55-59     0.02719  0.12756  2.59   40971    5226  192248   705025  17.21
1875-1879     60-64     0.03822  0.17473  2.55   35745    6246  163431   512777  14.35
1875-1879     65-69     0.04504  0.20287  2.56   29499    5985  132874   349346  11.84
1875-1879     70-74     0.07921  0.32892  2.42   23515    7734   97650   216471   9.21
1875-1879     75-79     0.09325  0.37693  2.46   15780    5948   63786   118822   7.53
1875-1879     80-84     0.15017  0.53569  2.33    9832    5267   35074    55035   5.60
1875-1879     85-89     0.20480  0.65158  2.21    4565    2975   14525    19961   4.37
1875-1879     90-94     0.27422  0.75942  2.06    1591    1208    4405     5437   3.42
1875-1879     95-99     0.35821  0.84735  1.89     383     324     905     1032   2.70
1875-1879    100-104    0.45400  0.90983  1.71      58      53     117      126   2.17
1875-1879    105-109    0.55623  0.94895  1.53       5       5       9        9   1.79
1875-1879    110+       0.64076  1.00000  1.56       0       0       0        0   1.56
1880-1884        0      0.30016  0.24842  0.31  100000   24842   82760  3212138  32.12
1880-1884      1-4      0.05183  0.18277  1.41   75158   13737  265018  3129378  41.64
1880-1884      5-9      0.01163  0.05602  1.74   61421    3441  295881  2864360  46.63
1880-1884     10-14     0.00513  0.02535  2.61   57980    1470  286388  2568479  44.30
1880-1884     15-19     0.00767  0.03768  2.69   56511    2129  277639  2282091  40.38
1880-1884     20-24     0.01263  0.06132  2.62   54381    3334  263977  2004452  36.86
1880-1884     25-29     0.01601  0.07696  2.50   51047    3929  245420  1740476  34.10
1880-1884     30-34     0.01627  0.07818  2.50   47118    3684  226384  1495055  31.73
1880-1884     35-39     0.01531  0.07364  2.40   43434    3199  208854  1268672  29.21
1880-1884     40-44     0.01651  0.07926  2.50   40236    3189  193210  1059818  26.34
1880-1884     45-49     0.01391  0.06719  2.47   37047    2489  178947   866608  23.39
1880-1884     50-54     0.02139  0.10190  2.67   34558    3521  164593   687661  19.90
1880-1884     55-59     0.02641  0.12379  2.46   31037    3842  145443   523069  16.85
1880-1884     60-64     0.03913  0.17878  2.59   27195    4862  124258   377625  13.89
1880-1884     65-69     0.05258  0.23329  2.59   22333    5210   99085   253367  11.35
1880-1884     70-74     0.07884  0.32888  2.48   17123    5631   71424   154282   9.01
1880-1884     75-79     0.10328  0.40849  2.44   11491    4694   45450    82858   7.21
1880-1884     80-84     0.16031  0.55749  2.27    6797    3789   23639    37408   5.50
1880-1884     85-89     0.19988  0.63957  2.19    3008    1924    9625    13769   4.58
1880-1884     90-94     0.24602  0.71681  2.09    1084     777    3159     4145   3.82
1880-1884     95-99     0.29886  0.78571  1.98     307     241     807      986   3.21
1880-1884    100-104    0.35810  0.84375  1.87      66      56     155      179   2.72
1880-1884    105-109    0.42279  0.88973  1.75      10       9      22       24   2.34
1880-1884    110+       0.47577  1.00000  2.10       1       1       2        2   2.10
1885-1889        0      0.14868  0.13477  0.31  100000   13477   90644  4589360  45.89
1885-1889      1-4      0.01990  0.07581  1.50   86523    6560  329691  4498717  51.99
1885-1889      5-9      0.00519  0.02555  2.02   79963    2043  393736  4169025  52.14
1885-1889     10-14     0.00436  0.02157  2.59   77920    1681  385552  3775289  48.45
1885-1889     15-19     0.00502  0.02480  2.62   76239    1890  376698  3389737  44.46
1885-1889     20-24     0.00814  0.03993  2.65   74349    2969  364752  3013039  40.53
1885-1889     25-29     0.01001  0.04881  2.48   71380    3484  348135  2648287  37.10
1885-1889     30-34     0.00939  0.04587  2.47   67896    3114  331597  2300152  33.88
1885-1889     35-39     0.01120  0.05456  2.64   64781    3535  315570  1968555  30.39
1885-1889     40-44     0.01337  0.06463  2.43   61246    3959  296075  1652985  26.99
1885-1889     45-49     0.01532  0.07391  2.64   57288    4234  276451  1356910  23.69
1885-1889     50-54     0.02012  0.09576  2.50   53054    5080  252544  1080460  20.37
1885-1889     55-59     0.02520  0.11887  2.62   47973    5703  226297   827915  17.26
1885-1889     60-64     0.03517  0.16159  2.49   42271    6831  194237   601618  14.23
1885-1889     65-69     0.05296  0.23481  2.59   35440    8322  157144   407381  11.49
1885-1889     70-74     0.07885  0.32870  2.47   27118    8914  113041   250237   9.23
1885-1889     75-79     0.09389  0.37819  2.43   18205    6885   73331   137195   7.54
1885-1889     80-84     0.14046  0.51452  2.40   11320    5824   41466    63864   5.64
1885-1889     85-89     0.21722  0.67775  2.23    5495    3725   17147    22398   4.08
1885-1889     90-94     0.31897  0.81498  2.00    1771    1443    4525     5252   2.97
1885-1889     95-99     0.44073  0.90573  1.75     328     297     673      727   2.22
1885-1889    100-104    0.57038  0.95425  1.51      31      29      52       54   1.74
1885-1889    105-109    0.69207  0.97680  1.33       1       1       2        2   1.44
1885-1889    110+       0.78105  1.00000  1.28       0       0       0        0   1.28
1890-1894        0      0.15509  0.14002  0.31  100000   14002   90280  4641809  46.42
1890-1894      1-4      0.01664  0.06376  1.35   85998    5483  329438  4551529  52.93
1890-1894      5-9      0.00420  0.02077  2.06   80515    1672  397653  4222091  52.44
1890-1894     10-14     0.00278  0.01381  2.61   78843    1089  391616  3824439  48.51
1890-1894     15-19     0.00490  0.02423  2.72   77755    1884  384484  3432822  44.15
1890-1894     20-24     0.00751  0.03690  2.59   75871    2800  372609  3048339  40.18
1890-1894     25-29     0.00882  0.04316  2.49   73071    3154  357440  2675730  36.62
1890-1894     30-34     0.00821  0.04024  2.52   69917    2813  342616  2318290  33.16
1890-1894     35-39     0.01074  0.05231  2.54   67104    3510  326867  1975673  29.44
1890-1894     40-44     0.01210  0.05879  2.60   63594    3739  309004  1648806  25.93
1890-1894     45-49     0.01643  0.07894  2.54   59855    4725  287656  1339803  22.38
1890-1894     50-54     0.02287  0.10844  2.61   55130    5978  261370  1052147  19.08
1890-1894     55-59     0.02761  0.12928  2.54   49152    6354  230113   790776  16.09
1890-1894     60-64     0.04278  0.19439  2.65   42797    8319  194440   560664  13.10
1890-1894     65-69     0.05732  0.24991  2.44   34478    8616  150322   366223  10.62
1890-1894     70-74     0.08623  0.35649  2.57   25862    9219  106912   215901   8.35
1890-1894     75-79     0.11004  0.42894  2.43   16642    7138   64873   108989   6.55
1890-1894     80-84     0.20011  0.63792  2.16    9504    6063   30296    44116   4.64
1890-1894     85-89     0.23523  0.69928  2.10    3441    2406   10229    13820   4.02
1890-1894     90-94     0.27864  0.76010  2.01    1035     787    2823     3591   3.47
1890-1894     95-99     0.31957  0.80466  1.92     248     200     625      768   3.09
1890-1894    100-104    0.34208  0.82265  1.85      48      40     117      143   2.95
1890-1894    105-109    0.33103  0.80801  1.83       9       7      21       26   3.07
1890-1894    110+       0.30538  1.00000  3.27       2       2       5        5   3.27
1895-1899        0      0.13305  0.12180  0.31  100000   12180   91547  4938975  49.39
1895-1899      1-4      0.01428  0.05498  1.29   87820    4828  338194  4847428  55.20
1895-1899      5-9      0.00437  0.02159  2.33   82991    1791  410169  4509235  54.33
1895-1899     10-14     0.00355  0.01761  2.55   81200    1430  402501  4099065  50.48
1895-1899     15-19     0.00513  0.02533  2.65   79770    2021  394095  3696564  46.34
1895-1899     20-24     0.00742  0.03647  2.58   77749    2835  381886  3302469  42.48
1895-1899     25-29     0.00764  0.03749  2.46   74914    2808  367449  2920582  38.99
1895-1899     30-34     0.00864  0.04229  2.57   72106    3050  353133  2553133  35.41
1895-1899     35-39     0.01068  0.05203  2.54   69056    3593  336433  2200000  31.86
1895-1899     40-44     0.01102  0.05362  2.47   65463    3510  318426  1863567  28.47
1895-1899     45-49     0.01298  0.06298  2.66   61953    3902  300650  1545142  24.94
1895-1899     50-54     0.01904  0.09087  2.50   58052    5275  277051  1244492  21.44
1895-1899     55-59     0.02248  0.10665  2.61   52777    5629  250420   967441  18.33
1895-1899     60-64     0.03052  0.14197  2.54   47148    6694  219298   717020  15.21
1895-1899     65-69     0.04486  0.20283  2.64   40454    8205  182913   497722  12.30
1895-1899     70-74     0.06249  0.26971  2.46   32249    8698  139187   314809   9.76
1895-1899     75-79     0.09980  0.40132  2.56   23551    9452   94707   175622   7.46
1895-1899     80-84     0.13763  0.50646  2.39   14100    7141   51886    80915   5.74
1895-1899     85-89     0.21065  0.66633  2.24    6959    4637   22012    29029   4.17
1895-1899     90-94     0.31258  0.80849  2.01    2322    1877    6006     7018   3.02
1895-1899     95-99     0.43027  0.89878  1.76     445     400     929     1012   2.28
1895-1899    100-104    0.53763  0.94234  1.55      45      42      79       83   1.85
1895-1899    105-109    0.61587  0.96162  1.42       3       2       4        4   1.62
1895-1899    110+       0.66650  1.00000  1.50       0       0       0        0   1.50
1900-1904        0      0.11422  0.10583  0.31  100000   10583   92656  5023271  50.23
1900-1904      1-4      0.01629  0.06244  1.31   89417    5583  342631  4930614  55.14
1900-1904      5-9      0.00431  0.02131  2.33   83834    1787  414394  4587984  54.73
1900-1904     10-14     0.00372  0.01844  2.64   82047    1513  406666  4173590  50.87
1900-1904     15-19     0.00630  0.03105  2.67   80534    2501  396849  3766924  46.77
1900-1904     20-24     0.00801  0.03928  2.51   78034    3065  382535  3370075  43.19
1900-1904     25-29     0.00899  0.04398  2.52   74969    3297  366655  2987540  39.85
1900-1904     30-34     0.00800  0.03920  2.39   71672    2810  351026  2620885  36.57
1900-1904     35-39     0.00807  0.03957  2.58   68862    2725  337728  2269859  32.96
1900-1904     40-44     0.01058  0.05156  2.54   66138    3410  322287  1932131  29.21
1900-1904     45-49     0.01050  0.05117  2.50   62727    3210  305603  1609843  25.66
1900-1904     50-54     0.01400  0.06778  2.66   59518    4034  288156  1304241  21.91
1900-1904     55-59     0.02032  0.09684  2.58   55484    5373  264410  1016085  18.31
1900-1904     60-64     0.03212  0.14940  2.67   50110    7486  233093   751675  15.00
1900-1904     65-69     0.04658  0.20884  2.53   42624    8902  191103   518583  12.17
1900-1904     70-74     0.06929  0.29652  2.57   33722    9999  144309   327480   9.71
1900-1904     75-79     0.08472  0.34756  2.42   23723    8245   97322   183171   7.72
1900-1904     80-84     0.14891  0.53349  2.34   15478    8257   55450    85850   5.55
1900-1904     85-89     0.21217  0.66656  2.21    7221    4813   22685    30399   4.21
1900-1904     90-94     0.29482  0.78595  2.03    2408    1892    6418     7715   3.20
1900-1904     95-99     0.38761  0.86959  1.83     515     448    1156     1296   2.52
1900-1904    100-104    0.47429  0.91725  1.66      67      62     130      140   2.08
1900-1904    105-109    0.54683  0.94396  1.53       6       5      10       10   1.82
1900-1904    110+       0.60312  1.00000  1.66       0       0       1        1   1.66
1905-1909        0      0.12802  0.11757  0.31  100000   11757   91835  5012082  50.12
1905-1909      1-4      0.01426  0.05501  1.42   88243    4854  340433  4920247  55.76
1905-1909      5-9      0.00369  0.01828  2.24   83389    1525  412732  4579815  54.92
1905-1909     10-14     0.00396  0.01964  2.71   81865    1608  405642  4167083  50.90
1905-1909     15-19     0.00696  0.03424  2.67   80257    2748  394884  3761441  46.87
1905-1909     20-24     0.00881  0.04314  2.57   77509    3344  379418  3366558  43.43
1905-1909     25-29     0.00954  0.04651  2.37   74165    3450  361757  2987140  40.28
1905-1909     30-34     0.00713  0.03501  2.49   70715    2476  347368  2625382  37.13
1905-1909     35-39     0.00881  0.04312  2.51   68240    2943  333883  2278014  33.38
1905-1909     40-44     0.00883  0.04324  2.56   65297    2823  319585  1944131  29.77
1905-1909     45-49     0.01254  0.06087  2.59   62474    3803  303201  1624546  26.00
1905-1909     50-54     0.01379  0.06664  2.50   58671    3910  283586  1321345  22.52
1905-1909     55-59     0.01773  0.08510  2.65   54762    4660  262868  1037759  18.95
1905-1909     60-64     0.02780  0.13023  2.58   50102    6525  234735   774891  15.47
1905-1909     65-69     0.04413  0.19984  2.64   43577    8708  197321   540157  12.40
1905-1909     70-74     0.06189  0.26748  2.47   34868    9327  150708   342836   9.83
1905-1909     75-79     0.09384  0.38206  2.57   25542    9758  103986   192128   7.52
1905-1909     80-84     0.14849  0.53235  2.34   15783    8402   56584    88141   5.58
1905-1909     85-89     0.20853  0.65932  2.21    7381    4866   23337    31558   4.28
1905-1909     90-94     0.28670  0.77640  2.05    2515    1952    6810     8221   3.27
1905-1909     95-99     0.38561  0.87054  1.85     562     489    1269     1411   2.51
1905-1909    100-104    0.50602  0.93474  1.63      73      68     134      142   1.95
1905-1909    105-109    0.64354  0.97060  1.40       5       5       7        7   1.55
1905-1909    110+       0.76216  1.00000  1.31       0       0       0        0   1.31
1910-1914        0      0.08656  0.08165  0.31  100000    8165   94329  5492153  54.92
1910-1914      1-4      0.01002  0.03906  1.44   91835    3587  358156  5397824  58.78
1910-1914      5-9      0.00358  0.01773  2.31   88247    1564  437021  5039669  57.11
1910-1914     10-14     0.00289  0.01437  2.63   86683    1246  430461  4602648  53.10
1910-1914     15-19     0.00524  0.02590  2.67   85437    2212  422041  4172187  48.83
1910-1914     20-24     0.00706  0.03470  2.57   83225    2888  409102  3750146  45.06
1910-1914     25-29     0.00775  0.03803  2.54   80336    3055  394158  3341044  41.59
1910-1914     30-34     0.00783  0.03839  2.38   77281    2967  378643  2946886  38.13
1910-1914     35-39     0.00714  0.03511  2.61   74315    2609  365342  2568243  34.56
1910-1914     40-44     0.01039  0.05063  2.49   71706    3631  349426  2202901  30.72
1910-1914     45-49     0.00888  0.04345  2.52   68075    2958  333034  1853475  27.23
1910-1914     50-54     0.01340  0.06496  2.63   65117    4230  315565  1520441  23.35
1910-1914     55-59     0.01666  0.08004  2.56   60887    4873  292554  1204876  19.79
1910-1914     60-64     0.02431  0.11501  2.66   56014    6442  264981   912322  16.29
1910-1914     65-69     0.03609  0.16570  2.54   49572    8214  227613   647341  13.06
1910-1914     70-74     0.05794  0.25519  2.67   41358   10554  182165   419728  10.15
1910-1914     75-79     0.09065  0.36832  2.46   30804   11346  125163   237563   7.71
1910-1914     80-84     0.13610  0.50326  2.41   19458    9792   71947   112400   5.78
1910-1914     85-89     0.21054  0.66569  2.24    9665    6434   30561    40453   4.19
1910-1914     90-94     0.30791  0.80287  2.02    3231    2594    8426     9892   3.06
1910-1914     95-99     0.42384  0.89596  1.78     637     571    1347     1466   2.30
1910-1914    100-104    0.54856  0.94804  1.55      66      63     115      120   1.81
1910-1914    105-109    0.66873  0.97345  1.36       3       3       5        5   1.49
1910-1914    110+       0.75906  1.00000  1.32       0       0       0        0   1.32
1915-1919        0      0.06833  0.06512  0.28  100000    6512   95304  5518404  55.18
1915-1919      1-4      0.00843  0.03301  1.45   93488    3086  366097  5423100  58.01
1915-1919      5-9      0.00300  0.01488  2.13   90402    1345  448152  5057003  55.94
1915-1919     10-14     0.00301  0.01496  2.72   89057    1332  442240  4608851  51.75
1915-1919     15-19     0.00536  0.02646  2.71   87725    2322  433309  4166612  47.50
1915-1919     20-24     0.00828  0.04057  2.58   85403    3465  418618  3733302  43.71
1915-1919     25-29     0.00938  0.04582  2.52   81938    3755  400383  3314684  40.45
1915-1919     30-34     0.00972  0.04745  2.51   78183    3710  381667  2914302  37.28
1915-1919     35-39     0.00953  0.04650  2.43   74473    3463  363454  2532634  34.01
1915-1919     40-44     0.00966  0.04717  2.53   71010    3350  346783  2169181  30.55
1915-1919     45-49     0.01082  0.05268  2.52   67661    3564  329465  1822398  26.93
1915-1919     50-54     0.01283  0.06220  2.56   64097    3987  310766  1492933  23.29
1915-1919     55-59     0.01690  0.08119  2.58   60110    4880  288748  1182167  19.67
1915-1919     60-64     0.02257  0.10705  2.61   55230    5912  262000   893419  16.18
1915-1919     65-69     0.03717  0.17117  2.69   49317    8442  227123   631418  12.80
1915-1919     70-74     0.06076  0.26342  2.48   40876   10768  177219   404295   9.89
1915-1919     75-79     0.09231  0.37802  2.61   30108   11382  123299   227076   7.54
1915-1919     80-84     0.14852  0.53315  2.35   18727    9984   67222   103777   5.54
1915-1919     85-89     0.21390  0.66956  2.21    8742    5854   27366    36555   4.18
1915-1919     90-94     0.29646  0.78795  2.03    2889    2276    7678     9189   3.18
1915-1919     95-99     0.39427  0.87569  1.83     613     536    1361     1510   2.47
1915-1919    100-104    0.50212  0.93153  1.62      76      71     141      150   1.97
1915-1919    105-109    0.61147  0.96278  1.44       5       5       8        8   1.63
1915-1919    110+       0.69780  1.00000  1.43       0       0       0        0   1.43
1920-1924        0      0.06318  0.06035  0.26  100000    6035   95533  5548576  55.49
1920-1924      1-4      0.01041  0.04060  1.56   93965    3815  366565  5453043  58.03
1920-1924      5-9      0.00327  0.01619  2.10   90150    1459  446515  5086479  56.42
1920-1924     10-14     0.00283  0.01406  2.76   88691    1247  440666  4639963  52.32
1920-1924     15-19     0.00575  0.02837  2.72   87444    2481  431561  4199298  48.02
1920-1924     20-24     0.00837  0.04102  2.54   84963    3485  416238  3767736  44.35
1920-1924     25-29     0.00827  0.04050  2.44   81478    3300  398942  3351499  41.13
1920-1924     30-34     0.00778  0.03814  2.50   78178    2981  383446  2952556  37.77
1920-1924     35-39     0.00822  0.04025  2.51   75197    3027  368451  2569110  34.17
1920-1924     40-44     0.00822  0.04027  2.49   72170    2906  353559  2200659  30.49
1920-1924     45-49     0.01049  0.05113  2.59   69264    3542  337779  1847100  26.67
1920-1924     50-54     0.01277  0.06192  2.57   65722    4069  318737  1509321  22.97
1920-1924     55-59     0.01747  0.08380  2.58   61652    5167  295779  1190584  19.31
1920-1924     60-64     0.02441  0.11538  2.64   56486    6517  267045   894805  15.84
1920-1924     65-69     0.03957  0.18066  2.60   49968    9027  228139   627760  12.56
1920-1924     70-74     0.06033  0.26410  2.64   40941   10813  179223   399621   9.76
1920-1924     75-79     0.09947  0.39534  2.41   30128   11911  119742   220398   7.32
1920-1924     80-84     0.14625  0.52832  2.37   18217    9625   65811   100656   5.53
1920-1924     85-89     0.21939  0.68080  2.21    8593    5850   26664    34844   4.06
1920-1924     90-94     0.31724  0.81272  2.00    2743    2229    7027     8180   2.98
1920-1924     95-99     0.43535  0.90257  1.76     514     464    1065     1153   2.25
1920-1924    100-104    0.56179  0.95178  1.53      50      48      85       88   1.76
1920-1924    105-109    0.68056  0.97508  1.34       2       2       3        4   1.47
1920-1924    110+       0.76693  1.00000  1.30       0       0       0        0   1.30
1925-1929        0      0.05586  0.05357  0.23  100000    5357   95901  5985138  59.85
1925-1929      1-4      0.00602  0.02370  1.33   94643    2243  372591  5889237  62.23
1925-1929      5-9      0.00230  0.01145  2.43   92400    1058  459280  5516647  59.70
1925-1929     10-14     0.00237  0.01180  2.76   91342    1078  454291  5057367  55.37
1925-1929     15-19     0.00550  0.02715  2.75   90264    2451  445794  4603076  51.00
1925-1929     20-24     0.00735  0.03607  2.48   87813    3167  431078  4157282  47.34
1925-1929     25-29     0.00617  0.03036  2.43   84646    2570  416632  3726204  44.02
1925-1929     30-34     0.00669  0.03293  2.54   82076    2702  403722  3309571  40.32
1925-1929     35-39     0.00744  0.03651  2.54   79374    2898  389732  2905849  36.61
1925-1929     40-44     0.00772  0.03785  2.49   76475    2895  375104  2516117  32.90
1925-1929     45-49     0.00766  0.03758  2.52   73581    2765  361056  2141013  29.10
1925-1929     50-54     0.01067  0.05202  2.60   70816    3683  345252  1779957  25.14
1925-1929     55-59     0.01350  0.06540  2.59   67132    4390  325099  1434705  21.37
1925-1929     60-64     0.02000  0.09545  2.61   62742    5989  299410  1109606  17.69
1925-1929     65-69     0.02986  0.13947  2.64   56753    7915  265067   810196  14.28
1925-1929     70-74     0.04854  0.21718  2.58   48838   10606  218514   545129  11.16
1925-1929     75-79     0.07403  0.31448  2.61   38231   12023  162403   326615   8.54
1925-1929     80-84     0.11722  0.45264  2.48   26208   11863  101203   164212   6.27
1925-1929     85-89     0.19545  0.63930  2.30   14345    9171   46922    63009   4.39
1925-1929     90-94     0.30130  0.79718  2.05    5174    4125   13690    16087   3.11
1925-1929     95-99     0.42705  0.89869  1.78    1049     943    2208     2397   2.28
1925-1929    100-104    0.56036  0.95184  1.53     106     101     181      188   1.77
1925-1929    105-109    0.68718  0.97634  1.33       5       5       7        7   1.45
1925-1929    110+       0.78132  1.00000  1.28       0       0       0        0   1.28
1930-1934        0      0.04851  0.04671  0.21  100000    4671   96300  6190613  61.91
1930-1934      1-4      0.00457  0.01805  1.44   95329    1721  376905  6094313  63.93
1930-1934      5-9      0.00177  0.00879  2.37   93608     823  465877  5717408  61.08
1930-1934     10-14     0.00173  0.00862  2.70   92785     800  462084  5251532  56.60
1930-1934     15-19     0.00381  0.01890  2.82   91985    1739  456136  4789448  52.07
1930-1934     20-24     0.00687  0.03381  2.59   90246    3052  443870  4333312  48.02
1930-1934     25-29     0.00666  0.03275  2.44   87194    2856  428662  3889442  44.61
1930-1934     30-34     0.00634  0.03118  2.47   84338    2630  415040  3460780  41.03
1930-1934     35-39     0.00611  0.03011  2.48   81709    2460  402344  3045740  37.28
1930-1934     40-44     0.00656  0.03228  2.56   79249    2558  390009  2643396  33.36
1930-1934     45-49     0.00821  0.04025  2.62   76690    3087  376114  2253388  29.38
1930-1934     50-54     0.01079  0.05254  2.51   73603    3867  358372  1877274  25.51
1930-1934     55-59     0.01273  0.06177  2.63   69736    4308  338458  1518902  21.78
1930-1934     60-64     0.02029  0.09675  2.61   65428    6330  312028  1180443  18.04
1930-1934     65-69     0.02860  0.13383  2.61   59098    7909  276593   868415  14.69
1930-1934     70-74     0.04569  0.20580  2.59   51189   10535  230556   591823  11.56
1930-1934     75-79     0.06916  0.29560  2.54   40654   12017  173768   361267   8.89
1930-1934     80-84     0.11716  0.44998  2.42   28637   12886  109983   187499   6.55
1930-1934     85-89     0.17270  0.58922  2.30   15751    9281   53738    77516   4.92
1930-1934     90-94     0.24899  0.72697  2.14    6470    4704   18891    23778   3.67
1930-1934     95-99     0.34640  0.83951  1.93    1767    1483    4281     4887   2.77
1930-1934    100-104    0.45992  0.91432  1.71     284     259     564      605   2.14
1930-1934    105-109    0.57899  0.95584  1.50      24      23      40       42   1.72
1930-1934    110+       0.67382  1.00000  1.48       1       1       2        2   1.48
1935-1939        0      0.04387  0.04236  0.19  100000    4236   96575  6327722  63.28
1935-1939      1-4      0.00504  0.01989  1.35   95764    1904  378017  6231147  65.07
1935-1939      5-9      0.00189  0.00941  2.27   93859     884  466881  5853130  62.36
1935-1939     10-14     0.00175  0.00873  2.70   92976     811  463012  5386249  57.93
1935-1939     15-19     0.00361  0.01792  2.73   92164    1651  457080  4923237  53.42
1935-1939     20-24     0.00511  0.02524  2.53   90513    2285  446930  4466157  49.34
1935-1939     25-29     0.00502  0.02480  2.47   88228    2188  435595  4019227  45.56
1935-1939     30-34     0.00480  0.02369  2.50   86040    2039  425097  3583632  41.65
1935-1939     35-39     0.00510  0.02517  2.51   84001    2114  414737  3158535  37.60
1935-1939     40-44     0.00530  0.02615  2.52   81887    2142  404114  2743798  33.51
1935-1939     45-49     0.00665  0.03274  2.65   79745    2611  392601  2339684  29.34
1935-1939     50-54     0.00964  0.04711  2.61   77135    3634  376974  1947084  25.24
1935-1939     55-59     0.01206  0.05860  2.58   73501    4307  357068  1570109  21.36
1935-1939     60-64     0.01891  0.09053  2.66   69194    6264  331335  1213041  17.53
1935-1939     65-69     0.03121  0.14543  2.66   62930    9152  293218   881707  14.01
1935-1939     70-74     0.05262  0.23330  2.57   53778   12546  238432   588489  10.94
1935-1939     75-79     0.07557  0.31882  2.55   41232   13145  173942   350057   8.49
1935-1939     80-84     0.12706  0.47702  2.39   28086   13398  105442   176115   6.27
1935-1939     85-89     0.18021  0.60419  2.27   14689    8875   49246    70673   4.81
1935-1939     90-94     0.25001  0.72704  2.12    5814    4227   16907    21427   3.69
1935-1939     95-99     0.33645  0.82898  1.94    1587    1316    3910     4520   2.85
1935-1939    100-104    0.43627  0.90109  1.74     271     245     561      610   2.25
1935-1939    105-109    0.54278  0.94518  1.55      27      25      47       49   1.83
1935-1939    110+       0.62965  1.00000  1.59       1       1       2        2   1.59
1940-1944        0      0.04075  0.03944  0.18  100000    3944   96769  6499321  64.99
1940-1944      1-4      0.00326  0.01294  1.54   96056    1243  381173  6402551  66.65
1940-1944      5-9      0.00139  0.00691  2.33   94814     655  472318  6021378  63.51
1940-1944     10-14     0.00113  0.00562  2.74   94159     529  469602  5549060  58.93
1940-1944     15-19     0.00293  0.01456  2.82   93630    1363  465176  5079458  54.25
1940-1944     20-24     0.00483  0.02389  2.56   92267    2204  455953  4614282  50.01
1940-1944     25-29     0.00463  0.02287  2.48   90063    2060  445126  4158329  46.17
1940-1944     30-34     0.00527  0.02601  2.52   88003    2289  434336  3713202  42.19
1940-1944     35-39     0.00486  0.02399  2.47   85714    2056  423368  3278866  38.25
1940-1944     40-44     0.00549  0.02710  2.57   83658    2267  412776  2855498  34.13
1940-1944     45-49     0.00678  0.03335  2.57   81391    2714  400354  2442723  30.01
1940-1944     50-54     0.00874  0.04281  2.61   78677    3368  385333  2042368  25.96
1940-1944     55-59     0.01155  0.05619  2.63   75309    4232  366502  1657035  22.00
1940-1944     60-64     0.01761  0.08452  2.64   71077    6008  341221  1290534  18.16
1940-1944     65-69     0.02900  0.13570  2.64   65069    8830  304499   949312  14.59
1940-1944     70-74     0.04291  0.19446  2.59   56239   10936  254874   644813  11.47
1940-1944     75-79     0.07125  0.30430  2.60   45303   13786  193490   389939   8.61
1940-1944     80-84     0.12265  0.46639  2.43   31517   14699  119849   196449   6.23
1940-1944     85-89     0.18874  0.62401  2.29   16818   10494   55604    76600   4.55
1940-1944     90-94     0.27961  0.77009  2.08    6323    4870   17416    20995   3.32
1940-1944     95-99     0.39344  0.87727  1.84    1454    1275    3242     3580   2.46
1940-1944    100-104    0.52103  0.93971  1.60     178     168     322      338   1.90
1940-1944    105-109    0.64728  0.97021  1.39      11      10      16       17   1.54
1940-1944    110+       0.74298  1.00000  1.35       0       0       0        0   1.35
1945-1949        0      0.02791  0.02726  0.13  100000    2726   97642  6942230  69.42
1945-1949      1-4      0.00225  0.00895  1.66   97274     870  387057  6844588  70.36
1945-1949      5-9      0.00110  0.00546  2.27   96404     526  480581  6457531  66.98
1945-1949     10-14     0.00084  0.00421  2.64   95878     404  478436  5976950  62.34
1945-1949     15-19     0.00153  0.00764  2.75   95474     729  475729  5498514  57.59
1945-1949     20-24     0.00251  0.01246  2.61   94745    1180  470902  5022784  53.01
1945-1949     25-29     0.00300  0.01490  2.55   93564    1394  464413  4551883  48.65
1945-1949     30-34     0.00327  0.01623  2.49   92171    1496  457099  4087469  44.35
1945-1949     35-39     0.00322  0.01598  2.51   90675    1449  449769  3630370  40.04
1945-1949     40-44     0.00380  0.01883  2.63   89226    1680  442139  3180601  35.65
1945-1949     45-49     0.00552  0.02725  2.59   87546    2385  431984  2738461  31.28
1945-1949     50-54     0.00684  0.03366  2.61   85160    2866  418942  2306477  27.08
1945-1949     55-59     0.01082  0.05280  2.69   82294    4345  401425  1887534  22.94
1945-1949     60-64     0.01631  0.07851  2.64   77949    6120  375307  1486109  19.07
1945-1949     65-69     0.02463  0.11629  2.60   71829    8353  339079  1110802  15.46
1945-1949     70-74     0.03912  0.17905  2.64   63476   11365  290508   771723  12.16
1945-1949     75-79     0.06388  0.27657  2.58   52111   14412  225614   481215   9.23
1945-1949     80-84     0.10596  0.41852  2.49   37699   15778  148895   255601   6.78
1945-1949     85-89     0.17138  0.58843  2.34   21921   12899   75268   106706   4.87
1945-1949     90-94     0.26311  0.74931  2.13    9022    6760   25694    31438   3.48
1945-1949     95-99     0.37980  0.86830  1.87    2262    1964    5171     5744   2.54
1945-1949    100-104    0.51245  0.93720  1.62     298     279     545      574   1.93
1945-1949    105-109    0.64515  0.97011  1.40      19      18      28       29   1.54
1945-1949    110+       0.74609  1.00000  1.34       1       1       1        1   1.34
1950-1954        0      0.02184  0.02142  0.11  100000    2142   98102  7203617  72.04
1950-1954      1-4      0.00136  0.00542  1.69   97858     531  390206  7105515  72.61
1950-1954      5-9      0.00080  0.00399  2.22   97327     388  485557  6715309  69.00
1950-1954     10-14     0.00046  0.00232  2.61   96939     225  484157  6229752  64.26
1950-1954     15-19     0.00107  0.00534  2.69   96714     516  482376  5745595  59.41
1950-1954     20-24     0.00134  0.00668  2.60   96198     643  479447  5263220  54.71
1950-1954     25-29     0.00177  0.00881  2.54   95555     842  475701  4783773  50.06
1950-1954     30-34     0.00190  0.00943  2.61   94713     894  471435  4308073  45.49
1950-1954     35-39     0.00279  0.01384  2.59   93820    1298  465965  3836638  40.89
1950-1954     40-44     0.00324  0.01609  2.61   92522    1489  459047  3370673  36.43
1950-1954     45-49     0.00475  0.02348  2.63   91033    2138  450109  2911626  31.98
1950-1954     50-54     0.00649  0.03195  2.60   88895    2840  437658  2461517  27.69
1950-1954     55-59     0.00886  0.04337  2.62   86055    3732  421398  2023859  23.52
1950-1954     60-64     0.01414  0.06846  2.70   82323    5636  398661  1602461  19.47
1950-1954     65-69     0.02320  0.11002  2.66   76687    8437  363734  1203800  15.70
1950-1954     70-74     0.03743  0.17167  2.59   68250   11716  313039   840066  12.31
1950-1954     75-79     0.06257  0.27233  2.62   56534   15396  246061   527027   9.32
1950-1954     80-84     0.10790  0.42354  2.46   41138   17424  161475   280966   6.83
1950-1954     85-89     0.16573  0.57458  2.33   23714   13626   82218   119491   5.04
1950-1954     90-94     0.24609  0.72366  2.15   10088    7301   29666    37273   3.69
1950-1954     95-99     0.35083  0.84452  1.93    2788    2354    6711     7607   2.73
1950-1954    100-104    0.47534  0.92237  1.68     433     400     841      896   2.07
1950-1954    105-109    0.60641  0.96274  1.46      34      32      53       55   1.64
1950-1954    110+       0.70971  1.00000  1.41       1       1       2        2   1.41
1955-1959        0      0.01879  0.01848  0.11  100000    1848   98357  7315069  73.15
1955-1959      1-4      0.00100  0.00400  1.70   98152     393  391705  7216713  73.53
1955-1959      5-9      0.00044  0.00218  1.97   97759     213  488150  6825008  69.81
1955-1959     10-14     0.00049  0.00243  2.72   97546     237  487190  6336857  64.96
1955-1959     15-19     0.00075  0.00376  2.81   97309     366  485747  5849667  60.11
1955-1959     20-24     0.00142  0.00706  2.55   96943     685  483037  5363920  55.33
1955-1959     25-29     0.00118  0.00588  2.47   96259     566  479863  4880883  50.71
1955-1959     30-34     0.00155  0.00772  2.63   95692     739  476711  4401021  45.99
1955-1959     35-39     0.00202  0.01004  2.59   94954     954  472468  3924309  41.33
1955-1959     40-44     0.00262  0.01301  2.65   94000    1223  467125  3451842  36.72
1955-1959     45-49     0.00431  0.02132  2.70   92777    1978  459331  2984717  32.17
1955-1959     50-54     0.00632  0.03112  2.60   90800    2826  447210  2525386  27.81
1955-1959     55-59     0.00865  0.04238  2.66   87974    3728  431153  2078176  23.62
1955-1959     60-64     0.01379  0.06675  2.61   84246    5624  407763  1647023  19.55
1955-1959     65-69     0.02073  0.09896  2.72   78622    7780  375399  1239260  15.76
1955-1959     70-74     0.03924  0.17964  2.65   70842   12726  324282   863861  12.19
1955-1959     75-79     0.05992  0.26163  2.58   58116   15205  253741   539579   9.28
1955-1959     80-84     0.11169  0.43496  2.46   42911   18665  167112   285838   6.66
1955-1959     85-89     0.17244  0.58957  2.32   24246   14295   82900   118726   4.90
1955-1959     90-94     0.25473  0.73597  2.13    9951    7324   28752    35826   3.60
1955-1959     95-99     0.35702  0.84884  1.91    2627    2230    6247     7074   2.69
1955-1959    100-104    0.47259  0.92010  1.68     397     365     773      827   2.08
1955-1959    105-109    0.59060  0.95853  1.48      32      30      52       53   1.68
1955-1959    110+       0.68337  1.00000  1.46       1       1       2        2   1.46
1960-1964        0      0.01699  0.01674  0.11  100000    1674   98517  7353433  73.53
1960-1964      1-4      0.00116  0.00464  1.52   98326     456  392176  7254916  73.78
1960-1964      5-9      0.00040  0.00199  2.31   97870     195  488826  6862740  70.12
1960-1964     10-14     0.00040  0.00202  2.63   97675     197  487909  6373914  65.26
1960-1964     15-19     0.00063  0.00316  2.78   97478     308  486708  5886005  60.38
1960-1964     20-24     0.00123  0.00613  2.61   97170     596  484426  5399297  55.57
1960-1964     25-29     0.00110  0.00548  2.47   96574     529  481536  4914872  50.89
1960-1964     30-34     0.00133  0.00662  2.58   96046     636  478690  4433336  46.16
1960-1964     35-39     0.00165  0.00820  2.64   95410     783  475205  3954646  41.45
1960-1964     40-44     0.00279  0.01386  2.72   94627    1311  470151  3479441  36.77
1960-1964     45-49     0.00427  0.02115  2.59   93316    1973  461824  3009290  32.25
1960-1964     50-54     0.00590  0.02910  2.72   91343    2658  450649  2547466  27.89
1960-1964     55-59     0.01022  0.04989  2.61   88685    4425  432861  2096817  23.64
1960-1964     60-64     0.01286  0.06238  2.60   84260    5256  408694  1663956  19.75
1960-1964     65-69     0.02049  0.09775  2.65   79004    7722  376843  1255262  15.89
1960-1964     70-74     0.03463  0.16032  2.69   71282   11428  329996   878419  12.32
1960-1964     75-79     0.06371  0.27695  2.64   59854   16577  260194   548423   9.16
1960-1964     80-84     0.11064  0.43219  2.47   43278   18704  169047   288229   6.66
1960-1964     85-89     0.17391  0.59321  2.32   24574   14577   83819   119182   4.85
1960-1964     90-94     0.25977  0.74350  2.12    9996    7432   28610    35363   3.54
1960-1964     95-99     0.36578  0.85620  1.89    2564    2195    6002     6752   2.63
1960-1964    100-104    0.48397  0.92510  1.66     369     341     705      750   2.04
1960-1964    105-109    0.60275  0.96128  1.46      28      27      44       46   1.65
1960-1964    110+       0.69509  1.00000  1.44       1       1       2        2   1.44
1965-1969        0      0.01358  0.01342  0.12  100000    1342   98820  7364145  73.64
1965-1969      1-4      0.00094  0.00376  1.85   98658     371  393833  7265324  73.64
1965-1969      5-9      0.00043  0.00217  2.32   98287     213  490864  6871491  69.91
1965-1969     10-14     0.00033  0.00165  2.78   98074     162  490008  6380627  65.06
1965-1969     15-19     0.00093  0.00464  2.72   97911     454  488523  5890619  60.16
1965-1969     20-24     0.00110  0.00549  2.49   97457     535  485944  5402096  55.43
1965-1969     25-29     0.00123  0.00612  2.62   96922     593  483199  4916152  50.72
1965-1969     30-34     0.00163  0.00809  2.52   96329     780  479714  4432954  46.02
1965-1969     35-39     0.00162  0.00807  2.58   95550     771  475883  3953239  41.37
1965-1969     40-44     0.00252  0.01253  2.68   94778    1188  471132  3477356  36.69
1965-1969     45-49     0.00400  0.01984  2.70   93591    1856  463686  3006224  32.12
1965-1969     50-54     0.00657  0.03237  2.66   91734    2970  451713  2542538  27.72
1965-1969     55-59     0.00962  0.04700  2.61   88765    4172  433873  2090826  23.55
1965-1969     60-64     0.01365  0.06613  2.67   84593    5594  409922  1656953  19.59
1965-1969     65-69     0.02353  0.11145  2.63   78999    8804  374139  1247031  15.79
1965-1969     70-74     0.03470  0.16011  2.59   70195   11239  323879   872892  12.44
1965-1969     75-79     0.05866  0.25754  2.63   58956   15183  258839   549014   9.31
1965-1969     80-84     0.10828  0.42585  2.49   43772   18640  172149   290175   6.63
1965-1969     85-89     0.17854  0.60457  2.33   25132   15194   85100   118025   4.70
1965-1969     90-94     0.27861  0.77071  2.10    9938    7659   27491    32925   3.31
1965-1969     95-99     0.40671  0.88762  1.83    2279    2023    4973     5434   2.38
1965-1969    100-104    0.55067  0.94993  1.55     256     243     442      460   1.80
1965-1969    105-109    0.68940  0.97695  1.33      13      13      18       19   1.45
1965-1969    110+       0.79005  1.00000  1.27       0       0       0        0   1.27
1970-1974        0      0.01196  0.01183  0.12  100000    1183   98964  7409160  74.09
1970-1974      1-4      0.00072  0.00286  1.68   98817     282  394612  7310196  73.98
1970-1974      5-9      0.00041  0.00205  2.23   98534     202  492114  6915584  70.18
1970-1974     10-14     0.00024  0.00119  2.82   98333     117  491410  6423470  65.32
1970-1974     15-19     0.00077  0.00386  2.73   98216     379  490220  5932060  60.40
1970-1974     20-24     0.00096  0.00478  2.59   97837     468  488058  5441840  55.62
1970-1974     25-29     0.00131  0.00655  2.56   97369     638  485289  4953782  50.88
1970-1974     30-34     0.00143  0.00712  2.61   96731     689  482009  4468493  46.19
1970-1974     35-39     0.00205  0.01020  2.57   96043     979  477835  3986484  41.51
1970-1974     40-44     0.00237  0.01178  2.64   95064    1120  472679  3508649  36.91
1970-1974     45-49     0.00398  0.01971  2.67   93944    1852  465402  3035970  32.32
1970-1974     50-54     0.00626  0.03088  2.72   92092    2844  453968  2570568  27.91
1970-1974     55-59     0.01053  0.05136  2.62   89248    4583  435319  2116601  23.72
1970-1974     60-64     0.01423  0.06881  2.63   84665    5826  409540  1681281  19.86
1970-1974     65-69     0.02247  0.10666  2.63   78839    8409  374284  1271741  16.13
1970-1974     70-74     0.03474  0.16036  2.61   70430   11294  325121   897457  12.74
1970-1974     75-79     0.05609  0.24696  2.58   59136   14604  260389   572335   9.68
1970-1974     80-84     0.09654  0.39054  2.56   44531   17391  180153   311946   7.01
1970-1974     85-89     0.16917  0.58505  2.36   27140   15878   93860   131793   4.86
1970-1974     90-94     0.27242  0.76367  2.12   11262    8600   31570    37933   3.37
1970-1974     95-99     0.40529  0.88725  1.83    2661    2361    5826     6363   2.39
1970-1974    100-104    0.55344  0.95089  1.55     300     285     516      537   1.79
1970-1974    105-109    0.69446  0.97766  1.33      15      14      21       21   1.44
1970-1974    110+       0.79587  1.00000  1.26       0       0       0        0   1.26
1975-1979        0      0.00951  0.00943  0.13  100000     943   99180  7621641  76.22
1975-1979      1-4      0.00073  0.00290  1.60   99057     287  395540  7522462  75.94
1975-1979      5-9      0.00038  0.00192  2.40   98770     190  493356  7126922  72.16
1975-1979     10-14     0.00028  0.00142  2.75   98580     140  492585  6633566  67.29
1975-1979     15-19     0.00080  0.00399  2.69   98440     393  491292  6140980  62.38
1975-1979     20-24     0.00086  0.00428  2.43   98047     420  489157  5649688  57.62
1975-1979     25-29     0.00073  0.00362  2.53   97627     353  487264  5160532  52.86
1975-1979     30-34     0.00101  0.00505  2.60   97274     491  485193  4673268  48.04
1975-1979     35-39     0.00144  0.00716  2.70   96783     693  482317  4188075  43.27
1975-1979     40-44     0.00239  0.01187  2.65   96090    1141  477772  3705757  38.57
1975-1979     45-49     0.00337  0.01674  2.65   94949    1589  471012  3227985  34.00
1975-1979     50-54     0.00540  0.02665  2.68   93360    2488  461029  2756973  29.53
1975-1979     55-59     0.00872  0.04273  2.67   90871    3883  445292  2295944  25.27
1975-1979     60-64     0.01293  0.06273  2.62   86989    5456  421964  1850652  21.27
1975-1979     65-69     0.01968  0.09403  2.65   81532    7666  389618  1428688  17.52
1975-1979     70-74     0.02967  0.13847  2.59   73866   10228  344671  1039070  14.07
1975-1979     75-79     0.04504  0.20334  2.62   63638   12940  287330   694399  10.91
1975-1979     80-84     0.08194  0.34155  2.56   50698   17316  211321   407069   8.03
1975-1979     85-89     0.13317  0.49552  2.42   33382   16542  124211   195748   5.86
1975-1979     90-94     0.20656  0.65850  2.25   16841   11090   53688    71536   4.25
1975-1979     95-99     0.30311  0.79763  2.03    5751    4587   15134    17848   3.10
1975-1979    100-104    0.41795  0.89238  1.79    1164    1039    2485     2715   2.33
1975-1979    105-109    0.54073  0.94553  1.56     125     118     219      230   1.83
1975-1979    110+       0.63963  1.00000  1.56       7       7      11       11   1.56
1980-1984        0      0.00643  0.00640  0.14  100000     640   99447  7674201  76.74
1980-1984      1-4      0.00035  0.00140  1.72   99360     139  397125  7574754  76.24
1980-1984      5-9      0.00029  0.00145  2.10   99221     144  495690  7177630  72.34
1980-1984     10-14     0.00019  0.00096  2.61   99078      95  495161  6681939  67.44
1980-1984     15-19     0.00075  0.00374  2.87   98983     371  494123  6186778  62.50
1980-1984     20-24     0.00079  0.00393  2.51   98612     387  492094  5692655  57.73
1980-1984     25-29     0.00081  0.00405  2.56   98225     398  490153  5200560  52.95
1980-1984     30-34     0.00094  0.00470  2.54   97827     460  488001  4710408  48.15
1980-1984     35-39     0.00119  0.00595  2.66   97367     580  485475  4222407  43.37
1980-1984     40-44     0.00198  0.00985  2.85   96787     953  481883  3736932  38.61
1980-1984     45-49     0.00293  0.01455  2.74   95834    1395  476023  3255049  33.97
1980-1984     50-54     0.00482  0.02386  2.79   94439    2253  467214  2779026  29.43
1980-1984     55-59     0.00771  0.03788  2.69   92186    3492  452873  2311812  25.08
1980-1984     60-64     0.01226  0.05951  2.57   88694    5278  430643  1858938  20.96
1980-1984     65-69     0.02069  0.09845  2.56   83416    8213  397033  1428296  17.12
1980-1984     70-74     0.03240  0.15041  2.62   75203   11312  349120  1031263  13.71
1980-1984     75-79     0.05038  0.22440  2.57   63892   14337  284583   682142  10.68
1980-1984     80-84     0.07936  0.33261  2.57   49554   16482  207683   397560   8.02
1980-1984     85-89     0.13758  0.50744  2.41   33072   16782  121977   189877   5.74
1980-1984     90-94     0.21041  0.66622  2.25   16290   10853   51579    67900   4.17
1980-1984     95-99     0.31411  0.81048  2.01    5437    4407   14029    16321   3.00
1980-1984    100-104    0.43948  0.90553  1.75    1030     933    2123     2292   2.22
1980-1984    105-109    0.57425  0.95556  1.51      97      93     162      168   1.73
1980-1984    110+       0.68262  1.00000  1.46       4       4       6        6   1.46
1985-1989        0      0.00567  0.00564  0.14  100000     564   99514  7755557  77.56
1985-1989      1-4      0.00031  0.00125  2.06   99436     125  397502  7656044  76.99
1985-1989      5-9      0.00021  0.00103  2.93   99311     102  496344  7258541  73.09
1985-1989     10-14     0.00017  0.00085  3.27   99209      85  495898  6762197  68.16
1985-1989     15-19     0.00072  0.00360  2.77   99124     357  494828  6266300  63.22
1985-1989     20-24     0.00071  0.00353  2.12   98768     349  492834  5771472  58.43
1985-1989     25-29     0.00083  0.00416  2.64   98419     409  491130  5278638  53.63
1985-1989     30-34     0.00070  0.00349  2.49   98010     342  489190  4787508  48.85
1985-1989     35-39     0.00106  0.00527  2.99   97668     514  487306  4298318  44.01
1985-1989     40-44     0.00144  0.00718  2.72   97153     698  484179  3811011  39.23
1985-1989     45-49     0.00291  0.01445  2.65   96455    1394  478997  3326833  34.49
1985-1989     50-54     0.00442  0.02189  2.57   95062    2080  470246  2847836  29.96
1985-1989     55-59     0.00673  0.03311  2.61   92981    3079  457547  2377590  25.57
1985-1989     60-64     0.01131  0.05517  2.75   89903    4960  438366  1920043  21.36
1985-1989     65-69     0.01775  0.08518  2.65   84943    7235  407699  1481677  17.44
1985-1989     70-74     0.03016  0.14090  2.67   77708   10949  363012  1073978  13.82
1985-1989     75-79     0.05111  0.22691  2.53   66758   15148  296377   710967  10.65
1985-1989     80-84     0.08051  0.33605  2.54   51610   17344  215426   414589   8.03
1985-1989     85-89     0.13283  0.49528  2.43   34267   16972  127769   199163   5.81
1985-1989     90-94     0.21208  0.66975  2.25   17295   11583   54618    71395   4.13
1985-1989     95-99     0.32137  0.81883  2.01    5712    4677   14553    16776   2.94
1985-1989    100-104    0.45567  0.91450  1.73    1035     946    2077     2224   2.15
1985-1989    105-109    0.59928  0.96182  1.47      88      85     142      147   1.66
1985-1989    110+       0.71266  1.00000  1.40       3       3       5        5   1.40
1990-1994        0      0.00479  0.00477  0.14  100000     477   99589  7851768  78.52
1990-1994      1-4      0.00028  0.00111  1.77   99523     110  397845  7752179  77.89
1990-1994      5-9      0.00011  0.00053  2.76   99412      53  496944  7354334  73.98
1990-1994     10-14     0.00013  0.00066  3.09   99360      65  496674  6857391  69.02
1990-1994     15-19     0.00063  0.00315  3.05   99294     313  495862  6360717  64.06
1990-1994     20-24     0.00060  0.00298  2.24   98981     295  494092  5864855  59.25
1990-1994     25-29     0.00060  0.00300  2.66   98687     296  492740  5370763  54.42
1990-1994     30-34     0.00063  0.00315  2.78   98391     310  491266  4878022  49.58
1990-1994     35-39     0.00101  0.00503  2.80   98081     493  489317  4386757  44.73
1990-1994     40-44     0.00133  0.00661  2.62   97587     645  486402  3897440  39.94
1990-1994     45-49     0.00248  0.01233  2.80   96942    1195  482075  3411037  35.19
1990-1994     50-54     0.00415  0.02055  2.73   95747    1968  474271  2928962  30.59
1990-1994     55-59     0.00654  0.03220  2.61   93779    3020  461675  2454692  26.18
1990-1994     60-64     0.01001  0.04892  2.72   90759    4440  443688  1993016  21.96
1990-1994     65-69     0.01619  0.07791  2.60   86319    6725  415462  1549328  17.95
1990-1994     70-74     0.02798  0.13126  2.65   79594   10448  373461  1133867  14.25
1990-1994     75-79     0.04719  0.21184  2.59   69146   14648  310439   760406  11.00
1990-1994     80-84     0.07591  0.31983  2.54   54498   17430  229606   449966   8.26
1990-1994     85-89     0.12854  0.48240  2.41   37068   17882  139116   220361   5.94
1990-1994     90-94     0.20470  0.65655  2.27   19187   12597   61540    81245   4.23
1990-1994     95-99     0.31435  0.81211  2.02    6590    5351   17024    19705   2.99
1990-1994    100-104    0.45168  0.91300  1.74    1238    1130    2503     2681   2.17
1990-1994    105-109    0.60001  0.96222  1.47     108     104     173      178   1.66
1990-1994    110+       0.71719  1.00000  1.39       4       4       6        6   1.39
1995-1999        0      0.00403  0.00401  0.14  100000     401   99655  7893332  78.93
1995-1999      1-4      0.00031  0.00122  1.85   99599     122  398133  7793677  78.25
1995-1999      5-9      0.00018  0.00089  2.08   99477      89  497127  7395544  74.34
1995-1999     10-14     0.00019  0.00097  3.03   99388      96  496753  6898417  69.41
1995-1999     15-19     0.00052  0.00260  2.80   99292     258  495892  6401664  64.47
1995-1999     20-24     0.00058  0.00288  2.13   99034     285  494350  5905772  59.63
1995-1999     25-29     0.00056  0.00279  2.58   98749     276  493076  5411421  54.80
1995-1999     30-34     0.00065  0.00322  2.43   98473     317  491547  4918345  49.95
1995-1999     35-39     0.00075  0.00374  2.51   98155     368  489862  4426799  45.10
1995-1999     40-44     0.00127  0.00634  2.61   97788     620  487455  3936937  40.26
1995-1999     45-49     0.00202  0.01004  2.70   97168     975  483598  3449481  35.50
1995-1999     50-54     0.00328  0.01628  2.58   96193    1566  477176  2965883  30.83
1995-1999     55-59     0.00647  0.03188  2.61   94627    3017  465926  2488707  26.30
1995-1999     60-64     0.00923  0.04521  2.72   91610    4142  448607  2022782  22.08
1995-1999     65-69     0.01547  0.07468  2.67   87468    6532  422117  1574175  18.00
1995-1999     70-74     0.02616  0.12330  2.67   80936    9979  381461  1152059  14.23
1995-1999     75-79     0.04540  0.20484  2.62   70957   14535  320176   770597  10.86
1995-1999     80-84     0.08044  0.33599  2.55   56422   18957  235678   450422   7.98
1995-1999     85-89     0.13405  0.50014  2.46   37464   18738  139783   214744   5.73
1995-1999     90-94     0.21970  0.68389  2.24   18727   12807   58292    74961   4.00
1995-1999     95-99     0.33696  0.83461  1.98    5920    4941   14663    16669   2.82
1995-1999    100-104    0.47932  0.92559  1.68     979     906    1891     2006   2.05
1995-1999    105-109    0.62722  0.96753  1.43      73      70     112      116   1.59
1995-1999    110+       0.74039  1.00000  1.35       2       2       3        3   1.35
2000-2004        0      0.00262  0.00261  0.14  100000     261   99776  8053638  80.54
2000-2004      1-4      0.00019  0.00076  1.31   99739      76  398751  7953861  79.75
2000-2004      5-9      0.00014  0.00068  2.60   99663      67  498154  7555110  75.81
2000-2004     10-14     0.00014  0.00071  2.66   99596      71  497813  7056957  70.86
2000-2004     15-19     0.00035  0.00177  2.89   99525     176  497252  6559144  65.90
2000-2004     20-24     0.00070  0.00350  2.29   99349     348  495801  6061892  61.02
2000-2004     25-29     0.00063  0.00313  2.37   99001     310  494190  5566091  56.22
2000-2004     30-34     0.00061  0.00304  2.49   98691     300  492703  5071900  51.39
2000-2004     35-39     0.00059  0.00294  2.61   98391     289  491261  4579198  46.54
2000-2004     40-44     0.00127  0.00633  2.78   98101     621  489129  4087936  41.67
2000-2004     45-49     0.00179  0.00890  2.74   97481     867  485447  3598807  36.92
2000-2004     50-54     0.00296  0.01468  2.71   96613    1418  479814  3113360  32.22
2000-2004     55-59     0.00512  0.02529  2.60   95195    2407  470194  2633547  27.66
2000-2004     60-64     0.00804  0.03947  2.78   92788    3663  455822  2163352  23.32
2000-2004     65-69     0.01254  0.06096  2.73   89125    5433  433273  1707530  19.16
2000-2004     70-74     0.02241  0.10640  2.63   83691    8905  397352  1274258  15.23
2000-2004     75-79     0.03749  0.17244  2.68   74787   12896  343966   876905  11.73
2000-2004     80-84     0.06745  0.28857  2.50   61891   17860  264788   532940   8.61
2000-2004     85-89     0.12109  0.46623  2.53   44031   20529  169526   268152   6.09
2000-2004     90-94     0.20558  0.65951  2.28   23502   15500   75397    98625   4.20
2000-2004     95-99     0.32477  0.82381  2.01    8002    6592   20298    23229   2.90
2000-2004    100-104    0.47189  0.92295  1.70    1410    1301    2758     2930   2.08
2000-2004    105-109    0.62609  0.96758  1.43     109     105     168      173   1.59
2000-2004    110+       0.74404  1.00000  1.34       4       4       5        5   1.34
2005-2009        0      0.00202  0.00202  0.14  100000     202   99828  8136444  81.36
2005-2009      1-4      0.00023  0.00091  1.26   99798      91  398945  8036617  80.53
2005-2009      5-9      0.00007  0.00033  2.48   99708      33  498455  7637672  76.60
2005-2009     10-14     0.00008  0.00040  2.69   99675      40  498283  7139216  71.63
2005-2009     15-19     0.00035  0.00174  3.24   99635     174  497870  6640934  66.65
2005-2009     20-24     0.00052  0.00260  2.45   99461     259  496648  6143063  61.76
2005-2009     25-29     0.00042  0.00208  2.76   99203     207  495550  5646416  56.92
2005-2009     30-34     0.00049  0.00247  2.74   98996     244  494426  5150865  52.03
2005-2009     35-39     0.00064  0.00322  2.55   98751     318  492979  4656439  47.15
2005-2009     40-44     0.00096  0.00481  2.79   98434     473  491124  4163460  42.30
2005-2009     45-49     0.00167  0.00832  2.79   97960     815  488000  3672336  37.49
2005-2009     50-54     0.00266  0.01320  2.64   97145    1283  482699  3184336  32.78
2005-2009     55-59     0.00429  0.02125  2.54   95863    2037  474309  2701637  28.18
2005-2009     60-64     0.00732  0.03597  2.65   93826    3374  461212  2227328  23.74
2005-2009     65-69     0.01181  0.05747  2.66   90451    5199  440100  1766116  19.53
2005-2009     70-74     0.02059  0.09821  2.65   85253    8373  406583  1326016  15.55
2005-2009     75-79     0.03542  0.16329  2.61   76880   12554  354399   919433  11.96
2005-2009     80-84     0.06401  0.27788  2.63   64326   17875  279262   565034   8.78
2005-2009     85-89     0.11797  0.45666  2.53   46451   21212  179815   285772   6.15
2005-2009     90-94     0.20434  0.65885  2.30   25239   16629   81378   105957   4.20
2005-2009     95-99     0.33068  0.83030  2.00    8610    7149   21619    24579   2.85
2005-2009    100-104    0.48480  0.92888  1.68    1461    1357    2800     2960   2.03
2005-2009    105-109    0.64463  0.97104  1.40     104     101     157      160   1.54
2005-2009    110+       0.76489  1.00000  1.31       3       3       4        4   1.31
2010-2014        0      0.00161  0.00161  0.15  100000     161   99862  8222662  82.23
2010-2014      1-4      0.00015  0.00060  1.21   99839      59  399190  8122800  81.36
2010-2014      5-9      0.00008  0.00041  1.88   99780      41  498771  7723609  77.41
2010-2014     10-14     0.00010  0.00051  2.94   99739      51  498590  7224838  72.44
2010-2014     15-19     0.00026  0.00131  2.50   99688     131  498113  6726249  67.47
2010-2014     20-24     0.00038  0.00190  2.49   99557     189  497313  6228136  62.56
2010-2014     25-29     0.00042  0.00210  2.49   99368     209  496318  5730823  57.67
2010-2014     30-34     0.00065  0.00326  2.52   99160     324  494997  5234504  52.79
2010-2014     35-39     0.00068  0.00339  2.37   98836     335  493301  4739508  47.95
2010-2014     40-44     0.00102  0.00509  2.71   98501     501  491361  4246206  43.11
2010-2014     45-49     0.00138  0.00689  2.55   98000     675  488347  3754845  38.31
2010-2014     50-54     0.00225  0.01121  2.68   97325    1091  484094  3266498  33.56
2010-2014     55-59     0.00381  0.01891  2.82   96234    1819  477198  2782404  28.91
2010-2014     60-64     0.00641  0.03155  2.62   94415    2979  464999  2305206  24.42
2010-2014     65-69     0.01100  0.05364  2.71   91436    4904  445955  1840207  20.13
2010-2014     70-74     0.01728  0.08315  2.74   86532    7195  416383  1394252  16.11
2010-2014     75-79     0.03243  0.15078  2.68   79336   11962  368876   977870  12.33
2010-2014     80-84     0.05989  0.26177  2.60   67374   17636  294477   608994   9.04
2010-2014     85-89     0.10954  0.43182  2.55   49738   21478  196066   314516   6.32
2010-2014     90-94     0.20489  0.65707  2.27   28260   18569   90629   118450   4.19
2010-2014     95-99     0.32809  0.82852  2.01    9691    8029   24473    27821   2.87
2010-2014    100-104    0.48754  0.93044  1.68    1662    1546    3171     3348   2.01
2010-2014    105-109    0.65257  0.97249  1.39     116     112     172      176   1.53
2010-2014    110+       0.77522  1.00000  1.29       3       3       4        4   1.29
2015-2019        0      0.00168  0.00167  0.15  100000     167   99857  8251310  82.51
2015-2019      1-4      0.00019  0.00074  1.72   99833      74  399162  8151453  81.65
2015-2019      5-9      0.00003  0.00017  1.23   99759      17  498728  7752291  77.71
2015-2019     10-14     0.00006  0.00031  1.66   99741      31  498603  7253563  72.72
2015-2019     15-19     0.00032  0.00158  3.07   99710     157  498248  6754960  67.75
2015-2019     20-24     0.00032  0.00160  2.84   99553     159  497422  6256711  62.85
2015-2019     25-29     0.00048  0.00241  2.45   99394     239  496360  5759289  57.94
2015-2019     30-34     0.00075  0.00376  2.63   99155     373  494889  5262929  53.08
2015-2019     35-39     0.00083  0.00416  2.47   98782     411  492871  4768041  48.27
2015-2019     40-44     0.00097  0.00484  2.66   98371     476  490742  4275170  43.46
2015-2019     45-49     0.00132  0.00658  3.03   97895     644  488205  3784428  38.66
2015-2019     50-54     0.00221  0.01101  2.68   97251    1070  483768  3296223  33.89
2015-2019     55-59     0.00404  0.02000  2.64   96181    1924  476357  2812455  29.24
2015-2019     60-64     0.00555  0.02742  2.70   94257    2584  465344  2336098  24.78
2015-2019     65-69     0.00948  0.04635  2.62   91672    4249  448247  1870754  20.41
2015-2019     70-74     0.01732  0.08336  2.74   87423    7288  420649  1422507  16.27
2015-2019     75-79     0.02975  0.13923  2.70   80135   11157  374985  1001858  12.50
2015-2019     80-84     0.05988  0.26258  2.66   68978   18113  302491   626873   9.09
2015-2019     85-89     0.10937  0.42999  2.51   50866   21872  199976   324382   6.38
2015-2019     90-94     0.19762  0.64636  2.32   28994   18741   94831   124406   4.29
2015-2019     95-99     0.32632  0.82677  2.02   10253    8477   25978    29575   2.88
2015-2019    100-104    0.48495  0.92933  1.68    1776    1651    3404     3596   2.02
2015-2019    105-109    0.64903  0.97188  1.40     126     122     188      193   1.53
2015-2019    110+       0.77113  1.00000  1.30       4       4       5        5   1.30
