Italy , Life tables (period 5x5), Total	Last modified: 11 Apr 2022;  Methods Protocol: v6 (2017)

  Year          Age         mx       qx    ax      lx      dx      Lx       Tx     ex
1872-1874        0      0.25702  0.21812  0.31  100000   21812   84864  3127105  31.27
1872-1874      1-4      0.07569  0.25430  1.48   78188   19883  262699  3042241  38.91
1872-1874      5-9      0.01267  0.06084  1.75   58305    3548  279994  2779542  47.67
1872-1874     10-14     0.00626  0.03084  2.55   54757    1689  269652  2499547  45.65
1872-1874     15-19     0.00728  0.03581  2.63   53069    1900  260842  2229896  42.02
1872-1874     20-24     0.01039  0.05066  2.56   51168    2592  249515  1969053  38.48
1872-1874     25-29     0.01043  0.05083  2.47   48576    2469  236631  1719539  35.40
1872-1874     30-34     0.01098  0.05349  2.59   46107    2466  224582  1482908  32.16
1872-1874     35-39     0.01272  0.06167  2.55   43641    2691  211618  1258326  28.83
1872-1874     40-44     0.01343  0.06508  2.61   40950    2665  198388  1046708  25.56
1872-1874     45-49     0.01677  0.08060  2.59   38285    3086  183981   848320  22.16
1872-1874     50-54     0.01919  0.09185  2.67   35199    3233  168462   664340  18.87
1872-1874     55-59     0.02978  0.13916  2.65   31966    4448  149379   495877  15.51
1872-1874     60-64     0.03954  0.18141  2.73   27518    4992  126259   346498  12.59
1872-1874     65-69     0.06839  0.29334  2.58   22526    6608   96626   220239   9.78
1872-1874     70-74     0.08530  0.35341  2.58   15918    5625   65950   123614   7.77
1872-1874     75-79     0.15873  0.55732  2.33   10292    5736   36139    57663   5.60
1872-1874     80-84     0.18446  0.61300  2.26    4556    2793   15142    21524   4.72
1872-1874     85-89     0.25461  0.73421  2.12    1763    1295    5085     6383   3.62
1872-1874     90-94     0.34771  0.84003  1.92     469     394    1132     1298   2.77
1872-1874     95-99     0.44414  0.90495  1.73      75      68     153      166   2.21
1872-1874    100-104    0.54631  0.94584  1.54       7       7      12       13   1.82
1872-1874    105-109    0.64363  0.96843  1.39       0       0       1        1   1.55
1872-1874    110+       0.71777  1.00000  1.39       0       0       0        0   1.39
1875-1879        0      0.23964  0.20547  0.31  100000   20547   85741  3378443  33.78
1875-1879      1-4      0.06212  0.21533  1.52   79453   17109  275404  3292701  41.44
1875-1879      5-9      0.01391  0.06656  1.79   62344    4150  298417  3017298  48.40
1875-1879     10-14     0.00603  0.02972  2.51   58195    1729  286665  2718880  46.72
1875-1879     15-19     0.00674  0.03315  2.60   56465    1872  277840  2432215  43.07
1875-1879     20-24     0.00957  0.04674  2.55   54594    2552  266712  2154375  39.46
1875-1879     25-29     0.00939  0.04584  2.47   52042    2386  254166  1887663  36.27
1875-1879     30-34     0.01002  0.04890  2.52   49656    2428  242264  1633497  32.90
1875-1879     35-39     0.01151  0.05597  2.53   47228    2643  229622  1391234  29.46
1875-1879     40-44     0.01320  0.06390  2.49   44584    2849  215782  1161612  26.05
1875-1879     45-49     0.01486  0.07173  2.58   41735    2994  201433   945830  22.66
1875-1879     50-54     0.02033  0.09680  2.52   38742    3750  184416   744396  19.21
1875-1879     55-59     0.02540  0.11976  2.63   34991    4191  165020   559980  16.00
1875-1879     60-64     0.04194  0.19007  2.54   30801    5854  139575   394960  12.82
1875-1879     65-69     0.05980  0.26132  2.59   24947    6519  109006   255386  10.24
1875-1879     70-74     0.09339  0.37544  2.39   18428    6918   74077   146380   7.94
1875-1879     75-79     0.13009  0.49176  2.52   11509    5660   43505    72303   6.28
1875-1879     80-84     0.17805  0.59916  2.27    5849    3505   19684    28797   4.92
1875-1879     85-89     0.23854  0.70747  2.12    2345    1659    6954     9114   3.89
1875-1879     90-94     0.30166  0.79133  2.00     686     543    1799     2160   3.15
1875-1879     95-99     0.38710  0.86844  1.83     143     124     321      360   2.52
1875-1879    100-104    0.47330  0.91779  1.66      19      17      37       39   2.08
1875-1879    105-109    0.56108  0.94931  1.52       2       1       3        3   1.77
1875-1879    110+       0.63130  1.00000  1.58       0       0       0        0   1.58
1880-1884        0      0.23974  0.20554  0.31  100000   20554   85736  3470559  34.71
1880-1884      1-4      0.06243  0.21484  1.40   79446   17068  273417  3384823  42.61
1880-1884      5-9      0.01184  0.05710  1.91   62378    3562  300873  3111406  49.88
1880-1884     10-14     0.00548  0.02703  2.48   58816    1590  290070  2810533  47.79
1880-1884     15-19     0.00650  0.03203  2.64   57226    1833  281797  2520463  44.04
1880-1884     20-24     0.00904  0.04423  2.55   55393    2450  270960  2238665  40.41
1880-1884     25-29     0.00893  0.04366  2.43   52943    2311  258780  1967706  37.17
1880-1884     30-34     0.00925  0.04521  2.50   50632    2289  247439  1708925  33.75
1880-1884     35-39     0.01042  0.05078  2.48   48343    2455  235524  1461487  30.23
1880-1884     40-44     0.01170  0.05679  2.46   45888    2606  222810  1225962  26.72
1880-1884     45-49     0.01406  0.06790  2.50   43282    2939  209049  1003153  23.18
1880-1884     50-54     0.01791  0.08571  2.50   40343    3458  193079   794104  19.68
1880-1884     55-59     0.02526  0.11888  2.52   36885    4385  173553   601026  16.29
1880-1884     60-64     0.03678  0.16849  2.52   32500    5476  148896   427473  13.15
1880-1884     65-69     0.05937  0.25860  2.51   27024    6988  117703   278577  10.31
1880-1884     70-74     0.08884  0.35976  2.36   20036    7208   81135   160874   8.03
1880-1884     75-79     0.13157  0.48484  2.29   12828    6219   47270    79739   6.22
1880-1884     80-84     0.18255  0.60399  2.20    6608    3991   21865    32469   4.91
1880-1884     85-89     0.22637  0.68269  2.09    2617    1787    7892    10604   4.05
1880-1884     90-94     0.29504  0.77205  1.91     830     641    2173     2712   3.27
1880-1884     95-99     0.34058  0.82861  1.90     189     157     461      539   2.85
1880-1884    100-104    0.40540  0.87896  1.78      32      29      70       79   2.42
1880-1884    105-109    0.47381  0.91646  1.65       4       4       8        8   2.09
1880-1884    110+       0.52921  1.00000  1.89       0       0       1        1   1.89
1885-1889        0      0.22045  0.19120  0.31  100000   19120   86731  3689019  36.89
1885-1889      1-4      0.05578  0.19604  1.52   80880   15855  284258  3602287  44.54
1885-1889      5-9      0.01149  0.05539  1.73   65024    3601  313331  3318029  51.03
1885-1889     10-14     0.00515  0.02545  2.60   61423    1563  303356  3004698  48.92
1885-1889     15-19     0.00625  0.03079  2.61   59860    1843  294891  2701342  45.13
1885-1889     20-24     0.00872  0.04270  2.54   58016    2477  283984  2406451  41.48
1885-1889     25-29     0.00822  0.04024  2.46   55539    2235  272030  2122467  38.22
1885-1889     30-34     0.00892  0.04362  2.51   53304    2325  260724  1850437  34.71
1885-1889     35-39     0.00919  0.04495  2.54   50979    2291  249255  1589713  31.18
1885-1889     40-44     0.01129  0.05493  2.51   48688    2674  236785  1340458  27.53
1885-1889     45-49     0.01148  0.05585  2.57   46014    2570  223830  1103672  23.99
1885-1889     50-54     0.01760  0.08440  2.56   43444    3667  208281   879842  20.25
1885-1889     55-59     0.01954  0.09337  2.63   39777    3714  190070   671561  16.88
1885-1889     60-64     0.03867  0.17721  2.64   36063    6391  165261   481491  13.35
1885-1889     65-69     0.05212  0.23073  2.52   29672    6846  131363   316230  10.66
1885-1889     70-74     0.08605  0.35401  2.50   22826    8081   93910   184867   8.10
1885-1889     75-79     0.12718  0.47667  2.37   14745    7029   55263    90957   6.17
1885-1889     80-84     0.18390  0.61457  2.30    7717    4742   25788    35694   4.63
1885-1889     85-89     0.27762  0.76847  2.10    2974    2286    8233     9906   3.33
1885-1889     90-94     0.39945  0.88262  1.84     689     608    1522     1673   2.43
1885-1889     95-99     0.52743  0.94184  1.59      81      76     144      152   1.87
1885-1889    100-104    0.65269  0.97102  1.38       5       5       7        7   1.53
1885-1889    105-109    0.75938  0.98400  1.24       0       0       0        0   1.32
1885-1889    110+       0.83262  1.00000  1.20       0       0       0        0   1.20
1890-1894        0      0.20899  0.18252  0.31  100000   18252   87334  3920069  39.20
1890-1894      1-4      0.04838  0.17260  1.50   81748   14109  291658  3832735  46.88
1890-1894      5-9      0.00861  0.04186  1.73   67639    2831  328923  3541077  52.35
1890-1894     10-14     0.00448  0.02219  2.62   64807    1438  320616  3212154  49.56
1890-1894     15-19     0.00587  0.02896  2.64   63370    1835  312518  2891538  45.63
1890-1894     20-24     0.00809  0.03963  2.52   61534    2439  301634  2579020  41.91
1890-1894     25-29     0.00763  0.03743  2.46   59096    2212  289871  2277386  38.54
1890-1894     30-34     0.00803  0.03934  2.52   56884    2238  278859  1987515  34.94
1890-1894     35-39     0.00873  0.04271  2.54   54646    2334  267483  1708656  31.27
1890-1894     40-44     0.01024  0.04993  2.52   52312    2612  255080  1441173  27.55
1890-1894     45-49     0.01151  0.05598  2.59   49700    2782  241779  1186093  23.87
1890-1894     50-54     0.01589  0.07649  2.57   46917    3589  225851   944314  20.13
1890-1894     55-59     0.02101  0.10005  2.63   43328    4335  206352   718462  16.58
1890-1894     60-64     0.03470  0.16041  2.65   38993    6255  180259   512111  13.13
1890-1894     65-69     0.05977  0.26075  2.55   32739    8536  142821   331852  10.14
1890-1894     70-74     0.07927  0.33008  2.47   24202    7989  100775   189031   7.81
1890-1894     75-79     0.16617  0.58050  2.40   16213    9412   56640    88255   5.44
1890-1894     80-84     0.18628  0.61722  2.27    6801    4198   22536    31615   4.65
1890-1894     85-89     0.26490  0.74974  2.11    2603    1952    7369     9080   3.49
1890-1894     90-94     0.36826  0.85833  1.89     652     559    1519     1711   2.63
1890-1894     95-99     0.47238  0.91930  1.68      92      85     180      192   2.08
1890-1894    100-104    0.58204  0.95601  1.49       7       7      12       13   1.71
1890-1894    105-109    0.68361  0.97503  1.33       0       0       0        0   1.46
1890-1894    110+       0.75953  1.00000  1.32       0       0       0        0   1.32
1895-1899        0      0.19194  0.16938  0.31  100000   16938   88246  4195806  41.96
1895-1899      1-4      0.04156  0.15058  1.50   83062   12508  300928  4107561  49.45
1895-1899      5-9      0.00713  0.03482  1.70   70555    2456  344665  3806633  53.95
1895-1899     10-14     0.00386  0.01911  2.70   68098    1301  337497  3461967  50.84
1895-1899     15-19     0.00543  0.02682  2.61   66797    1792  329710  3124470  46.78
1895-1899     20-24     0.00763  0.03744  2.56   65005    2434  319076  2794760  42.99
1895-1899     25-29     0.00734  0.03604  2.46   62571    2255  307126  2475684  39.57
1895-1899     30-34     0.00769  0.03774  2.51   60316    2276  295914  2168558  35.95
1895-1899     35-39     0.00806  0.03952  2.53   58040    2294  284545  1872644  32.26
1895-1899     40-44     0.00953  0.04653  2.52   55746    2594  272293  1588099  28.49
1895-1899     45-49     0.01042  0.05083  2.58   53153    2702  259233  1315806  24.76
1895-1899     50-54     0.01493  0.07205  2.57   50451    3635  243432  1056573  20.94
1895-1899     55-59     0.01843  0.08829  2.63   46816    4133  224268   813140  17.37
1895-1899     60-64     0.03370  0.15617  2.66   42682    6666  197795   588872  13.80
1895-1899     65-69     0.05237  0.23224  2.57   36017    8364  159719   391077  10.86
1895-1899     70-74     0.08085  0.33571  2.48   27652    9283  114821   231358   8.37
1895-1899     75-79     0.12675  0.48057  2.49   18369    8828   69647   116537   6.34
1895-1899     80-84     0.17810  0.60112  2.30    9541    5736   32204    46890   4.91
1895-1899     85-89     0.23888  0.70670  2.11    3806    2690   11259    14686   3.86
1895-1899     90-94     0.30958  0.80060  1.98    1116     894    2887     3427   3.07
1895-1899     95-99     0.40218  0.87961  1.80     223     196     487      540   2.43
1895-1899    100-104    0.49756  0.92879  1.63      27      25      50       53   1.99
1895-1899    105-109    0.59489  0.95855  1.46       2       2       3        3   1.67
1895-1899    110+       0.67298  1.00000  1.49       0       0       0        0   1.49
1900-1904        0      0.18837  0.16659  0.31  100000   16659   88440  4320966  43.21
1900-1904      1-4      0.03774  0.13790  1.49   83341   11493  304509  4232526  50.79
1900-1904      5-9      0.00609  0.02983  1.67   71848    2143  352098  3928018  54.67
1900-1904     10-14     0.00347  0.01720  2.72   69705    1199  345788  3575919  51.30
1900-1904     15-19     0.00513  0.02532  2.64   68506    1735  338432  3230131  47.15
1900-1904     20-24     0.00694  0.03414  2.56   66772    2279  328286  2891699  43.31
1900-1904     25-29     0.00710  0.03486  2.49   64492    2248  316825  2563413  39.75
1900-1904     30-34     0.00732  0.03595  2.51   62244    2237  305653  2246588  36.09
1900-1904     35-39     0.00800  0.03922  2.54   60007    2353  294243  1940935  32.35
1900-1904     40-44     0.00911  0.04452  2.52   57653    2567  281891  1646692  28.56
1900-1904     45-49     0.01041  0.05079  2.59   55087    2798  268687  1364801  24.78
1900-1904     50-54     0.01426  0.06890  2.57   52289    3603  252690  1096114  20.96
1900-1904     55-59     0.01896  0.09074  2.64   48686    4418  233027   843424  17.32
1900-1904     60-64     0.03234  0.15021  2.63   44268    6649  205578   610397  13.79
1900-1904     65-69     0.05096  0.22704  2.60   37619    8541  167609   404819  10.76
1900-1904     70-74     0.08236  0.34155  2.50   29078    9932  120588   237210   8.16
1900-1904     75-79     0.13047  0.48827  2.42   19146    9348   71651   116622   6.09
1900-1904     80-84     0.18806  0.62636  2.33    9798    6137   32634    44971   4.59
1900-1904     85-89     0.27508  0.75675  2.03    3661    2770   10071    12338   3.37
1900-1904     90-94     0.37878  0.86082  1.83     891     767    2024     2267   2.55
1900-1904     95-99     0.50300  0.93265  1.63     124     116     230      243   1.96
1900-1904    100-104    0.62114  0.96503  1.43       8       8      13       13   1.60
1900-1904    105-109    0.72556  0.98045  1.28       0       0       0        0   1.38
1900-1904    110+       0.79986  1.00000  1.25       0       0       0        0   1.25
1905-1909        0      0.17858  0.15889  0.31  100000   15889   88974  4448674  44.49
1905-1909      1-4      0.03473  0.12698  1.29   84111   10680  307495  4359699  51.83
1905-1909      5-9      0.00556  0.02732  1.98   73431    2006  361092  4052205  55.18
1905-1909     10-14     0.00331  0.01643  2.58   71425    1174  354280  3691113  51.68
1905-1909     15-19     0.00499  0.02466  2.66   70251    1733  347200  3336832  47.50
1905-1909     20-24     0.00690  0.03394  2.54   68519    2326  336878  2989632  43.63
1905-1909     25-29     0.00676  0.03324  2.47   66193    2200  325387  2652754  40.08
1905-1909     30-34     0.00719  0.03533  2.52   63993    2261  314353  2327367  36.37
1905-1909     35-39     0.00761  0.03736  2.53   61731    2306  302964  2013014  32.61
1905-1909     40-44     0.00895  0.04376  2.53   59425    2601  290699  1710050  28.78
1905-1909     45-49     0.00993  0.04850  2.58   56825    2756  277465  1419351  24.98
1905-1909     50-54     0.01427  0.06899  2.58   54069    3730  261320  1141887  21.12
1905-1909     55-59     0.01831  0.08777  2.64   50339    4418  241267   880567  17.49
1905-1909     60-64     0.03182  0.14793  2.62   45921    6793  213458   639300  13.92
1905-1909     65-69     0.04699  0.21113  2.60   39128    8261  175806   425841  10.88
1905-1909     70-74     0.08571  0.35400  2.54   30867   10927  127483   250035   8.10
1905-1909     75-79     0.12705  0.47800  2.41   19940    9531   75022   122553   6.15
1905-1909     80-84     0.19348  0.63579  2.30   10409    6618   34204    47531   4.57
1905-1909     85-89     0.26608  0.74489  2.05    3791    2824   10613    13326   3.52
1905-1909     90-94     0.34035  0.82903  1.91     967     802    2356     2714   2.81
1905-1909     95-99     0.45431  0.90985  1.71     165     150     331      358   2.16
1905-1909    100-104    0.55301  0.94755  1.53      15      14      26       27   1.79
1905-1909    105-109    0.64567  0.96861  1.39       1       1       1        1   1.54
1905-1909    110+       0.71631  1.00000  1.40       0       0       0        0   1.40
1910-1914        0      0.15414  0.13924  0.31  100000   13924   90337  4773336  47.73
1910-1914      1-4      0.02938  0.10869  1.24   86076    9355  318457  4682998  54.41
1910-1914      5-9      0.00474  0.02337  2.06   76720    1793  378327  4364541  56.89
1910-1914     10-14     0.00284  0.01411  2.54   74927    1058  372034  3986214  53.20
1910-1914     15-19     0.00442  0.02189  2.67   73870    1617  365584  3614180  48.93
1910-1914     20-24     0.00602  0.02969  2.54   72253    2145  355995  3248596  44.96
1910-1914     25-29     0.00610  0.03005  2.49   70108    2107  345251  2892601  41.26
1910-1914     30-34     0.00640  0.03148  2.51   68002    2141  334683  2547350  37.46
1910-1914     35-39     0.00692  0.03404  2.54   65861    2242  323787  2212667  33.60
1910-1914     40-44     0.00786  0.03857  2.53   63619    2454  312025  1888880  29.69
1910-1914     45-49     0.00923  0.04512  2.58   61165    2760  299160  1576855  25.78
1910-1914     50-54     0.01242  0.06028  2.58   58405    3521  283507  1277695  21.88
1910-1914     55-59     0.01723  0.08279  2.65   54885    4544  263738   994188  18.11
1910-1914     60-64     0.02788  0.13074  2.62   50340    6582  236045   730450  14.51
1910-1914     65-69     0.04430  0.20043  2.63   43759    8771  198000   494405  11.30
1910-1914     70-74     0.07737  0.32531  2.55   34988   11382  147103   296404   8.47
1910-1914     75-79     0.12299  0.46750  2.44   23606   11036   89731   149301   6.32
1910-1914     80-84     0.18286  0.61441  2.33   12570    7723   42236    59571   4.74
1910-1914     85-89     0.26203  0.74045  2.06    4847    3589   13697    17335   3.58
1910-1914     90-94     0.32778  0.81824  1.94    1258    1029    3140     3638   2.89
1910-1914     95-99     0.45153  0.90893  1.71     229     208     460      497   2.18
1910-1914    100-104    0.55551  0.94861  1.53      21      20      36       37   1.79
1910-1914    105-109    0.65318  0.97011  1.38       1       1       2        2   1.53
1910-1914    110+       0.72716  1.00000  1.38       0       0       0        0   1.38
1915-1919        0      0.17104  0.15290  0.31  100000   15290   89390  3685878  36.86
1915-1919      1-4      0.03698  0.13448  1.29   84710   11392  308013  3596488  42.46
1915-1919      5-9      0.00759  0.03713  2.13   73319    2722  358789  3288475  44.85
1915-1919     10-14     0.00502  0.02477  2.55   70596    1749  348694  2929686  41.50
1915-1919     15-19     0.01228  0.06006  3.18   68848    4135  336714  2580992  37.49
1915-1919     20-24     0.02841  0.13236  2.42   64713    8565  301445  2244278  34.68
1915-1919     25-29     0.02177  0.10286  2.33   56148    5775  265329  1942833  34.60
1915-1919     30-34     0.01674  0.08014  2.37   50373    4037  241228  1677504  33.30
1915-1919     35-39     0.01304  0.06304  2.40   46335    2921  224074  1436276  31.00
1915-1919     40-44     0.01223  0.05932  2.47   43414    2575  210565  1212201  27.92
1915-1919     45-49     0.01220  0.05923  2.53   40839    2419  198212  1001636  24.53
1915-1919     50-54     0.01539  0.07416  2.55   38420    2849  185119   803424  20.91
1915-1919     55-59     0.01894  0.09061  2.62   35571    3223  170177   618305  17.38
1915-1919     60-64     0.03170  0.14737  2.62   32348    4767  150370   448128  13.85
1915-1919     65-69     0.04697  0.21113  2.61   27581    5823  123980   297759  10.80
1915-1919     70-74     0.08525  0.35242  2.54   21758    7668   89941   173779   7.99
1915-1919     75-79     0.13041  0.48755  2.41   14090    6869   52677    83838   5.95
1915-1919     80-84     0.20475  0.65769  2.28    7220    4749   23193    31161   4.32
1915-1919     85-89     0.29251  0.78057  2.01    2472    1929    6595     7968   3.22
1915-1919     90-94     0.38117  0.86387  1.84     542     469    1229     1373   2.53
1915-1919     95-99     0.50756  0.93368  1.62      74      69     136      144   1.95
1915-1919    100-104    0.61680  0.96375  1.43       5       5       8        8   1.61
1915-1919    105-109    0.71384  0.97888  1.29       0       0       0        0   1.40
1915-1919    110+       0.78427  1.00000  1.28       0       0       0        0   1.28
1920-1924        0      0.14153  0.12887  0.31  100000   12887   91057  4970457  49.70
1920-1924      1-4      0.02422  0.09080  1.24   87113    7910  326629  4879400  56.01
1920-1924      5-9      0.00421  0.02078  2.11   79203    1646  391251  4552771  57.48
1920-1924     10-14     0.00272  0.01353  2.54   77557    1050  385203  4161520  53.66
1920-1924     15-19     0.00448  0.02217  2.73   76507    1696  378693  3776317  49.36
1920-1924     20-24     0.00620  0.03051  2.49   74811    2283  368316  3397624  45.42
1920-1924     25-29     0.00607  0.02991  2.49   72529    2169  357199  3029307  41.77
1920-1924     30-34     0.00629  0.03097  2.50   70359    2179  346355  2672109  37.98
1920-1924     35-39     0.00662  0.03257  2.52   68181    2220  335407  2325754  34.11
1920-1924     40-44     0.00746  0.03662  2.54   65960    2416  323851  1990347  30.17
1920-1924     45-49     0.00893  0.04370  2.60   63545    2777  311059  1666496  26.23
1920-1924     50-54     0.01209  0.05872  2.58   60768    3569  295187  1355437  22.31
1920-1924     55-59     0.01640  0.07893  2.63   57200    4515  275320  1060250  18.54
1920-1924     60-64     0.02627  0.12358  2.61   52685    6511  247881   784929  14.90
1920-1924     65-69     0.04080  0.18605  2.64   46174    8591  210571   537048  11.63
1920-1924     70-74     0.07191  0.30613  2.57   37583   11505  160002   326477   8.69
1920-1924     75-79     0.11847  0.45493  2.45   26078   11864  100143   166475   6.38
1920-1924     80-84     0.18422  0.61818  2.34   14214    8787   47699    66332   4.67
1920-1924     85-89     0.27252  0.75543  2.05    5427    4100   15044    18633   3.43
1920-1924     90-94     0.35285  0.84223  1.90    1327    1118    3168     3589   2.70
1920-1924     95-99     0.49098  0.92778  1.65     209     194     396      420   2.01
1920-1924    100-104    0.60703  0.96204  1.45      15      15      24       25   1.64
1920-1924    105-109    0.71122  0.97876  1.30       1       1       1        1   1.40
1920-1924    110+       0.78666  1.00000  1.27       0       0       0        0   1.27
1925-1929        0      0.13145  0.12046  0.31  100000   12046   91640  5194274  51.94
1925-1929      1-4      0.02098  0.07924  1.18   87954    6969  332128  5102634  58.02
1925-1929      5-9      0.00334  0.01652  2.11   80985    1338  401054  4770506  58.91
1925-1929     10-14     0.00221  0.01097  2.58   79646     874  396117  4369452  54.86
1925-1929     15-19     0.00379  0.01878  2.71   78772    1480  390475  3973335  50.44
1925-1929     20-24     0.00513  0.02534  2.52   77293    1959  381601  3582859  46.35
1925-1929     25-29     0.00515  0.02543  2.48   75334    1916  371849  3201258  42.49
1925-1929     30-34     0.00533  0.02632  2.50   73418    1932  362266  2829410  38.54
1925-1929     35-39     0.00594  0.02927  2.53   71486    2092  352268  2467144  34.51
1925-1929     40-44     0.00692  0.03402  2.53   69394    2361  341148  2114875  30.48
1925-1929     45-49     0.00840  0.04116  2.55   67033    2759  328408  1773727  26.46
1925-1929     50-54     0.01161  0.05647  2.59   64274    3629  312633  1445319  22.49
1925-1929     55-59     0.01606  0.07731  2.60   60645    4688  291988  1132687  18.68
1925-1929     60-64     0.02566  0.12090  2.62   55956    6765  263658   840699  15.02
1925-1929     65-69     0.03971  0.18117  2.59   49191    8912  224451   577041  11.73
1925-1929     70-74     0.06991  0.29825  2.54   40279   12013  171839   352591   8.75
1925-1929     75-79     0.11473  0.44323  2.44   28266   12528  109201   180751   6.39
1925-1929     80-84     0.18628  0.61811  2.28   15738    9728   52221    71551   4.55
1925-1929     85-89     0.28938  0.78503  2.09    6010    4718   16304    19330   3.22
1925-1929     90-94     0.41530  0.88917  1.78    1292    1149    2766     3026   2.34
1925-1929     95-99     0.54481  0.94754  1.56     143     136     249      260   1.82
1925-1929    100-104    0.67330  0.97435  1.35       8       7      11       11   1.48
1925-1929    105-109    0.78035  0.98587  1.21       0       0       0        0   1.28
1925-1929    110+       0.85200  1.00000  1.17       0       0       0        0   1.17
1930-1934        0      0.11261  0.10445  0.31  100000   10445   92751  5554689  55.55
1930-1934      1-4      0.01583  0.06059  1.15   89555    5426  342744  5461938  60.99
1930-1934      5-9      0.00259  0.01284  2.18   84130    1080  417604  5119193  60.85
1930-1934     10-14     0.00187  0.00929  2.57   83050     771  413373  4701590  56.61
1930-1934     15-19     0.00311  0.01546  2.71   82278    1272  408472  4288217  52.12
1930-1934     20-24     0.00411  0.02034  2.52   81006    1648  400937  3879745  47.89
1930-1934     25-29     0.00427  0.02114  2.50   79359    1678  392598  3478808  43.84
1930-1934     30-34     0.00458  0.02263  2.53   77681    1758  384064  3086209  39.73
1930-1934     35-39     0.00524  0.02585  2.55   75923    1962  374800  2702146  35.59
1930-1934     40-44     0.00615  0.03030  2.55   73960    2241  364313  2327346  31.47
1930-1934     45-49     0.00768  0.03772  2.59   71719    2705  352076  1963033  27.37
1930-1934     50-54     0.01053  0.05134  2.61   69014    3543  336604  1610957  23.34
1930-1934     55-59     0.01509  0.07285  2.63   65470    4769  316033  1274353  19.46
1930-1934     60-64     0.02332  0.11047  2.62   60701    6705  287574   958320  15.79
1930-1934     65-69     0.03738  0.17155  2.61   53996    9263  247818   670746  12.42
1930-1934     70-74     0.06199  0.26955  2.58   44732   12058  194507   422928   9.45
1930-1934     75-79     0.10294  0.40876  2.48   32675   13356  129748   228422   6.99
1930-1934     80-84     0.16183  0.56620  2.35   19319   10938   67593    98674   5.11
1930-1934     85-89     0.24972  0.73349  2.19    8380    6147   24615    31081   3.71
1930-1934     90-94     0.32635  0.82353  1.99    2233    1839    5636     6467   2.90
1930-1934     95-99     0.46619  0.91754  1.70     394     362     776      831   2.11
1930-1934    100-104    0.58778  0.95802  1.48      33      31      53       55   1.69
1930-1934    105-109    0.69929  0.97745  1.31       1       1       2        2   1.43
1930-1934    110+       0.78062  1.00000  1.28       0       0       0        0   1.28
1935-1939        0      0.11027  0.10243  0.31  100000   10243   92890  5642909  56.43
1935-1939      1-4      0.01424  0.05472  1.10   89757    4911  344797  5550019  61.83
1935-1939      5-9      0.00227  0.01126  2.19   84845     955  421540  5205221  61.35
1935-1939     10-14     0.00168  0.00836  2.55   83890     701  417736  4783681  57.02
1935-1939     15-19     0.00278  0.01379  2.71   83189    1147  413317  4365946  52.48
1935-1939     20-24     0.00372  0.01840  2.47   82042    1510  406390  3952629  48.18
1935-1939     25-29     0.00382  0.01894  2.49   80532    1525  398832  3546239  44.04
1935-1939     30-34     0.00412  0.02041  2.55   79007    1612  391079  3147407  39.84
1935-1939     35-39     0.00487  0.02406  2.55   77395    1862  382405  2756328  35.61
1935-1939     40-44     0.00592  0.02916  2.57   75532    2202  372319  2373923  31.43
1935-1939     45-49     0.00754  0.03702  2.57   73330    2715  360064  2001605  27.30
1935-1939     50-54     0.01025  0.05004  2.62   70615    3533  344672  1641540  23.25
1935-1939     55-59     0.01500  0.07247  2.65   67082    4862  323994  1296868  19.33
1935-1939     60-64     0.02338  0.11079  2.64   62220    6893  294817   972874  15.64
1935-1939     65-69     0.03799  0.17432  2.64   55327    9644  253863   678056  12.26
1935-1939     70-74     0.06330  0.27464  2.59   45682   12546  198189   424194   9.29
1935-1939     75-79     0.10598  0.41913  2.51   33136   13889  131048   226005   6.82
1935-1939     80-84     0.16959  0.58617  2.37   19248   11282   66529    94956   4.93
1935-1939     85-89     0.25727  0.74820  2.20    7965    5960   23165    28428   3.57
1935-1939     90-94     0.36624  0.86346  1.94    2006    1732    4729     5263   2.62
1935-1939     95-99     0.50561  0.93453  1.63     274     256     506      534   1.95
1935-1939    100-104    0.63536  0.96823  1.41      18      17      27       28   1.57
1935-1939    105-109    0.74838  0.98308  1.25       1       1       1        1   1.33
1935-1939    110+       0.82668  1.00000  1.21       0       0       0        0   1.21
1940-1944        0      0.11503  0.10653  0.31  100000   10653   92606  5311463  53.11
1940-1944      1-4      0.01218  0.04710  1.14   89347    4208  345345  5218857  58.41
1940-1944      5-9      0.00237  0.01177  2.29   85139    1002  422983  4873512  57.24
1940-1944     10-14     0.00206  0.01024  2.58   84137     862  418605  4450528  52.90
1940-1944     15-19     0.00503  0.02490  3.15   83276    2073  412535  4031924  48.42
1940-1944     20-24     0.01126  0.05473  2.49   81202    4444  394846  3619389  44.57
1940-1944     25-29     0.00773  0.03789  2.36   76758    2909  376126  3224544  42.01
1940-1944     30-34     0.00641  0.03153  2.43   73850    2329  363266  2848418  38.57
1940-1944     35-39     0.00632  0.03109  2.51   71521    2224  352063  2485151  34.75
1940-1944     40-44     0.00703  0.03456  2.53   69297    2395  340578  2133088  30.78
1940-1944     45-49     0.00852  0.04171  2.57   66902    2791  327716  1792510  26.79
1940-1944     50-54     0.01106  0.05385  2.59   64111    3452  312238  1464794  22.85
1940-1944     55-59     0.01538  0.07417  2.61   60659    4499  292547  1152556  19.00
1940-1944     60-64     0.02368  0.11212  2.64   56160    6297  265917   860009  15.31
1940-1944     65-69     0.03849  0.17630  2.62   49863    8791  228406   594092  11.91
1940-1944     70-74     0.06592  0.28431  2.58   41073   11677  177154   365686   8.90
1940-1944     75-79     0.11482  0.44582  2.49   29395   13105  114138   188533   6.41
1940-1944     80-84     0.18556  0.62033  2.33   16290   10105   54458    74395   4.57
1940-1944     85-89     0.28860  0.78314  2.08    6185    4844   16783    19936   3.22
1940-1944     90-94     0.41327  0.89303  1.82    1341    1198    2898     3153   2.35
1940-1944     95-99     0.55779  0.95151  1.54     143     137     245      255   1.78
1940-1944    100-104    0.68937  0.97670  1.33       7       7      10       10   1.45
1940-1944    105-109    0.79670  0.98718  1.19       0       0       0        0   1.25
1940-1944    110+       0.86703  1.00000  1.15       0       0       0        0   1.15
1945-1949        0      0.08994  0.08466  0.31  100000    8466   94125  6050336  60.50
1945-1949      1-4      0.00854  0.03337  1.18   91534    3055  357510  5956211  65.07
1945-1949      5-9      0.00171  0.00851  2.28   88480     753  440346  5598701  63.28
1945-1949     10-14     0.00146  0.00729  2.58   87726     640  437085  5158356  58.80
1945-1949     15-19     0.00247  0.01228  2.77   87087    1070  433047  4721271  54.21
1945-1949     20-24     0.00391  0.01934  2.54   86017    1664  425999  4288224  49.85
1945-1949     25-29     0.00353  0.01747  2.42   84354    1474  417971  3862225  45.79
1945-1949     30-34     0.00358  0.01772  2.47   82880    1469  410679  3444253  41.56
1945-1949     35-39     0.00386  0.01913  2.56   81411    1557  403253  3033574  37.26
1945-1949     40-44     0.00487  0.02409  2.60   79853    1924  394648  2630321  32.94
1945-1949     45-49     0.00655  0.03225  2.60   77930    2513  383612  2235673  28.69
1945-1949     50-54     0.00893  0.04373  2.61   75417    3298  369189  1852061  24.56
1945-1949     55-59     0.01266  0.06145  2.62   72119    4432  350050  1482871  20.56
1945-1949     60-64     0.01944  0.09297  2.65   67687    6293  323629  1132822  16.74
1945-1949     65-69     0.03189  0.14833  2.65   61394    9107  285556   809192  13.18
1945-1949     70-74     0.05467  0.24163  2.60   52288   12634  231116   523636  10.01
1945-1949     75-79     0.09288  0.37743  2.52   39653   14967  161144   292520   7.38
1945-1949     80-84     0.15186  0.54276  2.37   24687   13399   88234   131376   5.32
1945-1949     85-89     0.23574  0.70886  2.19   11288    8001   33942    43142   3.82
1945-1949     90-94     0.34047  0.83435  1.94    3286    2742    8054     9199   2.80
1945-1949     95-99     0.46660  0.91831  1.70     544     500    1071     1146   2.10
1945-1949    100-104    0.59481  0.95999  1.47      44      43      72       74   1.67
1945-1949    105-109    0.71151  0.97913  1.30       2       2       2        2   1.40
1945-1949    110+       0.79541  1.00000  1.26       0       0       0        0   1.26
1950-1954        0      0.06350  0.06066  0.26  100000    6066   95519  6625325  66.25
1950-1954      1-4      0.00404  0.01598  1.21   93934    1501  371552  6529807  69.51
1950-1954      5-9      0.00087  0.00432  2.25   92433     399  461066  6158255  66.62
1950-1954     10-14     0.00070  0.00348  2.57   92034     320  459393  5697188  61.90
1950-1954     15-19     0.00104  0.00518  2.66   91714     475  457457  5237795  57.11
1950-1954     20-24     0.00139  0.00693  2.57   91239     632  454661  4780339  52.39
1950-1954     25-29     0.00161  0.00803  2.56   90607     728  451256  4325678  47.74
1950-1954     30-34     0.00186  0.00924  2.57   89879     831  447380  3874421  43.11
1950-1954     35-39     0.00239  0.01187  2.61   89049    1057  442720  3427041  38.48
1950-1954     40-44     0.00338  0.01675  2.66   87992    1474  436507  2984321  33.92
1950-1954     45-49     0.00518  0.02561  2.66   86518    2216  427397  2547815  29.45
1950-1954     50-54     0.00788  0.03868  2.64   84302    3260  413822  2120418  25.15
1950-1954     55-59     0.01181  0.05745  2.64   81041    4656  394230  1706596  21.06
1950-1954     60-64     0.01821  0.08730  2.65   76385    6669  366224  1312366  17.18
1950-1954     65-69     0.02973  0.13894  2.64   69717    9686  325765   946142  13.57
1950-1954     70-74     0.05117  0.22812  2.62   60030   13694  267611   620377  10.33
1950-1954     75-79     0.08773  0.36039  2.53   46336   16699  190356   352766   7.61
1950-1954     80-84     0.14573  0.52853  2.40   29637   15664  107487   162410   5.48
1950-1954     85-89     0.22763  0.69499  2.20   13973    9711   42661    54923   3.93
1950-1954     90-94     0.32982  0.82461  1.97    4262    3514   10655    12262   2.88
1950-1954     95-99     0.45637  0.91350  1.72     747     683    1496     1606   2.15
1950-1954    100-104    0.58439  0.95756  1.49      65      62     106      110   1.70
1950-1954    105-109    0.70201  0.97798  1.31       3       3       4        4   1.42
1950-1954    110+       0.78740  1.00000  1.27       0       0       0        0   1.27
1955-1959        0      0.05065  0.04871  0.22  100000    4871   96179  6834980  68.35
1955-1959      1-4      0.00251  0.00999  1.34   95129     951  377983  6738801  70.84
1955-1959      5-9      0.00071  0.00357  2.26   94178     336  469972  6360818  67.54
1955-1959     10-14     0.00058  0.00289  2.60   93842     271  468561  5890846  62.77
1955-1959     15-19     0.00089  0.00442  2.67   93571     413  466892  5422284  57.95
1955-1959     20-24     0.00112  0.00560  2.55   93158     522  464513  4955392  53.19
1955-1959     25-29     0.00129  0.00644  2.54   92636     596  461714  4490879  48.48
1955-1959     30-34     0.00158  0.00789  2.58   92040     726  458445  4029165  43.78
1955-1959     35-39     0.00204  0.01017  2.60   91314     929  454340  3570719  39.10
1955-1959     40-44     0.00293  0.01455  2.64   90385    1315  448816  3116379  34.48
1955-1959     45-49     0.00457  0.02261  2.69   89070    2014  440694  2667563  29.95
1955-1959     50-54     0.00744  0.03655  2.67   87056    3182  427858  2226869  25.58
1955-1959     55-59     0.01150  0.05599  2.65   83874    4696  408342  1799011  21.45
1955-1959     60-64     0.01794  0.08606  2.65   79178    6814  379843  1390669  17.56
1955-1959     65-69     0.02860  0.13395  2.63   72363    9693  338887  1010826  13.97
1955-1959     70-74     0.04778  0.21451  2.62   62670   13443  281332   671939  10.72
1955-1959     75-79     0.08226  0.34259  2.56   49227   16865  205020   390607   7.93
1955-1959     80-84     0.13641  0.50433  2.42   32362   16321  119649   185588   5.73
1955-1959     85-89     0.21518  0.67432  2.23   16041   10817   50268    65939   4.11
1955-1959     90-94     0.31420  0.80924  2.00    5224    4228   13455    15671   3.00
1955-1959     95-99     0.43977  0.90534  1.75     997     902    2052     2216   2.22
1955-1959    100-104    0.57037  0.95428  1.51      94      90     158      164   1.74
1955-1959    105-109    0.69256  0.97688  1.33       4       4       6        6   1.44
1955-1959    110+       0.78177  1.00000  1.28       0       0       0        0   1.28
1960-1964        0      0.04241  0.04100  0.19  100000    4100   96665  6958671  69.59
1960-1964      1-4      0.00178  0.00708  1.40   95900     679  381836  6862006  71.55
1960-1964      5-9      0.00057  0.00285  2.28   95221     271  475368  6480170  68.05
1960-1964     10-14     0.00049  0.00244  2.59   94950     232  474193  6004802  63.24
1960-1964     15-19     0.00086  0.00427  2.73   94718     405  472672  5530610  58.39
1960-1964     20-24     0.00106  0.00529  2.56   94314     499  470353  5057937  53.63
1960-1964     25-29     0.00119  0.00591  2.54   93815     555  467708  4587584  48.90
1960-1964     30-34     0.00145  0.00721  2.60   93260     673  464683  4119876  44.18
1960-1964     35-39     0.00196  0.00976  2.64   92587     904  460804  3655193  39.48
1960-1964     40-44     0.00284  0.01413  2.64   91684    1295  455361  3194388  34.84
1960-1964     45-49     0.00438  0.02166  2.68   90388    1957  447399  2739027  30.30
1960-1964     50-54     0.00703  0.03458  2.67   88431    3058  435042  2291628  25.91
1960-1964     55-59     0.01133  0.05518  2.67   85373    4711  415867  1856586  21.75
1960-1964     60-64     0.01779  0.08535  2.64   80662    6885  387034  1440719  17.86
1960-1964     65-69     0.02799  0.13125  2.63   73777    9683  345944  1053685  14.28
1960-1964     70-74     0.04543  0.20487  2.61   64094   13131  289056   707742  11.04
1960-1964     75-79     0.07668  0.32294  2.56   50964   16458  214633   418685   8.22
1960-1964     80-84     0.12982  0.48711  2.44   34505   16808  129467   204053   5.91
1960-1964     85-89     0.20716  0.65997  2.25   17697   11680   56380    74586   4.21
1960-1964     90-94     0.31105  0.80695  2.02    6018    4856   15611    18206   3.03
1960-1964     95-99     0.43736  0.90450  1.76    1162    1051    2403     2595   2.23
1960-1964    100-104    0.57269  0.95516  1.51     111     106     185      192   1.73
1960-1964    105-109    0.69939  0.97791  1.32       5       5       7        7   1.43
1960-1964    110+       0.79121  1.00000  1.26       0       0       0        0   1.26
1965-1969        0      0.03411  0.03316  0.16  100000    3316   97205  7079500  70.80
1965-1969      1-4      0.00120  0.00477  1.47   96684     461  385571  6982295  72.22
1965-1969      5-9      0.00046  0.00227  2.32   96223     219  480530  6596724  68.56
1965-1969     10-14     0.00042  0.00210  2.68   96004     202  479554  6116194  63.71
1965-1969     15-19     0.00076  0.00380  2.67   95803     365  478163  5636640  58.84
1965-1969     20-24     0.00089  0.00442  2.57   95438     422  476167  5158476  54.05
1965-1969     25-29     0.00097  0.00482  2.55   95016     458  473960  4682309  49.28
1965-1969     30-34     0.00123  0.00611  2.63   94558     578  471423  4208349  44.51
1965-1969     35-39     0.00178  0.00886  2.66   93981     832  467954  3736926  39.76
1965-1969     40-44     0.00274  0.01362  2.66   93148    1269  462772  3268972  35.09
1965-1969     45-49     0.00426  0.02108  2.67   91879    1937  454883  2806200  30.54
1965-1969     50-54     0.00674  0.03318  2.66   89943    2984  442743  2351317  26.14
1965-1969     55-59     0.01078  0.05256  2.67   86958    4570  424148  1908574  21.95
1965-1969     60-64     0.01744  0.08375  2.65   82388    6900  395727  1484426  18.02
1965-1969     65-69     0.02788  0.13078  2.64   75488    9873  354107  1088699  14.42
1965-1969     70-74     0.04596  0.20697  2.60   65615   13580  295492   734591  11.20
1965-1969     75-79     0.07395  0.31300  2.55   52035   16287  220237   439099   8.44
1965-1969     80-84     0.12355  0.46953  2.44   35748   16785  135850   218862   6.12
1965-1969     85-89     0.19730  0.64264  2.29   18963   12187   61767    83012   4.38
1965-1969     90-94     0.29852  0.79343  2.05    6777    5377   18012    21245   3.13
1965-1969     95-99     0.42170  0.89579  1.79    1400    1254    2974     3233   2.31
1965-1969    100-104    0.55711  0.95112  1.54     146     139     249      259   1.78
1965-1969    105-109    0.68637  0.97627  1.34       7       7      10       10   1.45
1965-1969    110+       0.78124  1.00000  1.28       0       0       0        0   1.28
1970-1974        0      0.02738  0.02674  0.13  100000    2674   97682  7210958  72.11
1970-1974      1-4      0.00083  0.00333  1.58   97326     324  388517  7113276  73.09
1970-1974      5-9      0.00040  0.00198  2.34   97001     192  484497  6724759  69.33
1970-1974     10-14     0.00038  0.00190  2.71   96810     184  483628  6240262  64.46
1970-1974     15-19     0.00076  0.00378  2.69   96626     365  482286  5756634  59.58
1970-1974     20-24     0.00084  0.00417  2.53   96261     402  480311  5274349  54.79
1970-1974     25-29     0.00087  0.00436  2.54   95859     418  478266  4794038  50.01
1970-1974     30-34     0.00107  0.00533  2.61   95441     509  475992  4315772  45.22
1970-1974     35-39     0.00156  0.00778  2.67   94933     738  472946  3839780  40.45
1970-1974     40-44     0.00249  0.01239  2.69   94194    1167  468271  3366834  35.74
1970-1974     45-49     0.00414  0.02049  2.68   93027    1906  460710  2898563  31.16
1970-1974     50-54     0.00646  0.03184  2.67   91121    2901  448838  2437853  26.75
1970-1974     55-59     0.01008  0.04925  2.66   88221    4345  430950  1989015  22.55
1970-1974     60-64     0.01606  0.07740  2.66   83876    6492  404166  1558065  18.58
1970-1974     65-69     0.02552  0.12034  2.63   77384    9312  364873  1153899  14.91
1970-1974     70-74     0.04188  0.19053  2.64   68071   12970  309698   789026  11.59
1970-1974     75-79     0.07102  0.30258  2.56   55101   16673  234748   479328   8.70
1970-1974     80-84     0.11668  0.45028  2.47   38429   17304  148307   244581   6.36
1970-1974     85-89     0.18659  0.62042  2.30   21125   13106   70241    96274   4.56
1970-1974     90-94     0.28640  0.78015  2.08    8019    6256   21842    26033   3.25
1970-1974     95-99     0.40850  0.88800  1.82    1763    1565    3832     4191   2.38
1970-1974    100-104    0.54519  0.94786  1.56     197     187     343      358   1.82
1970-1974    105-109    0.67722  0.97507  1.35      10      10      15       15   1.47
1970-1974    110+       0.77465  1.00000  1.29       0       0       0        0   1.29
1975-1979        0      0.01821  0.01792  0.11  100000    1792   98409  7341494  73.41
1975-1979      1-4      0.00056  0.00224  1.63   98208     220  392311  7243085  73.75
1975-1979      5-9      0.00031  0.00155  2.41   97988     152  489547  6850774  69.91
1975-1979     10-14     0.00032  0.00162  2.70   97836     158  488816  6361227  65.02
1975-1979     15-19     0.00066  0.00329  2.72   97678     321  487654  5872411  60.12
1975-1979     20-24     0.00076  0.00379  2.48   97356     369  485851  5384756  55.31
1975-1979     25-29     0.00074  0.00370  2.53   96988     359  484050  4898905  50.51
1975-1979     30-34     0.00092  0.00458  2.62   96628     443  482090  4414855  45.69
1975-1979     35-39     0.00135  0.00675  2.66   96185     649  479409  3932765  40.89
1975-1979     40-44     0.00225  0.01120  2.71   95536    1070  475234  3453355  36.15
1975-1979     45-49     0.00385  0.01910  2.71   94466    1805  468199  2978122  31.53
1975-1979     50-54     0.00636  0.03136  2.65   92661    2905  456476  2509922  27.09
1975-1979     55-59     0.00974  0.04762  2.65   89756    4275  438731  2053446  22.88
1975-1979     60-64     0.01532  0.07393  2.64   85481    6319  412518  1614715  18.89
1975-1979     65-69     0.02458  0.11621  2.65   79162    9199  374188  1202197  15.19
1975-1979     70-74     0.04024  0.18359  2.61   69963   12844  319165   828009  11.83
1975-1979     75-79     0.06762  0.29069  2.59   57119   16604  245540   508844   8.91
1975-1979     80-84     0.11241  0.43789  2.48   40515   17741  157828   263304   6.50
1975-1979     85-89     0.18255  0.61293  2.32   22774   13959   76467   105476   4.63
1975-1979     90-94     0.28115  0.77256  2.08    8815    6810   24222    29009   3.29
1975-1979     95-99     0.40634  0.88700  1.82    2005    1778    4376     4787   2.39
1975-1979    100-104    0.54618  0.94833  1.56     227     215     393      411   1.81
1975-1979    105-109    0.68047  0.97558  1.34      12      11      17       17   1.47
1975-1979    110+       0.77837  1.00000  1.28       0       0       0        0   1.28
1980-1984        0      0.01302  0.01287  0.12  100000    1287   98871  7472279  74.72
1980-1984      1-4      0.00045  0.00182  1.64   98713     179  394429  7373408  74.70
1980-1984      5-9      0.00025  0.00126  2.43   98534     124  492351  6978980  70.83
1980-1984     10-14     0.00027  0.00135  2.76   98410     132  491754  6486629  65.91
1980-1984     15-19     0.00062  0.00310  2.71   98278     305  490691  5994874  61.00
1980-1984     20-24     0.00073  0.00365  2.49   97973     358  488967  5504184  56.18
1980-1984     25-29     0.00071  0.00356  2.52   97615     348  487213  5015216  51.38
1980-1984     30-34     0.00083  0.00414  2.60   97268     403  485370  4528003  46.55
1980-1984     35-39     0.00120  0.00596  2.70   96865     577  482994  4042633  41.73
1980-1984     40-44     0.00196  0.00974  2.69   96287     938  479266  3559640  36.97
1980-1984     45-49     0.00336  0.01665  2.72   95349    1588  473121  3080374  32.31
1980-1984     50-54     0.00570  0.02814  2.69   93762    2638  462717  2607253  27.81
1980-1984     55-59     0.00920  0.04502  2.66   91123    4103  446010  2144536  23.53
1980-1984     60-64     0.01429  0.06912  2.65   87020    6015  420973  1698526  19.52
1980-1984     65-69     0.02240  0.10636  2.64   81005    8616  384703  1277553  15.77
1980-1984     70-74     0.03697  0.16999  2.64   72389   12306  332890   892850  12.33
1980-1984     75-79     0.06248  0.27140  2.58   60084   16307  261008   559960   9.32
1980-1984     80-84     0.10431  0.41335  2.49   43777   18095  173484   298952   6.83
1980-1984     85-89     0.16974  0.58495  2.34   25682   15023   88502   125467   4.89
1980-1984     90-94     0.26365  0.75000  2.13   10659    7994   30322    36966   3.47
1980-1984     95-99     0.38727  0.87449  1.86    2665    2330    6017     6644   2.49
1980-1984    100-104    0.52770  0.94277  1.59     334     315     598      626   1.87
1980-1984    105-109    0.66424  0.97323  1.37      19      19      28       29   1.50
1980-1984    110+       0.76377  1.00000  1.31       1       1       1        1   1.31
1985-1989        0      0.00961  0.00953  0.13  100000     953   99171  7625983  76.26
1985-1989      1-4      0.00034  0.00135  1.66   99047     133  395877  7526812  75.99
1985-1989      5-9      0.00019  0.00093  2.42   98914      92  494333  7130935  72.09
1985-1989     10-14     0.00021  0.00106  2.73   98822     105  493873  6636601  67.16
1985-1989     15-19     0.00053  0.00263  2.75   98717     260  493002  6142728  62.23
1985-1989     20-24     0.00069  0.00344  2.53   98457     339  491448  5649727  57.38
1985-1989     25-29     0.00074  0.00368  2.50   98119     361  489692  5158278  52.57
1985-1989     30-34     0.00081  0.00404  2.56   97758     395  487826  4668586  47.76
1985-1989     35-39     0.00108  0.00540  2.64   97363     526  485574  4180760  42.94
1985-1989     40-44     0.00173  0.00862  2.69   96836     835  482256  3695186  38.16
1985-1989     45-49     0.00285  0.01417  2.69   96001    1361  476870  3212929  33.47
1985-1989     50-54     0.00481  0.02380  2.70   94641    2253  468028  2736059  28.91
1985-1989     55-59     0.00812  0.03986  2.68   92388    3683  453381  2268031  24.55
1985-1989     60-64     0.01301  0.06313  2.65   88705    5600  430372  1814650  20.46
1985-1989     65-69     0.02012  0.09603  2.64   83105    7981  396662  1384278  16.66
1985-1989     70-74     0.03244  0.15063  2.63   75124   11316  348825   987616  13.15
1985-1989     75-79     0.05443  0.24086  2.61   63808   15369  282368   638791  10.01
1985-1989     80-84     0.09255  0.37645  2.52   48440   18235  197038   356422   7.36
1985-1989     85-89     0.15234  0.54482  2.39   30204   16456  108022   159384   5.28
1985-1989     90-94     0.24034  0.71692  2.19   13748    9856   41010    51362   3.74
1985-1989     95-99     0.35990  0.85408  1.92    3892    3324    9236    10352   2.66
1985-1989    100-104    0.50127  0.93395  1.64     568     530    1058     1116   1.97
1985-1989    105-109    0.64437  0.97034  1.40      38      36      56       58   1.55
1985-1989    110+       0.75197  1.00000  1.33       1       1       1        1   1.33
1990-1994        0      0.00768  0.00763  0.13  100000     763   99339  7737862  77.38
1990-1994      1-4      0.00032  0.00130  1.69   99237     129  396652  7638523  76.97
1990-1994      5-9      0.00018  0.00090  2.38   99109      89  495309  7241871  73.07
1990-1994     10-14     0.00020  0.00100  2.80   99019      99  494878  6746561  68.13
1990-1994     15-19     0.00054  0.00270  2.76   98920     268  494001  6251683  63.20
1990-1994     20-24     0.00072  0.00358  2.54   98653     353  492394  5757682  58.36
1990-1994     25-29     0.00089  0.00444  2.61   98299     437  490454  5265288  53.56
1990-1994     30-34     0.00109  0.00543  2.52   97862     532  487993  4774834  48.79
1990-1994     35-39     0.00117  0.00585  2.57   97331     570  485272  4286841  44.04
1990-1994     40-44     0.00159  0.00792  2.66   96761     767  482011  3801569  39.29
1990-1994     45-49     0.00256  0.01274  2.71   95994    1223  477168  3319558  34.58
1990-1994     50-54     0.00413  0.02043  2.69   94771    1937  469371  2842389  29.99
1990-1994     55-59     0.00687  0.03379  2.69   92834    3137  456922  2373019  25.56
1990-1994     60-64     0.01132  0.05516  2.67   89697    4948  436976  1916097  21.36
1990-1994     65-69     0.01817  0.08712  2.64   84749    7383  406330  1479121  17.45
1990-1994     70-74     0.02892  0.13539  2.65   77366   10475  362169  1072791  13.87
1990-1994     75-79     0.04816  0.21594  2.61   66891   14444  299916   710622  10.62
1990-1994     80-84     0.08204  0.34174  2.56   52447   17923  218467   410706   7.83
1990-1994     85-89     0.13973  0.51368  2.42   34524   17734  126913   192238   5.57
1990-1994     90-94     0.22745  0.69578  2.21   16790   11682   51360    65326   3.89
1990-1994     95-99     0.34827  0.84512  1.96    5108    4317   12395    13966   2.73
1990-1994    100-104    0.49546  0.93235  1.66     791     738    1489     1571   1.99
1990-1994    105-109    0.64633  0.97097  1.40      54      52      80       82   1.54
1990-1994    110+       0.75980  1.00000  1.32       2       2       2        2   1.32
1995-1999        0      0.00568  0.00565  0.14  100000     565   99513  7866664  78.67
1995-1999      1-4      0.00026  0.00102  1.68   99435     101  397505  7767151  78.11
1995-1999      5-9      0.00015  0.00075  2.35   99334      75  496471  7369646  74.19
1995-1999     10-14     0.00018  0.00090  2.84   99259      90  496102  6873175  69.24
1995-1999     15-19     0.00046  0.00232  2.81   99169     230  495343  6377074  64.30
1995-1999     20-24     0.00064  0.00322  2.54   98940     318  493916  5881730  59.45
1995-1999     25-29     0.00070  0.00351  2.58   98621     346  492270  5387814  54.63
1995-1999     30-34     0.00094  0.00470  2.59   98275     461  490264  4895545  49.81
1995-1999     35-39     0.00113  0.00562  2.57   97813     550  487729  4405281  45.04
1995-1999     40-44     0.00148  0.00739  2.64   97264     719  484624  3917552  40.28
1995-1999     45-49     0.00228  0.01133  2.68   96544    1094  480189  3432928  35.56
1995-1999     50-54     0.00373  0.01848  2.69   95450    1764  473168  2952739  30.93
1995-1999     55-59     0.00594  0.02931  2.67   93686    2746  462030  2479571  26.47
1995-1999     60-64     0.00975  0.04767  2.68   90940    4335  444627  2017540  22.19
1995-1999     65-69     0.01615  0.07782  2.67   86605    6739  417300  1572913  18.16
1995-1999     70-74     0.02632  0.12390  2.64   79866    9896  375937  1155613  14.47
1995-1999     75-79     0.04372  0.19807  2.63   69970   13859  317000   779676  11.14
1995-1999     80-84     0.07436  0.31484  2.57   56111   17666  237561   462676   8.25
1995-1999     85-89     0.12899  0.48586  2.46   38445   18679  144805   225114   5.86
1995-1999     90-94     0.21487  0.67556  2.25   19766   13353   62145    80309   4.06
1995-1999     95-99     0.33415  0.83276  1.99    6413    5341   15982    18164   2.83
1995-1999    100-104    0.48280  0.92766  1.68    1073     995    2061     2182   2.03
1995-1999    105-109    0.63817  0.96980  1.41      78      75     118      121   1.56
1995-1999    110+       0.75621  1.00000  1.32       2       2       3        3   1.32
2000-2004        0      0.00425  0.00423  0.14  100000     423   99636  8016560  80.17
2000-2004      1-4      0.00019  0.00076  1.70   99577      75  398134  7916924  79.51
2000-2004      5-9      0.00011  0.00056  2.45   99502      55  497367  7518789  75.56
2000-2004     10-14     0.00013  0.00067  2.82   99446      67  497086  7021422  70.61
2000-2004     15-19     0.00039  0.00194  2.82   99379     193  496476  6524336  65.65
2000-2004     20-24     0.00055  0.00275  2.51   99186     272  495254  6027859  60.77
2000-2004     25-29     0.00058  0.00290  2.52   98914     287  493860  5532605  55.93
2000-2004     30-34     0.00065  0.00323  2.58   98627     319  492367  5038745  51.09
2000-2004     35-39     0.00088  0.00441  2.65   98308     434  490524  4546379  46.25
2000-2004     40-44     0.00131  0.00652  2.65   97875     638  487874  4055854  41.44
2000-2004     45-49     0.00203  0.01008  2.68   97237     980  483907  3567980  36.69
2000-2004     50-54     0.00325  0.01614  2.69   96256    1553  477695  3084073  32.04
2000-2004     55-59     0.00526  0.02599  2.68   94703    2462  467798  2606378  27.52
2000-2004     60-64     0.00825  0.04047  2.67   92241    3733  452501  2138580  23.18
2000-2004     65-69     0.01350  0.06546  2.68   88508    5794  429092  1686079  19.05
2000-2004     70-74     0.02260  0.10734  2.67   82714    8879  392904  1256987  15.20
2000-2004     75-79     0.03881  0.17772  2.63   73836   13122  338120   864083  11.70
2000-2004     80-84     0.06750  0.29032  2.59   60714   17627  261144   525962   8.66
2000-2004     85-89     0.11903  0.45799  2.48   43087   19733  165781   264819   6.15
2000-2004     90-94     0.20274  0.65457  2.29   23354   15287   75402    99038   4.24
2000-2004     95-99     0.32094  0.82034  2.02    8067    6618   20620    23636   2.93
2000-2004    100-104    0.47104  0.92300  1.71    1449    1338    2840     3016   2.08
2000-2004    105-109    0.63042  0.96861  1.42     112     108     171      176   1.58
2000-2004    110+       0.75236  1.00000  1.33       4       4       5        5   1.33
2005-2009        0      0.00343  0.00342  0.14  100000     342   99707  8147320  81.47
2005-2009      1-4      0.00015  0.00060  1.71   99658      60  398494  8047613  80.75
2005-2009      5-9      0.00009  0.00043  2.45   99598      43  497879  7649120  76.80
2005-2009     10-14     0.00011  0.00054  2.84   99555      53  497658  7151241  71.83
2005-2009     15-19     0.00032  0.00158  2.80   99501     157  497161  6653583  66.87
2005-2009     20-24     0.00043  0.00213  2.53   99344     212  496196  6156421  61.97
2005-2009     25-29     0.00045  0.00226  2.53   99132     224  495107  5660225  57.10
2005-2009     30-34     0.00051  0.00254  2.57   98908     251  493929  5165119  52.22
2005-2009     35-39     0.00070  0.00348  2.65   98657     344  492475  4671189  47.35
2005-2009     40-44     0.00111  0.00554  2.69   98313     545  490307  4178715  42.50
2005-2009     45-49     0.00179  0.00890  2.68   97768     870  486822  3688407  37.73
2005-2009     50-54     0.00285  0.01416  2.68   96898    1372  481312  3201585  33.04
2005-2009     55-59     0.00455  0.02251  2.68   95526    2150  472635  2720273  28.48
2005-2009     60-64     0.00732  0.03600  2.66   93375    3362  459021  2247638  24.07
2005-2009     65-69     0.01146  0.05581  2.66   90014    5023  438306  1788618  19.87
2005-2009     70-74     0.01918  0.09180  2.68   84990    7802  406866  1350311  15.89
2005-2009     75-79     0.03386  0.15689  2.67   77188   12110  357693   943445  12.22
2005-2009     80-84     0.06201  0.27008  2.61   65078   17576  283446   585752   9.00
2005-2009     85-89     0.11227  0.43885  2.51   47502   20846  185677   302307   6.36
2005-2009     90-94     0.19351  0.63669  2.31   26656   16971   87701   116629   4.38
2005-2009     95-99     0.31333  0.81313  2.04    9684    7875   25132    28928   2.99
2005-2009    100-104    0.46686  0.92155  1.72    1810    1668    3572     3796   2.10
2005-2009    105-109    0.63055  0.96880  1.42     142     138     218      224   1.58
2005-2009    110+       0.75536  1.00000  1.32       4       4       6        6   1.32
2010-2014        0      0.00299  0.00298  0.14  100000     298   99744  8244369  82.44
2010-2014      1-4      0.00013  0.00053  1.68   99702      53  398684  8144625  81.69
2010-2014      5-9      0.00007  0.00037  2.41   99649      36  498149  7745941  77.73
2010-2014     10-14     0.00009  0.00044  2.79   99612      44  497964  7247792  72.76
2010-2014     15-19     0.00023  0.00113  2.80   99568     113  497593  6749829  67.79
2010-2014     20-24     0.00032  0.00158  2.55   99455     158  496891  6252236  62.86
2010-2014     25-29     0.00035  0.00173  2.51   99298     172  496061  5755345  57.96
2010-2014     30-34     0.00042  0.00212  2.61   99126     210  495127  5259284  53.06
2010-2014     35-39     0.00060  0.00298  2.65   98916     295  493888  4764157  48.16
2010-2014     40-44     0.00095  0.00473  2.70   98621     466  492035  4270270  43.30
2010-2014     45-49     0.00159  0.00791  2.71   98155     776  489000  3778235  38.49
2010-2014     50-54     0.00261  0.01297  2.69   97379    1263  483976  3289235  33.78
2010-2014     55-59     0.00414  0.02052  2.67   96116    1972  475992  2805260  29.19
2010-2014     60-64     0.00660  0.03250  2.67   94144    3060  463591  2329267  24.74
2010-2014     65-69     0.01059  0.05165  2.66   91084    4705  444399  1865676  20.48
2010-2014     70-74     0.01696  0.08156  2.67   86380    7045  415459  1421277  16.45
2010-2014     75-79     0.03004  0.14046  2.69   79335   11143  370928  1005819  12.68
2010-2014     80-84     0.05702  0.25138  2.65   68191   17142  300621   634890   9.31
2010-2014     85-89     0.10616  0.42055  2.53   51050   21469  202228   334270   6.55
2010-2014     90-94     0.18775  0.62529  2.33   29581   18497   98519   132042   4.46
2010-2014     95-99     0.30838  0.80845  2.06   11084    8961   29058    33523   3.02
2010-2014    100-104    0.46550  0.92134  1.72    2123    1956    4202     4465   2.10
2010-2014    105-109    0.63350  0.96948  1.42     167     162     256      262   1.57
2010-2014    110+       0.76094  1.00000  1.31       5       5       7        7   1.31
2015-2019        0      0.00278  0.00278  0.14  100000     278   99762  8296848  82.97
2015-2019      1-4      0.00012  0.00048  1.64   99722      47  398777  8197086  82.20
2015-2019      5-9      0.00007  0.00033  2.47   99675      33  498291  7798309  78.24
2015-2019     10-14     0.00008  0.00042  2.71   99642      42  498112  7300018  73.26
2015-2019     15-19     0.00020  0.00102  2.83   99600     102  497777  6801906  68.29
2015-2019     20-24     0.00029  0.00145  2.52   99498     144  497131  6304129  63.36
2015-2019     25-29     0.00032  0.00159  2.51   99354     158  496373  5806998  58.45
2015-2019     30-34     0.00039  0.00197  2.63   99195     196  495512  5310626  53.54
2015-2019     35-39     0.00056  0.00278  2.69   99000     276  494360  4815114  48.64
2015-2019     40-44     0.00089  0.00443  2.69   98724     437  492611  4320754  43.77
2015-2019     45-49     0.00147  0.00732  2.69   98287     719  489772  3828143  38.95
2015-2019     50-54     0.00241  0.01199  2.69   97568    1170  485137  3338371  34.22
2015-2019     55-59     0.00389  0.01927  2.68   96398    1858  477686  2853234  29.60
2015-2019     60-64     0.00622  0.03065  2.67   94540    2898  465952  2375548  25.13
2015-2019     65-69     0.00987  0.04824  2.67   91642    4421  447898  1909597  20.84
2015-2019     70-74     0.01627  0.07838  2.68   87221    6837  420252  1461699  16.76
2015-2019     75-79     0.02788  0.13090  2.68   80385   10522  377468  1041447  12.96
2015-2019     80-84     0.05291  0.23547  2.66   69862   16450  310892   663979   9.50
2015-2019     85-89     0.10345  0.41304  2.56   53412   22062  213258   353087   6.61
2015-2019     90-94     0.18723  0.62449  2.33   31351   19578  104567   139829   4.46
2015-2019     95-99     0.31155  0.81249  2.06   11773    9565   30701    35262   3.00
2015-2019    100-104    0.47425  0.92557  1.71    2207    2043    4308     4561   2.07
2015-2019    105-109    0.64660  0.97182  1.40     164     160     247      253   1.54
2015-2019    110+       0.77524  1.00000  1.29       5       5       6        6   1.29
