Latvia, Life tables (period 5x5), Total	Last modified: 11 Mar 2021;  Methods Protocol: v6 (2017)

  Year          Age         mx       qx    ax      lx      dx      Lx       Tx     ex
1960-1964        0      0.02484  0.02432  0.12  100000    2432   97870  7051160  70.51
1960-1964      1-4      0.00147  0.00587  1.52   97568     573  388855  6953290  71.27
1960-1964      5-9      0.00068  0.00341  2.42   96996     331  484125  6564436  67.68
1960-1964     10-14     0.00062  0.00308  2.57   96665     297  482601  6080311  62.90
1960-1964     15-19     0.00106  0.00526  2.82   96367     507  480731  5597709  58.09
1960-1964     20-24     0.00169  0.00843  2.65   95860     808  477400  5116978  53.38
1960-1964     25-29     0.00204  0.01016  2.50   95052     965  472843  4639578  48.81
1960-1964     30-34     0.00233  0.01160  2.55   94086    1091  467757  4166735  44.29
1960-1964     35-39     0.00264  0.01310  2.54   92995    1218  461975  3698978  39.78
1960-1964     40-44     0.00356  0.01766  2.64   91777    1621  455069  3237003  35.27
1960-1964     45-49     0.00486  0.02404  2.63   90156    2167  445649  2781935  30.86
1960-1964     50-54     0.00733  0.03602  2.64   87989    3170  432475  2336285  26.55
1960-1964     55-59     0.01055  0.05148  2.63   84820    4367  413762  1903810  22.45
1960-1964     60-64     0.01681  0.08082  2.63   80453    6502  386868  1490048  18.52
1960-1964     65-69     0.02547  0.12012  2.64   73951    8883  348749  1103180  14.92
1960-1964     70-74     0.04336  0.19660  2.63   65068   12792  295018   754432  11.59
1960-1964     75-79     0.06991  0.29838  2.55   52276   15598  223116   459414   8.79
1960-1964     80-84     0.11532  0.44664  2.48   36678   16382  142049   236297   6.44
1960-1964     85-89     0.18239  0.61191  2.31   20296   12419   68093    94249   4.64
1960-1964     90-94     0.28068  0.77114  2.08    7877    6074   21640    26156   3.32
1960-1964     95-99     0.38613  0.87215  1.86    1803    1572    4072     4515   2.50
1960-1964    100-104    0.51261  0.93674  1.61     230     216     421      444   1.93
1960-1964    105-109    0.63855  0.96869  1.40      15      14      22       23   1.56
1960-1964    110+       0.73502  1.00000  1.36       0       0       1        1   1.36
1965-1969        0      0.01817  0.01788  0.11  100000    1788   98412  7077486  70.77
1965-1969      1-4      0.00132  0.00525  1.62   98212     515  391622  6979075  71.06
1965-1969      5-9      0.00061  0.00304  2.36   97697     297  487700  6587453  67.43
1965-1969     10-14     0.00055  0.00273  2.48   97400     266  486332  6099753  62.63
1965-1969     15-19     0.00103  0.00514  2.87   97134     499  484608  5613421  57.79
1965-1969     20-24     0.00163  0.00810  2.71   96635     782  481388  5128813  53.07
1965-1969     25-29     0.00215  0.01068  2.48   95853    1024  476679  4647424  48.48
1965-1969     30-34     0.00261  0.01299  2.58   94829    1232  471159  4170745  43.98
1965-1969     35-39     0.00306  0.01518  2.59   93597    1421  464561  3699586  39.53
1965-1969     40-44     0.00389  0.01927  2.55   92176    1776  456536  3235024  35.10
1965-1969     45-49     0.00510  0.02520  2.64   90400    2278  446635  2778489  30.74
1965-1969     50-54     0.00711  0.03496  2.64   88122    3081  433353  2331853  26.46
1965-1969     55-59     0.01107  0.05395  2.66   85041    4588  414462  1898500  22.32
1965-1969     60-64     0.01714  0.08236  2.65   80453    6627  386689  1484038  18.45
1965-1969     65-69     0.02692  0.12647  2.61   73827    9337  346828  1097349  14.86
1965-1969     70-74     0.04334  0.19647  2.62   64489   12670  292332   750521  11.64
1965-1969     75-79     0.07039  0.30016  2.55   51819   15554  220966   458189   8.84
1965-1969     80-84     0.11330  0.44011  2.46   36265   15961  140866   237223   6.54
1965-1969     85-89     0.18043  0.60662  2.30   20305   12317   68268    96357   4.75
1965-1969     90-94     0.26110  0.74555  2.12    7987    5955   22808    28089   3.52
1965-1969     95-99     0.37073  0.86061  1.89    2032    1749    4718     5281   2.60
1965-1969    100-104    0.49547  0.93043  1.64     283     264     532      563   1.99
1965-1969    105-109    0.62323  0.96596  1.43      20      19      31       31   1.60
1965-1969    110+       0.72260  1.00000  1.38       1       1       1        1   1.38
1970-1974        0      0.01628  0.01605  0.12  100000    1605   98580  7027910  70.28
1970-1974      1-4      0.00120  0.00480  1.67   98395     472  392476  6929330  70.42
1970-1974      5-9      0.00059  0.00295  2.42   97922     289  488865  6536854  66.76
1970-1974     10-14     0.00052  0.00260  2.55   97633     253  487545  6047988  61.95
1970-1974     15-19     0.00109  0.00543  2.86   97380     529  485770  5560443  57.10
1970-1974     20-24     0.00182  0.00908  2.61   96851     880  482153  5074674  52.40
1970-1974     25-29     0.00230  0.01145  2.59   95971    1099  477204  4592521  47.85
1970-1974     30-34     0.00275  0.01368  2.54   94872    1298  471170  4115317  43.38
1970-1974     35-39     0.00350  0.01735  2.59   93574    1624  463964  3644148  38.94
1970-1974     40-44     0.00455  0.02249  2.60   91951    2068  454790  3180184  34.59
1970-1974     45-49     0.00570  0.02809  2.56   89882    2524  443247  2725394  30.32
1970-1974     50-54     0.00819  0.04018  2.63   87358    3510  428483  2282147  26.12
1970-1974     55-59     0.01177  0.05722  2.62   83848    4798  407805  1853664  22.11
1970-1974     60-64     0.01774  0.08511  2.63   79050    6728  379316  1445859  18.29
1970-1974     65-69     0.02768  0.12985  2.62   72322    9391  339296  1066543  14.75
1970-1974     70-74     0.04457  0.20124  2.59   62931   12664  284150   727248  11.56
1970-1974     75-79     0.07298  0.30936  2.54   50266   15550  213084   443098   8.81
1970-1974     80-84     0.11123  0.43358  2.46   34716   15052  135332   230014   6.63
1970-1974     85-89     0.17631  0.59799  2.31   19664   11759   66695    94683   4.82
1970-1974     90-94     0.25918  0.74221  2.12    7905    5867   22637    27988   3.54
1970-1974     95-99     0.36653  0.85730  1.90    2038    1747    4766     5351   2.63
1970-1974    100-104    0.49019  0.92822  1.65     291     270     551      584   2.01
1970-1974    105-109    0.61636  0.96452  1.44      21      20      33       34   1.61
1970-1974    110+       0.71451  1.00000  1.40       1       1       1        1   1.40
1975-1979        0      0.01867  0.01837  0.11  100000    1837   98367  6924641  69.25
1975-1979      1-4      0.00128  0.00511  1.51   98163     501  391406  6826275  69.54
1975-1979      5-9      0.00059  0.00295  2.38   97662     288  487553  6434869  65.89
1975-1979     10-14     0.00061  0.00303  2.49   97374     295  486127  5947315  61.08
1975-1979     15-19     0.00108  0.00538  2.84   97078     523  484264  5461188  56.26
1975-1979     20-24     0.00183  0.00911  2.67   96556     879  480726  4976924  51.54
1975-1979     25-29     0.00224  0.01114  2.57   95676    1066  475790  4496199  46.99
1975-1979     30-34     0.00291  0.01443  2.54   94610    1365  469699  4020409  42.49
1975-1979     35-39     0.00387  0.01916  2.55   93245    1787  461848  3550710  38.08
1975-1979     40-44     0.00521  0.02573  2.60   91458    2353  451655  3088862  33.77
1975-1979     45-49     0.00681  0.03350  2.63   89106    2985  438446  2637207  29.60
1975-1979     50-54     0.00920  0.04501  2.59   86120    3876  421277  2198760  25.53
1975-1979     55-59     0.01295  0.06280  2.61   82244    5165  398872  1777483  21.61
1975-1979     60-64     0.01923  0.09193  2.62   77079    7086  368511  1378611  17.89
1975-1979     65-69     0.02939  0.13738  2.63   69993    9615  327203  1010101  14.43
1975-1979     70-74     0.04725  0.21219  2.60   60378   12812  271126   682898  11.31
1975-1979     75-79     0.07408  0.31372  2.56   47566   14922  201434   411772   8.66
1975-1979     80-84     0.11748  0.45089  2.42   32644   14719  125290   210338   6.44
1975-1979     85-89     0.17969  0.60638  2.32   17925   10869   60490    85049   4.74
1975-1979     90-94     0.26568  0.74866  2.09    7056    5282   19883    24558   3.48
1975-1979     95-99     0.36525  0.85572  1.89    1773    1518    4155     4676   2.64
1975-1979    100-104    0.48373  0.92514  1.66     256     237     489      521   2.04
1975-1979    105-109    0.60449  0.96177  1.46      19      18      30       32   1.65
1975-1979    110+       0.69849  1.00000  1.43       1       1       1        1   1.43
1980-1984        0      0.01503  0.01483  0.12  100000    1483   98692  6933128  69.33
1980-1984      1-4      0.00129  0.00514  1.55   98517     507  392824  6834436  69.37
1980-1984      5-9      0.00059  0.00296  2.44   98010     290  489307  6441612  65.72
1980-1984     10-14     0.00051  0.00257  2.55   97720     251  487984  5952305  60.91
1980-1984     15-19     0.00111  0.00551  2.89   97469     537  486210  5464320  56.06
1980-1984     20-24     0.00164  0.00819  2.65   96931     794  482794  4978110  51.36
1980-1984     25-29     0.00226  0.01125  2.57   96138    1082  478057  4495316  46.76
1980-1984     30-34     0.00290  0.01438  2.56   95056    1367  471948  4017258  42.26
1980-1984     35-39     0.00409  0.02026  2.65   93689    1898  463979  3545311  37.84
1980-1984     40-44     0.00545  0.02689  2.58   91791    2468  452988  3081332  33.57
1980-1984     45-49     0.00738  0.03625  2.62   89323    3238  438904  2628344  29.43
1980-1984     50-54     0.01019  0.04974  2.60   86085    4282  420132  2189440  25.43
1980-1984     55-59     0.01351  0.06539  2.56   81803    5349  395990  1769308  21.63
1980-1984     60-64     0.01985  0.09477  2.61   76454    7246  364932  1373318  17.96
1980-1984     65-69     0.02885  0.13491  2.61   69208    9337  323695  1008386  14.57
1980-1984     70-74     0.04612  0.20771  2.61   59871   12436  269627   684692  11.44
1980-1984     75-79     0.07347  0.31112  2.54   47435   14758  200873   415064   8.75
1980-1984     80-84     0.11488  0.44461  2.46   32677   14528  126462   214191   6.55
1980-1984     85-89     0.17756  0.59986  2.30   18149   10887   61314    87729   4.83
1980-1984     90-94     0.25082  0.72978  2.14    7262    5300   21129    26415   3.64
1980-1984     95-99     0.35673  0.84869  1.91    1962    1665    4669     5286   2.69
1980-1984    100-104    0.47320  0.92042  1.68     297     273     578      617   2.08
1980-1984    105-109    0.59103  0.95850  1.48      24      23      38       40   1.68
1980-1984    110+       0.68095  1.00000  1.47       1       1       1        1   1.47
1985-1989        0      0.01178  0.01166  0.12  100000    1166   98980  7057329  70.57
1985-1989      1-4      0.00100  0.00400  1.67   98834     395  394416  6958349  70.40
1985-1989      5-9      0.00058  0.00289  2.35   98439     285  491441  6563933  66.68
1985-1989     10-14     0.00050  0.00247  2.71   98155     243  490218  6072492  61.87
1985-1989     15-19     0.00101  0.00504  2.85   97912     493  488498  5582275  57.01
1985-1989     20-24     0.00145  0.00722  2.60   97418     704  485402  5093776  52.29
1985-1989     25-29     0.00164  0.00816  2.55   96715     789  481638  4608374  47.65
1985-1989     30-34     0.00210  0.01047  2.55   95925    1004  477171  4126736  43.02
1985-1989     35-39     0.00285  0.01414  2.64   94921    1342  471436  3649566  38.45
1985-1989     40-44     0.00453  0.02242  2.63   93579    2098  462919  3178130  33.96
1985-1989     45-49     0.00626  0.03086  2.61   91481    2823  450644  2715211  29.68
1985-1989     50-54     0.00940  0.04599  2.63   88658    4077  433636  2264567  25.54
1985-1989     55-59     0.01360  0.06589  2.62   84580    5573  409626  1830931  21.65
1985-1989     60-64     0.01903  0.09100  2.59   79008    7190  377739  1421305  17.99
1985-1989     65-69     0.02931  0.13697  2.62   71818    9837  335642  1043566  14.53
1985-1989     70-74     0.04525  0.20404  2.59   61981   12647  279488   707924  11.42
1985-1989     75-79     0.07208  0.30606  2.54   49335   15100  209482   428436   8.68
1985-1989     80-84     0.11823  0.45379  2.44   34235   15536  131399   218954   6.40
1985-1989     85-89     0.18334  0.61359  2.31   18700   11474   62585    87554   4.68
1985-1989     90-94     0.26692  0.75204  2.10    7226    5434   20359    24970   3.46
1985-1989     95-99     0.37487  0.86368  1.88    1792    1547    4128     4611   2.57
1985-1989    100-104    0.49868  0.93147  1.64     244     228     456      483   1.98
1985-1989    105-109    0.62320  0.96574  1.43      17      16      26       27   1.60
1985-1989    110+       0.71846  1.00000  1.39       1       1       1        1   1.39
1990-1994        0      0.01469  0.01451  0.12  100000    1451   98722  6776833  67.77
1990-1994      1-4      0.00101  0.00404  1.70   98549     398  393279  6678111  67.76
1990-1994      5-9      0.00058  0.00288  2.31   98151     283  489992  6284832  64.03
1990-1994     10-14     0.00052  0.00261  2.61   97868     256  488728  5794839  59.21
1990-1994     15-19     0.00127  0.00634  2.90   97612     619  486761  5306112  54.36
1990-1994     20-24     0.00184  0.00915  2.55   96993     887  482793  4819350  49.69
1990-1994     25-29     0.00243  0.01206  2.66   96106    1159  477814  4336557  45.12
1990-1994     30-34     0.00325  0.01612  2.61   94947    1531  471070  3858743  40.64
1990-1994     35-39     0.00445  0.02204  2.63   93416    2059  462211  3387673  36.26
1990-1994     40-44     0.00690  0.03392  2.60   91358    3099  449355  2925462  32.02
1990-1994     45-49     0.00930  0.04550  2.60   88259    4016  431668  2476107  28.05
1990-1994     50-54     0.01313  0.06365  2.61   84243    5362  408375  2044439  24.27
1990-1994     55-59     0.01727  0.08288  2.59   78881    6537  378626  1636064  20.74
1990-1994     60-64     0.02409  0.11382  2.57   72343    8234  341745  1257438  17.38
1990-1994     65-69     0.03245  0.15042  2.58   64110    9643  297202   915693  14.28
1990-1994     70-74     0.04693  0.21053  2.56   54466   11467  244350   618491  11.36
1990-1994     75-79     0.07082  0.30167  2.55   43000   12972  183170   374141   8.70
1990-1994     80-84     0.11786  0.45312  2.45   30028   13606  115443   190971   6.36
1990-1994     85-89     0.18539  0.61947  2.32   16422   10173   54871    75528   4.60
1990-1994     90-94     0.28064  0.77373  2.10    6249    4835   17228    20657   3.31
1990-1994     95-99     0.39971  0.88216  1.83    1414    1247    3120     3429   2.43
1990-1994    100-104    0.53437  0.94454  1.58     167     157     295      308   1.85
1990-1994    105-109    0.66671  0.97355  1.36       9       9      13       14   1.49
1990-1994    110+       0.76560  1.00000  1.31       0       0       0        0   1.31
1995-1999        0      0.01529  0.01508  0.12  100000    1508   98670  6841752  68.42
1995-1999      1-4      0.00087  0.00348  1.73   98492     343  393188  6743082  68.46
1995-1999      5-9      0.00043  0.00213  2.30   98149     209  490179  6349895  64.70
1995-1999     10-14     0.00037  0.00187  2.66   97940     183  489270  5859716  59.83
1995-1999     15-19     0.00110  0.00549  2.93   97757     536  487672  5370446  54.94
1995-1999     20-24     0.00182  0.00908  2.63   97220     883  484009  4882774  50.22
1995-1999     25-29     0.00230  0.01143  2.65   96338    1102  479102  4398765  45.66
1995-1999     30-34     0.00299  0.01484  2.62   95236    1414  472812  3919663  41.16
1995-1999     35-39     0.00431  0.02134  2.66   93822    2002  464425  3446851  36.74
1995-1999     40-44     0.00617  0.03043  2.64   91820    2794  452514  2982426  32.48
1995-1999     45-49     0.00936  0.04577  2.65   89026    4075  435548  2529912  28.42
1995-1999     50-54     0.01320  0.06393  2.58   84951    5431  411588  2094364  24.65
1995-1999     55-59     0.01710  0.08213  2.60   79520    6531  381934  1682776  21.16
1995-1999     60-64     0.02275  0.10779  2.57   72989    7867  345818  1300842  17.82
1995-1999     65-69     0.03113  0.14457  2.54   65122    9415  302414   955024  14.67
1995-1999     70-74     0.04374  0.19765  2.57   55707   11011  251734   652610  11.72
1995-1999     75-79     0.06794  0.29132  2.55   44696   13021  191643   400875   8.97
1995-1999     80-84     0.10975  0.42976  2.48   31676   13613  124039   209233   6.61
1995-1999     85-89     0.17750  0.60140  2.32   18063   10863   61199    85194   4.72
1995-1999     90-94     0.27731  0.77112  2.12    7200    5552   20021    23995   3.33
1995-1999     95-99     0.40171  0.88429  1.84    1648    1457    3627     3974   2.41
1995-1999    100-104    0.54437  0.94807  1.56     191     181     332      347   1.82
1995-1999    105-109    0.68320  0.97613  1.34      10      10      14       14   1.46
1995-1999    110+       0.78484  1.00000  1.27       0       0       0        0   1.27
2000-2004        0      0.01010  0.01002  0.13  100000    1002   99127  7036602  70.37
2000-2004      1-4      0.00068  0.00273  1.72   98998     270  395379  6937475  70.08
2000-2004      5-9      0.00038  0.00190  2.19   98729     188  493117  6542095  66.26
2000-2004     10-14     0.00027  0.00135  2.45   98541     133  492366  6048979  61.39
2000-2004     15-19     0.00081  0.00402  2.96   98408     396  491232  5556612  56.47
2000-2004     20-24     0.00144  0.00719  2.62   98012     705  488382  5065380  51.68
2000-2004     25-29     0.00176  0.00879  2.64   97308     855  484524  4576998  47.04
2000-2004     30-34     0.00247  0.01229  2.70   96453    1186  479532  4092474  42.43
2000-2004     35-39     0.00358  0.01775  2.74   95267    1691  472508  3612942  37.92
2000-2004     40-44     0.00522  0.02580  2.66   93576    2414  462238  3140434  33.56
2000-2004     45-49     0.00784  0.03853  2.70   91161    3513  447743  2678196  29.38
2000-2004     50-54     0.01137  0.05536  2.63   87649    4852  426753  2230453  25.45
2000-2004     55-59     0.01562  0.07530  2.62   82797    6234  399122  1803700  21.78
2000-2004     60-64     0.02104  0.10011  2.58   76562    7665  364292  1404578  18.35
2000-2004     65-69     0.02946  0.13749  2.57   68898    9473  321498  1040286  15.10
2000-2004     70-74     0.04154  0.18880  2.59   59425   11219  270081   718789  12.10
2000-2004     75-79     0.06255  0.27102  2.54   48205   13065  208878   448707   9.31
2000-2004     80-84     0.10445  0.41363  2.49   35140   14535  139164   239829   6.82
2000-2004     85-89     0.16999  0.58637  2.36   20605   12082   71076   100665   4.89
2000-2004     90-94     0.26400  0.75146  2.13    8523    6405   24260    29589   3.47
2000-2004     95-99     0.38357  0.87155  1.87    2118    1846    4813     5329   2.52
2000-2004    100-104    0.52140  0.94062  1.60     272     256     491      515   1.89
2000-2004    105-109    0.65815  0.97237  1.38      16      16      24       24   1.51
2000-2004    110+       0.76064  1.00000  1.31       0       0       1        1   1.31
2005-2009        0      0.00770  0.00765  0.13  100000     765   99337  7132080  71.32
2005-2009      1-4      0.00040  0.00161  1.58   99235     160  396554  7032743  70.87
2005-2009      5-9      0.00029  0.00147  2.55   99075     145  495020  6636188  66.98
2005-2009     10-14     0.00028  0.00138  2.85   98930     137  494355  6141168  62.08
2005-2009     15-19     0.00064  0.00322  2.78   98793     318  493258  5646813  57.16
2005-2009     20-24     0.00105  0.00524  2.63   98475     516  491156  5153556  52.33
2005-2009     25-29     0.00168  0.00836  2.75   97959     819  487955  4662400  47.60
2005-2009     30-34     0.00226  0.01126  2.70   97141    1094  483184  4174445  42.97
2005-2009     35-39     0.00342  0.01698  2.66   96047    1631  476422  3691260  38.43
2005-2009     40-44     0.00484  0.02392  2.68   94417    2258  466848  3214839  34.05
2005-2009     45-49     0.00741  0.03641  2.64   92159    3356  452883  2747991  29.82
2005-2009     50-54     0.01075  0.05242  2.64   88803    4655  433035  2295108  25.84
2005-2009     55-59     0.01527  0.07367  2.63   84147    6199  406048  1862073  22.13
2005-2009     60-64     0.02132  0.10144  2.61   77949    7907  370872  1456025  18.68
2005-2009     65-69     0.02720  0.12757  2.57   70042    8935  328475  1085153  15.49
2005-2009     70-74     0.04004  0.18261  2.60   61107   11159  278700   756678  12.38
2005-2009     75-79     0.06089  0.26490  2.55   49948   13231  217305   477978   9.57
2005-2009     80-84     0.09816  0.39433  2.51   36717   14479  147496   260672   7.10
2005-2009     85-89     0.15926  0.56079  2.36   22238   12471   78308   113176   5.09
2005-2009     90-94     0.25460  0.73814  2.15    9767    7210   28317    34869   3.57
2005-2009     95-99     0.37562  0.86621  1.89    2558    2215    5898     6552   2.56
2005-2009    100-104    0.51662  0.93922  1.61     342     321     622      654   1.91
2005-2009    105-109    0.65580  0.97203  1.38      21      20      31       32   1.52
2005-2009    110+       0.75855  1.00000  1.32       1       1       1        1   1.32
2010-2014        0      0.00536  0.00533  0.14  100000     533   99541  7383684  73.84
2010-2014      1-4      0.00030  0.00122  1.73   99467     121  397592  7284144  73.23
2010-2014      5-9      0.00020  0.00100  2.38   99346     100  496468  6886551  69.32
2010-2014     10-14     0.00020  0.00098  2.59   99246      98  495995  6390083  64.39
2010-2014     15-19     0.00050  0.00252  2.94   99148     249  495228  5894088  59.45
2010-2014     20-24     0.00078  0.00389  2.50   98899     385  493534  5398860  54.59
2010-2014     25-29     0.00116  0.00577  2.68   98514     569  491252  4905326  49.79
2010-2014     30-34     0.00177  0.00883  2.68   97946     865  487722  4414075  45.07
2010-2014     35-39     0.00262  0.01300  2.66   97081    1262  482454  3926353  40.44
2010-2014     40-44     0.00383  0.01897  2.63   95819    1817  474782  3443899  35.94
2010-2014     45-49     0.00570  0.02810  2.66   94002    2642  463822  2969117  31.59
2010-2014     50-54     0.00836  0.04098  2.63   91360    3744  447943  2505296  27.42
2010-2014     55-59     0.01226  0.05955  2.59   87616    5218  425485  2057353  23.48
2010-2014     60-64     0.01800  0.08630  2.62   82398    7111  395037  1631868  19.80
2010-2014     65-69     0.02484  0.11715  2.58   75287    8820  355052  1236831  16.43
2010-2014     70-74     0.03434  0.15851  2.58   66467   10536  306833   881779  13.27
2010-2014     75-79     0.05249  0.23303  2.60   55932   13034  248335   574946  10.28
2010-2014     80-84     0.08629  0.35591  2.54   42898   15268  176936   326611   7.61
2010-2014     85-89     0.14363  0.52393  2.42   27630   14476  100786   149674   5.42
2010-2014     90-94     0.24095  0.72070  2.21   13154    9480   39343    48889   3.72
2010-2014     95-99     0.36890  0.86249  1.91    3674    3169    8589     9546   2.60
2010-2014    100-104    0.52118  0.94152  1.61     505     476     913      957   1.89
2010-2014    105-109    0.66943  0.97433  1.36      30      29      43       44   1.49
2010-2014    110+       0.77468  1.00000  1.29       1       1       1        1   1.29
2015-2019        0      0.00367  0.00366  0.14  100000     366   99686  7497181  74.97
2015-2019      1-4      0.00021  0.00082  1.68   99634      82  398345  7397495  74.25
2015-2019      5-9      0.00012  0.00060  2.51   99552      60  497610  6999150  70.31
2015-2019     10-14     0.00017  0.00085  2.71   99492      85  497265  6501540  65.35
2015-2019     15-19     0.00051  0.00252  3.08   99407     251  496553  6004275  60.40
2015-2019     20-24     0.00079  0.00395  2.59   99156     391  494838  5507722  55.55
2015-2019     25-29     0.00110  0.00551  2.62   98765     544  492527  5012885  50.76
2015-2019     30-34     0.00170  0.00845  2.71   98220     830  489204  4520358  46.02
2015-2019     35-39     0.00239  0.01187  2.63   97390    1156  484211  4031153  41.39
2015-2019     40-44     0.00363  0.01801  2.60   96234    1734  477016  3546942  36.86
2015-2019     45-49     0.00500  0.02471  2.61   94500    2335  466920  3069926  32.49
2015-2019     50-54     0.00759  0.03731  2.67   92165    3438  452822  2603006  28.24
2015-2019     55-59     0.01114  0.05425  2.62   88727    4814  432189  2150184  24.23
2015-2019     60-64     0.01608  0.07744  2.64   83914    6499  404213  1717995  20.47
2015-2019     65-69     0.02298  0.10887  2.59   77415    8428  366772  1313782  16.97
2015-2019     70-74     0.03257  0.15095  2.58   68987   10413  319713   947010  13.73
2015-2019     75-79     0.04753  0.21303  2.57   58573   12478  262542   627297  10.71
2015-2019     80-84     0.07937  0.33251  2.56   46096   15327  193114   364755   7.91
2015-2019     85-89     0.13717  0.50815  2.45   30769   15635  113987   171642   5.58
2015-2019     90-94     0.23233  0.70713  2.23   15133   10701   46061    57655   3.81
2015-2019     95-99     0.36552  0.86077  1.93    4432    3815   10437    11594   2.62
2015-2019    100-104    0.52651  0.94404  1.60     617     583    1106     1157   1.87
2015-2019    105-109    0.68611  0.97711  1.34      35      34      49       50   1.45
2015-2019    110+       0.80036  1.00000  1.25       1       1       1        1   1.25
