Netherlands, Life tables (period 5x5), Total	Last modified: 31 Mar 2021;  Methods Protocol: v6 (2017)

  Year          Age         mx       qx    ax      lx      dx      Lx       Tx     ex
1850-1854        0      0.22803  0.19687  0.31  100000   19687   86335  3919895  39.20
1850-1854      1-4      0.03487  0.12765  1.35   80313   10252  294049  3833560  47.73
1850-1854      5-9      0.00841  0.04105  2.16   70061    2876  342133  3539511  50.52
1850-1854     10-14     0.00482  0.02381  2.42   67185    1599  331795  3197377  47.59
1850-1854     15-19     0.00589  0.02909  2.74   65586    1908  323615  2865582  43.69
1850-1854     20-24     0.00856  0.04188  2.49   63678    2667  311691  2541968  39.92
1850-1854     25-29     0.00947  0.04626  2.49   61011    2822  297986  2230277  36.56
1850-1854     30-34     0.01086  0.05291  2.61   58189    3079  283583  1932291  33.21
1850-1854     35-39     0.01241  0.06026  2.60   55111    3321  267573  1648708  29.92
1850-1854     40-44     0.01362  0.06585  2.50   51789    3410  250410  1381135  26.67
1850-1854     45-49     0.01529  0.07362  2.49   48379    3562  232960  1130726  23.37
1850-1854     50-54     0.01933  0.09233  2.57   44818    4138  214044   897766  20.03
1850-1854     55-59     0.02536  0.11942  2.57   40680    4858  191584   683722  16.81
1850-1854     60-64     0.03550  0.16346  2.58   35822    5855  164921   492139  13.74
1850-1854     65-69     0.05317  0.23504  2.53   29966    7043  132469   327218  10.92
1850-1854     70-74     0.08013  0.33485  2.55   22923    7676   95787   194749   8.50
1850-1854     75-79     0.11912  0.45452  2.39   15247    6930   58181    98961   6.49
1850-1854     80-84     0.17344  0.59172  2.32    8317    4921   28375    40781   4.90
1850-1854     85-89     0.25405  0.73063  2.09    3396    2481    9766    12406   3.65
1850-1854     90-94     0.32969  0.82709  1.99     915     757    2295     2641   2.89
1850-1854     95-99     0.44852  0.90802  1.72     158     144     320      346   2.19
1850-1854    100-104    0.55983  0.95036  1.53      15      14      25       26   1.77
1850-1854    105-109    0.66572  0.97249  1.36       1       1       1        1   1.50
1850-1854    110+       0.74565  1.00000  1.34       0       0       0        0   1.34
1855-1859        0      0.25838  0.21909  0.31  100000   21909   84793  3469864  34.70
1855-1859      1-4      0.04402  0.15784  1.38   78091   12326  280016  3385071  43.35
1855-1859      5-9      0.01151  0.05573  2.15   65766    3665  318381  3105055  47.21
1855-1859     10-14     0.00576  0.02839  2.37   62101    1763  305866  2786673  44.87
1855-1859     15-19     0.00679  0.03342  2.71   60337    2017  297076  2480808  41.12
1855-1859     20-24     0.00981  0.04788  2.52   58321    2792  284689  2183731  37.44
1855-1859     25-29     0.01077  0.05245  2.49   55528    2912  270323  1899043  34.20
1855-1859     30-34     0.01206  0.05856  2.56   52616    3081  255565  1628719  30.95
1855-1859     35-39     0.01462  0.07064  2.62   49535    3499  239342  1373154  27.72
1855-1859     40-44     0.01630  0.07829  2.48   46035    3604  221084  1133813  24.63
1855-1859     45-49     0.01834  0.08773  2.54   42431    3723  203011   912729  21.51
1855-1859     50-54     0.02356  0.11138  2.56   38709    4312  183018   709718  18.33
1855-1859     55-59     0.02918  0.13623  2.56   34397    4686  160568   526700  15.31
1855-1859     60-64     0.04324  0.19572  2.58   29711    5815  134493   366132  12.32
1855-1859     65-69     0.06421  0.27670  2.50   23896    6612  102969   231638   9.69
1855-1859     70-74     0.09679  0.38954  2.50   17284    6733   69564   128670   7.44
1855-1859     75-79     0.14575  0.52693  2.37   10551    5560   38146    59106   5.60
1855-1859     80-84     0.21174  0.66795  2.24    4991    3334   15746    20960   4.20
1855-1859     85-89     0.29951  0.79058  2.01    1657    1310    4375     5214   3.15
1855-1859     90-94     0.40166  0.88088  1.81     347     306     761      840   2.42
1855-1859     95-99     0.52205  0.93918  1.59      41      39      74       78   1.89
1855-1859    100-104    0.63654  0.96787  1.41       3       2       4        4   1.56
1855-1859    105-109    0.73827  0.98182  1.26       0       0       0        0   1.35
1855-1859    110+       0.81111  1.00000  1.23       0       0       0        0   1.23
1860-1864        0      0.23769  0.20403  0.31  100000   20403   85837  3756209  37.56
1860-1864      1-4      0.03974  0.14406  1.40   79597   11467  288577  3670371  46.11
1860-1864      5-9      0.01074  0.05210  2.11   68130    3549  330408  3381794  49.64
1860-1864     10-14     0.00549  0.02707  2.36   64581    1748  318287  3051387  47.25
1860-1864     15-19     0.00639  0.03146  2.64   62833    1976  309496  2733100  43.50
1860-1864     20-24     0.00845  0.04135  2.50   60857    2517  297995  2423603  39.82
1860-1864     25-29     0.00932  0.04553  2.52   58340    2656  285116  2125608  36.43
1860-1864     30-34     0.01031  0.05025  2.54   55684    2798  271524  1840492  33.05
1860-1864     35-39     0.01235  0.05992  2.52   52886    3169  256570  1568968  29.67
1860-1864     40-44     0.01384  0.06687  2.50   49717    3325  240273  1312398  26.40
1860-1864     45-49     0.01558  0.07502  2.53   46392    3480  223381  1072124  23.11
1860-1864     50-54     0.01942  0.09276  2.60   42912    3980  205004   848743  19.78
1860-1864     55-59     0.02568  0.12083  2.57   38931    4704  183209   643739  16.54
1860-1864     60-64     0.03701  0.16995  2.60   34227    5817  157167   460530  13.46
1860-1864     65-69     0.05412  0.23884  2.54   28410    6786  125390   303363  10.68
1860-1864     70-74     0.08358  0.34617  2.52   21625    7486   89567   177973   8.23
1860-1864     75-79     0.12373  0.46701  2.38   14139    6603   53366    88405   6.25
1860-1864     80-84     0.18530  0.61810  2.31    7536    4658   25138    35039   4.65
1860-1864     85-89     0.26984  0.75741  2.10    2878    2180    8078     9901   3.44
1860-1864     90-94     0.36914  0.85722  1.88     698     599    1621     1823   2.61
1860-1864     95-99     0.48644  0.92596  1.66     100      92     190      202   2.03
1860-1864    100-104    0.60360  0.96141  1.46       7       7      12       12   1.65
1860-1864    105-109    0.71048  0.97876  1.30       0       0       0        0   1.40
1860-1864    110+       0.78831  1.00000  1.27       0       0       0        0   1.27
1865-1869        0      0.25269  0.21498  0.31  100000   21498   85078  3743205  37.43
1865-1869      1-4      0.03718  0.13554  1.39   78502   10640  286211  3658128  46.60
1865-1869      5-9      0.01005  0.04888  2.15   67862    3317  329870  3371916  49.69
1865-1869     10-14     0.00559  0.02757  2.38   64545    1779  318066  3042046  47.13
1865-1869     15-19     0.00658  0.03239  2.67   62766    2033  309084  2723980  43.40
1865-1869     20-24     0.00886  0.04336  2.50   60733    2633  297068  2414896  39.76
1865-1869     25-29     0.00936  0.04575  2.52   58099    2658  283897  2117828  36.45
1865-1869     30-34     0.01073  0.05225  2.54   55441    2897  270068  1833931  33.08
1865-1869     35-39     0.01263  0.06125  2.55   52544    3218  254835  1563863  29.76
1865-1869     40-44     0.01390  0.06719  2.51   49326    3314  238369  1309027  26.54
1865-1869     45-49     0.01528  0.07360  2.51   46011    3387  221628  1070658  23.27
1865-1869     50-54     0.01901  0.09082  2.54   42625    3871  203601   849031  19.92
1865-1869     55-59     0.02514  0.11847  2.58   38754    4591  182637   645429  16.65
1865-1869     60-64     0.03613  0.16603  2.56   34163    5672  156987   462792  13.55
1865-1869     65-69     0.05364  0.23711  2.55   28491    6755  125933   305805  10.73
1865-1869     70-74     0.08172  0.33931  2.50   21735    7375   90242   179872   8.28
1865-1869     75-79     0.12491  0.47294  2.43   14360    6791   54369    89630   6.24
1865-1869     80-84     0.18531  0.61599  2.28    7569    4662   25160    35260   4.66
1865-1869     85-89     0.26322  0.74659  2.10    2906    2170    8244    10101   3.48
1865-1869     90-94     0.38517  0.86881  1.84     737     640    1661     1857   2.52
1865-1869     95-99     0.48617  0.92593  1.66      97      89     184      196   2.03
1865-1869    100-104    0.60454  0.96171  1.46       7       7      11       12   1.64
1865-1869    105-109    0.71322  0.97915  1.30       0       0       0        0   1.40
1865-1869    110+       0.79261  1.00000  1.26       0       0       0        0   1.26
1870-1874        0      0.26148  0.22131  0.31  100000   22131   84638  3742126  37.42
1870-1874      1-4      0.03718  0.13552  1.38   77869   10552  283816  3657488  46.97
1870-1874      5-9      0.00972  0.04726  2.09   67317    3181  327334  3373672  50.12
1870-1874     10-14     0.00522  0.02574  2.42   64136    1651  316417  3046338  47.50
1870-1874     15-19     0.00677  0.03333  2.69   62485    2083  307615  2729921  43.69
1870-1874     20-24     0.00921  0.04502  2.49   60402    2719  295195  2422305  40.10
1870-1874     25-29     0.00949  0.04634  2.51   57683    2673  281762  2127111  36.88
1870-1874     30-34     0.01048  0.05105  2.53   55010    2809  268103  1845348  33.55
1870-1874     35-39     0.01179  0.05727  2.51   52201    2989  253548  1577245  30.21
1870-1874     40-44     0.01313  0.06358  2.49   49212    3129  238215  1323697  26.90
1870-1874     45-49     0.01446  0.06981  2.51   46083    3217  222417  1085482  23.55
1870-1874     50-54     0.01812  0.08676  2.56   42866    3719  205267   863065  20.13
1870-1874     55-59     0.02416  0.11419  2.60   39147    4470  184994   657798  16.80
1870-1874     60-64     0.03552  0.16365  2.60   34677    5675  159781   472804  13.63
1870-1874     65-69     0.05191  0.23024  2.55   29002    6677  128641   313023  10.79
1870-1874     70-74     0.08276  0.34329  2.52   22325    7664   92608   184382   8.26
1870-1874     75-79     0.12503  0.47198  2.40   14661    6920   55344    91774   6.26
1870-1874     80-84     0.18180  0.61144  2.32    7741    4733   26035    36430   4.71
1870-1874     85-89     0.26599  0.74995  2.09    3008    2256    8481    10395   3.46
1870-1874     90-94     0.37987  0.86791  1.87     752     653    1718     1914   2.54
1870-1874     95-99     0.50208  0.93273  1.63      99      93     185      195   1.96
1870-1874    100-104    0.62632  0.96636  1.42       7       6      10       11   1.59
1870-1874    105-109    0.73693  0.98187  1.26       0       0       0        0   1.35
1870-1874    110+       0.81525  1.00000  1.23       0       0       0        0   1.23
1875-1879        0      0.24545  0.20972  0.31  100000   20972   85441  4078141  40.78
1875-1879      1-4      0.02987  0.11054  1.29   79028    8735  292404  3992700  50.52
1875-1879      5-9      0.00660  0.03240  2.14   70293    2277  344944  3700295  52.64
1875-1879     10-14     0.00393  0.01945  2.47   68016    1323  336738  3355351  49.33
1875-1879     15-19     0.00569  0.02806  2.71   66693    1872  329182  3018613  45.26
1875-1879     20-24     0.00778  0.03817  2.51   64821    2474  317954  2689431  41.49
1875-1879     25-29     0.00830  0.04065  2.50   62347    2534  305394  2371477  38.04
1875-1879     30-34     0.00934  0.04566  2.54   59813    2731  292343  2066083  34.54
1875-1879     35-39     0.01057  0.05150  2.52   57082    2940  278124  1773740  31.07
1875-1879     40-44     0.01157  0.05624  2.52   54142    3045  263167  1495616  27.62
1875-1879     45-49     0.01292  0.06261  2.54   51098    3199  247620  1232449  24.12
1875-1879     50-54     0.01685  0.08095  2.59   47898    3877  230150   984829  20.56
1875-1879     55-59     0.02241  0.10633  2.60   44021    4681  208855   754679  17.14
1875-1879     60-64     0.03341  0.15464  2.60   39340    6084  182104   545824  13.87
1875-1879     65-69     0.05076  0.22595  2.57   33256    7514  148040   363720  10.94
1875-1879     70-74     0.07949  0.33194  2.52   25742    8545  107494   215680   8.38
1875-1879     75-79     0.12443  0.47123  2.43   17197    8104   65128   108186   6.29
1875-1879     80-84     0.17988  0.60589  2.31    9093    5510   30630    43058   4.74
1875-1879     85-89     0.26617  0.75023  2.09    3584    2689   10101    12428   3.47
1875-1879     90-94     0.36985  0.86068  1.89     895     770    2083     2327   2.60
1875-1879     95-99     0.50458  0.93387  1.63     125     116     231      244   1.95
1875-1879    100-104    0.63154  0.96748  1.42       8       8      13       13   1.58
1875-1879    105-109    0.74465  0.98274  1.26       0       0       0        0   1.34
1875-1879    110+       0.82448  1.00000  1.21       0       0       0        0   1.21
1880-1884        0      0.23483  0.20191  0.31  100000   20191   85983  4213970  42.14
1880-1884      1-4      0.02959  0.10962  1.31   79809    8749  295704  4127988  51.72
1880-1884      5-9      0.00632  0.03102  2.11   71060    2204  348926  3832283  53.93
1880-1884     10-14     0.00358  0.01773  2.47   68856    1221  341195  3483357  50.59
1880-1884     15-19     0.00512  0.02532  2.68   67635    1712  334195  3142162  46.46
1880-1884     20-24     0.00676  0.03325  2.53   65923    2192  324191  2807967  42.59
1880-1884     25-29     0.00755  0.03706  2.53   63731    2362  312821  2483776  38.97
1880-1884     30-34     0.00850  0.04163  2.54   61369    2555  300547  2170955  35.38
1880-1884     35-39     0.00974  0.04757  2.54   58814    2797  287195  1870407  31.80
1880-1884     40-44     0.01103  0.05368  2.50   56017    3007  272575  1583212  28.26
1880-1884     45-49     0.01214  0.05895  2.56   53010    3125  257408  1310637  24.72
1880-1884     50-54     0.01560  0.07519  2.59   49884    3751  240376  1053229  21.11
1880-1884     55-59     0.02170  0.10314  2.60   46134    4758  219268   812853  17.62
1880-1884     60-64     0.03125  0.14542  2.62   41375    6017  192551   593585  14.35
1880-1884     65-69     0.04781  0.21435  2.59   35359    7579  158536   401034  11.34
1880-1884     70-74     0.07499  0.31642  2.53   27780    8790  117213   242497   8.73
1880-1884     75-79     0.11461  0.44204  2.41   18990    8394   73239   125284   6.60
1880-1884     80-84     0.17255  0.58985  2.32   10595    6250   36220    52045   4.91
1880-1884     85-89     0.25209  0.73129  2.13    4346    3178   12606    15825   3.64
1880-1884     90-94     0.34741  0.84350  1.95    1168     985    2835     3219   2.76
1880-1884     95-99     0.46828  0.91814  1.69     183     168     358      384   2.10
1880-1884    100-104    0.58622  0.95750  1.48      15      14      24       25   1.69
1880-1884    105-109    0.69553  0.97691  1.32       1       1       1        1   1.43
1880-1884    110+       0.77618  1.00000  1.29       0       0       0        0   1.29
1885-1889        0      0.21425  0.18651  0.31  100000   18651   87052  4376152  43.76
1885-1889      1-4      0.02793  0.10398  1.33   81349    8459  302807  4289100  52.72
1885-1889      5-9      0.00621  0.03052  2.08   72890    2225  357956  3986292  54.69
1885-1889     10-14     0.00343  0.01698  2.45   70666    1200  350274  3628336  51.35
1885-1889     15-19     0.00476  0.02353  2.69   69466    1635  343555  3278062  47.19
1885-1889     20-24     0.00636  0.03132  2.51   67831    2124  333872  2934508  43.26
1885-1889     25-29     0.00682  0.03354  2.52   65707    2204  323060  2600636  39.58
1885-1889     30-34     0.00781  0.03830  2.56   63503    2432  311584  2277577  35.87
1885-1889     35-39     0.00938  0.04587  2.56   61071    2801  298518  1965992  32.19
1885-1889     40-44     0.01036  0.05051  2.50   58269    2943  283984  1667474  28.62
1885-1889     45-49     0.01185  0.05757  2.54   55326    3185  268809  1383490  25.01
1885-1889     50-54     0.01490  0.07193  2.59   52141    3751  251678  1114681  21.38
1885-1889     55-59     0.02073  0.09877  2.61   48390    4779  230533   863003  17.83
1885-1889     60-64     0.03057  0.14250  2.62   43611    6215  203277   632470  14.50
1885-1889     65-69     0.04705  0.21116  2.58   37396    7897  167844   429193  11.48
1885-1889     70-74     0.07180  0.30518  2.54   29500    9003  125380   261349   8.86
1885-1889     75-79     0.11318  0.43914  2.45   20497    9001   79527   135968   6.63
1885-1889     80-84     0.17243  0.58972  2.32   11496    6779   39317    56442   4.91
1885-1889     85-89     0.25118  0.73114  2.14    4717    3448   13729    17125   3.63
1885-1889     90-94     0.35848  0.84771  1.89    1268    1075    2999     3396   2.68
1885-1889     95-99     0.47825  0.92303  1.67     193     178     373      397   2.06
1885-1889    100-104    0.60202  0.96143  1.46      15      14      24       25   1.65
1885-1889    105-109    0.71579  0.97959  1.29       1       1       1        1   1.39
1885-1889    110+       0.79829  1.00000  1.25       0       0       0        0   1.25
1890-1894        0      0.20229  0.17738  0.31  100000   17738   87686  4508992  45.09
1890-1894      1-4      0.02420  0.09080  1.27   82262    7469  308689  4421306  53.75
1890-1894      5-9      0.00499  0.02460  2.13   74793    1840  368692  4112617  54.99
1890-1894     10-14     0.00322  0.01600  2.52   72953    1167  361869  3743924  51.32
1890-1894     15-19     0.00460  0.02276  2.66   71786    1634  355099  3382056  47.11
1890-1894     20-24     0.00604  0.02976  2.51   70152    2088  345571  3026956  43.15
1890-1894     25-29     0.00652  0.03207  2.50   68064    2183  334860  2681386  39.39
1890-1894     30-34     0.00749  0.03680  2.56   65881    2425  323491  2346525  35.62
1890-1894     35-39     0.00898  0.04393  2.55   63457    2787  310460  2023034  31.88
1890-1894     40-44     0.01027  0.05008  2.52   60669    3038  295826  1712574  28.23
1890-1894     45-49     0.01181  0.05743  2.58   57631    3310  280143  1416749  24.58
1890-1894     50-54     0.01560  0.07517  2.58   54322    4083  261716  1136605  20.92
1890-1894     55-59     0.02118  0.10081  2.61   50238    5065  239076   874889  17.41
1890-1894     60-64     0.03216  0.14930  2.61   45174    6744  209743   635813  14.07
1890-1894     65-69     0.04912  0.21929  2.56   38429    8427  171573   426070  11.09
1890-1894     70-74     0.07747  0.32488  2.52   30002    9747  125814   254497   8.48
1890-1894     75-79     0.12008  0.45895  2.43   20255    9296   77417   128683   6.35
1890-1894     80-84     0.18283  0.61142  2.29   10959    6701   36649    51266   4.68
1890-1894     85-89     0.26820  0.75782  2.13    4258    3227   12033    14617   3.43
1890-1894     90-94     0.38680  0.87619  1.88    1031     904    2336     2585   2.51
1890-1894     95-99     0.50717  0.93467  1.62     128     119     235      248   1.95
1890-1894    100-104    0.63174  0.96739  1.41       8       8      13       13   1.58
1890-1894    105-109    0.74182  0.98236  1.26       0       0       0        0   1.35
1890-1894    110+       0.81924  1.00000  1.22       0       0       0        0   1.22
1895-1899        0      0.18652  0.16514  0.31  100000   16514   88536  4863760  48.64
1895-1899      1-4      0.01861  0.07081  1.24   83486    5911  317608  4775224  57.20
1895-1899      5-9      0.00381  0.01883  2.17   77575    1461  383744  4457616  57.46
1895-1899     10-14     0.00260  0.01291  2.56   76114     983  378168  4073872  53.52
1895-1899     15-19     0.00404  0.02002  2.69   75131    1504  372182  3695703  49.19
1895-1899     20-24     0.00539  0.02661  2.51   73627    1959  363249  3323521  45.14
1895-1899     25-29     0.00565  0.02788  2.52   71668    1998  353383  2960273  41.31
1895-1899     30-34     0.00629  0.03099  2.55   69670    2159  343065  2606890  37.42
1895-1899     35-39     0.00734  0.03607  2.55   67511    2435  331598  2263825  33.53
1895-1899     40-44     0.00852  0.04173  2.54   65076    2716  318701  1932227  29.69
1895-1899     45-49     0.01024  0.04997  2.58   62361    3116  304259  1613527  25.87
1895-1899     50-54     0.01343  0.06504  2.60   59245    3853  286982  1309268  22.10
1895-1899     55-59     0.01872  0.08958  2.61   55391    4962  265081  1022287  18.46
1895-1899     60-64     0.02823  0.13232  2.64   50429    6673  236402   757205  15.02
1895-1899     65-69     0.04352  0.19702  2.60   43757    8621  198091   520804  11.90
1895-1899     70-74     0.06782  0.29063  2.54   35136   10211  150557   322713   9.18
1895-1899     75-79     0.10710  0.42117  2.46   24924   10497   98011   172156   6.91
1895-1899     80-84     0.16156  0.56627  2.36   14427    8170   50568    74144   5.14
1895-1899     85-89     0.24067  0.71297  2.14    6257    4461   18537    23577   3.77
1895-1899     90-94     0.34007  0.83451  1.95    1796    1499    4407     5040   2.81
1895-1899     95-99     0.46150  0.91554  1.71     297     272     590      632   2.13
1895-1899    100-104    0.58575  0.95774  1.49      25      24      41       43   1.70
1895-1899    105-109    0.70111  0.97781  1.31       1       1       1        2   1.42
1895-1899    110+       0.78531  1.00000  1.27       0       0       0        0   1.27
1900-1904        0      0.17109  0.15293  0.31  100000   15293   89383  5005473  50.05
1900-1904      1-4      0.01789  0.06820  1.26   84707    5777  322978  4916089  58.04
1900-1904      5-9      0.00376  0.01858  2.14   78930    1467  390459  4593112  58.19
1900-1904     10-14     0.00249  0.01235  2.54   77463     957  384960  4202653  54.25
1900-1904     15-19     0.00387  0.01916  2.69   76506    1466  379143  3817693  49.90
1900-1904     20-24     0.00491  0.02424  2.54   75040    1819  370725  3438550  45.82
1900-1904     25-29     0.00516  0.02547  2.52   73222    1865  361473  3067825  41.90
1900-1904     30-34     0.00554  0.02734  2.54   71356    1951  351981  2706352  37.93
1900-1904     35-39     0.00653  0.03213  2.57   69406    2230  341612  2354371  33.92
1900-1904     40-44     0.00794  0.03893  2.54   67175    2615  329447  2012759  29.96
1900-1904     45-49     0.00967  0.04723  2.57   64560    3049  315404  1683312  26.07
1900-1904     50-54     0.01293  0.06270  2.59   61511    3857  298269  1367908  22.24
1900-1904     55-59     0.01822  0.08727  2.61   57654    5032  276233  1069639  18.55
1900-1904     60-64     0.02736  0.12842  2.62   52623    6758  247023   793406  15.08
1900-1904     65-69     0.04294  0.19465  2.60   45865    8928  207929   546382  11.91
1900-1904     70-74     0.06817  0.29182  2.54   36937   10779  158124   338453   9.16
1900-1904     75-79     0.10649  0.41860  2.45   26158   10950  102824   180330   6.89
1900-1904     80-84     0.16304  0.56881  2.34   15208    8651   53058    77505   5.10
1900-1904     85-89     0.24339  0.71938  2.16    6558    4717   19382    24447   3.73
1900-1904     90-94     0.34918  0.85442  2.01    1840    1572    4503     5065   2.75
1900-1904     95-99     0.46806  0.91856  1.69     268     246     526      562   2.10
1900-1904    100-104    0.59179  0.95910  1.48      22      21      35       37   1.68
1900-1904    105-109    0.70546  0.97831  1.31       1       1       1        1   1.41
1900-1904    110+       0.78797  1.00000  1.27       0       0       0        0   1.27
1905-1909        0      0.14226  0.12947  0.31  100000   12947   91012  5321056  53.21
1905-1909      1-4      0.01434  0.05517  1.24   87053    4802  334975  5230044  60.08
1905-1909      5-9      0.00305  0.01510  2.15   82250    1242  407707  4895069  59.51
1905-1909     10-14     0.00208  0.01034  2.55   81008     837  402988  4487362  55.39
1905-1909     15-19     0.00332  0.01649  2.69   80171    1322  397804  4084374  50.95
1905-1909     20-24     0.00432  0.02135  2.50   78849    1684  390042  3686569  46.75
1905-1909     25-29     0.00444  0.02196  2.51   77165    1694  381608  3296528  42.72
1905-1909     30-34     0.00488  0.02412  2.56   75471    1821  372903  2914920  38.62
1905-1909     35-39     0.00573  0.02828  2.56   73650    2083  363170  2542017  34.51
1905-1909     40-44     0.00692  0.03405  2.57   71568    2437  351906  2178847  30.44
1905-1909     45-49     0.00872  0.04269  2.58   69131    2951  338527  1826941  26.43
1905-1909     50-54     0.01204  0.05853  2.61   66180    3874  321654  1488414  22.49
1905-1909     55-59     0.01746  0.08385  2.63   62306    5224  299152  1166760  18.73
1905-1909     60-64     0.02687  0.12633  2.63   57082    7211  268322   867607  15.20
1905-1909     65-69     0.04184  0.19005  2.59   49871    9478  226527   599285  12.02
1905-1909     70-74     0.06632  0.28536  2.56   40393   11527  173809   372758   9.23
1905-1909     75-79     0.10568  0.41693  2.47   28867   12035  113888   198949   6.89
1905-1909     80-84     0.16499  0.57217  2.32   16831    9630   58369    85062   5.05
1905-1909     85-89     0.24532  0.72060  2.14    7201    5189   21152    26693   3.71
1905-1909     90-94     0.34854  0.84494  1.95    2012    1700    4877     5541   2.75
1905-1909     95-99     0.46186  0.91539  1.70     312     286     618      663   2.13
1905-1909    100-104    0.58231  0.95670  1.49      26      25      43       45   1.71
1905-1909    105-109    0.69432  0.97683  1.32       1       1       2        2   1.44
1905-1909    110+       0.77678  1.00000  1.29       0       0       0        0   1.29
1910-1914        0      0.12357  0.11381  0.31  100000   11381   92099  5599253  55.99
1910-1914      1-4      0.01183  0.04583  1.23   88619    4061  343217  5507154  62.14
1910-1914      5-9      0.00248  0.01231  2.16   84558    1041  419831  5163937  61.07
1910-1914     10-14     0.00184  0.00916  2.59   83517     765  415743  4744106  56.80
1910-1914     15-19     0.00292  0.01448  2.70   82752    1198  411002  4328363  52.31
1910-1914     20-24     0.00357  0.01769  2.52   81554    1443  404183  3917361  48.03
1910-1914     25-29     0.00382  0.01894  2.53   80111    1517  396801  3513178  43.85
1910-1914     30-34     0.00425  0.02101  2.55   78593    1652  388920  3116377  39.65
1910-1914     35-39     0.00500  0.02470  2.57   76942    1901  380083  2727456  35.45
1910-1914     40-44     0.00605  0.02979  2.58   75041    2236  369803  2347373  31.28
1910-1914     45-49     0.00789  0.03872  2.58   72806    2819  357213  1977570  27.16
1910-1914     50-54     0.01105  0.05385  2.63   69987    3769  341011  1620357  23.15
1910-1914     55-59     0.01612  0.07766  2.66   66218    5142  319041  1279346  19.32
1910-1914     60-64     0.02449  0.11574  2.62   61076    7069  288586   960305  15.72
1910-1914     65-69     0.03937  0.18002  2.62   54007    9722  246934   671719  12.44
1910-1914     70-74     0.06211  0.26968  2.56   44284   11942  192284   424785   9.59
1910-1914     75-79     0.09919  0.39658  2.47   32342   12826  129312   232501   7.19
1910-1914     80-84     0.15259  0.54377  2.36   19516   10612   69548   103189   5.29
1910-1914     85-89     0.23963  0.71317  2.16    8904    6350   26499    33641   3.78
1910-1914     90-94     0.34084  0.83588  1.95    2554    2135    6263     7142   2.80
1910-1914     95-99     0.46839  0.91923  1.70     419     385     823      879   2.10
1910-1914    100-104    0.59812  0.96082  1.47      34      33      54       56   1.66
1910-1914    105-109    0.71630  0.97974  1.29       1       1       2        2   1.39
1910-1914    110+       0.80082  1.00000  1.25       0       0       0        0   1.25
1915-1919        0      0.10466  0.09757  0.31  100000    9757   93225  5411054  54.11
1915-1919      1-4      0.01502  0.05772  1.29   90243    5209  346847  5317829  58.93
1915-1919      5-9      0.00336  0.01664  2.15   85034    1415  421143  4970982  58.46
1915-1919     10-14     0.00248  0.01235  2.61   83619    1033  415626  4549838  54.41
1915-1919     15-19     0.00434  0.02149  2.70   82587    1775  408853  4134212  50.06
1915-1919     20-24     0.00533  0.02629  2.52   80812    2125  398789  3725359  46.10
1915-1919     25-29     0.00571  0.02814  2.51   78687    2214  387931  3326570  42.28
1915-1919     30-34     0.00591  0.02913  2.50   76472    2228  376781  2938639  38.43
1915-1919     35-39     0.00637  0.03133  2.51   74245    2326  365439  2561858  34.51
1915-1919     40-44     0.00707  0.03476  2.54   71918    2500  353445  2196418  30.54
1915-1919     45-49     0.00860  0.04214  2.58   69419    2925  340014  1842973  26.55
1915-1919     50-54     0.01173  0.05704  2.63   66493    3793  323481  1502960  22.60
1915-1919     55-59     0.01694  0.08141  2.63   62700    5105  301425  1179479  18.81
1915-1919     60-64     0.02633  0.12390  2.62   57595    7136  271017   878053  15.25
1915-1919     65-69     0.04110  0.18719  2.62   50459    9446  229819   607037  12.03
1915-1919     70-74     0.06638  0.28587  2.57   41014   11725  176626   377218   9.20
1915-1919     75-79     0.10628  0.41895  2.47   29289   12271  115458   200592   6.85
1915-1919     80-84     0.16632  0.57631  2.34   17019    9808   58972    85134   5.00
1915-1919     85-89     0.25127  0.73409  2.17    7211    5293   21066    26162   3.63
1915-1919     90-94     0.36094  0.85332  1.91    1917    1636    4533     5096   2.66
1915-1919     95-99     0.49173  0.92908  1.65     281     261     531      563   2.00
1915-1919    100-104    0.62034  0.96538  1.43      20      19      31       32   1.60
1915-1919    105-109    0.73466  0.98170  1.27       1       1       1        1   1.36
1915-1919    110+       0.81509  1.00000  1.23       0       0       0        0   1.23
1920-1924        0      0.08079  0.07650  0.31  100000    7650   94688  6045253  60.45
1920-1924      1-4      0.00775  0.03036  1.29   92350    2804  361791  5950566  64.43
1920-1924      5-9      0.00184  0.00914  2.20   89546     819  445439  5588775  62.41
1920-1924     10-14     0.00144  0.00715  2.62   88728     634  442131  5143336  57.97
1920-1924     15-19     0.00255  0.01266  2.70   88093    1115  437902  4701204  53.37
1920-1924     20-24     0.00326  0.01619  2.51   86978    1408  431382  4263303  49.02
1920-1924     25-29     0.00335  0.01662  2.49   85570    1422  424274  3831921  44.78
1920-1924     30-34     0.00366  0.01812  2.55   84148    1525  417008  3407647  40.50
1920-1924     35-39     0.00430  0.02129  2.56   82624    1759  408827  2990639  36.20
1920-1924     40-44     0.00517  0.02555  2.58   80864    2066  399330  2581813  31.93
1920-1924     45-49     0.00681  0.03350  2.61   78798    2639  387693  2182483  27.70
1920-1924     50-54     0.00990  0.04835  2.64   76159    3682  372089  1794790  23.57
1920-1924     55-59     0.01500  0.07244  2.64   72477    5250  350012  1422700  19.63
1920-1924     60-64     0.02329  0.11043  2.66   67227    7424  318734  1072688  15.96
1920-1924     65-69     0.03745  0.17191  2.62   59803   10281  274516   753954  12.61
1920-1924     70-74     0.06060  0.26425  2.58   49522   13086  215947   479438   9.68
1920-1924     75-79     0.09800  0.39343  2.49   36436   14335  146270   263491   7.23
1920-1924     80-84     0.15382  0.54710  2.36   22101   12091   78609   117221   5.30
1920-1924     85-89     0.23290  0.70454  2.20   10010    7052   30280    38612   3.86
1920-1924     90-94     0.33894  0.83516  1.96    2957    2470    7287     8332   2.82
1920-1924     95-99     0.45786  0.91400  1.71     488     446     973     1044   2.14
1920-1924    100-104    0.58387  0.95736  1.49      42      40      69       71   1.70
1920-1924    105-109    0.70036  0.97774  1.31       2       2       2        3   1.42
1920-1924    110+       0.78504  1.00000  1.27       0       0       0        0   1.27
1925-1929        0      0.05980  0.05723  0.25  100000    5723   95697  6288824  62.89
1925-1929      1-4      0.00663  0.02605  1.34   94277    2456  370568  6193127  65.69
1925-1929      5-9      0.00179  0.00893  2.20   91822     820  456810  5822559  63.41
1925-1929     10-14     0.00127  0.00633  2.60   91002     576  453624  5365749  58.96
1925-1929     15-19     0.00212  0.01055  2.69   90426     954  449921  4912125  54.32
1925-1929     20-24     0.00268  0.01332  2.50   89471    1191  444380  4462205  49.87
1925-1929     25-29     0.00282  0.01401  2.53   88280    1237  438338  4017825  45.51
1925-1929     30-34     0.00301  0.01495  2.54   87043    1301  432019  3579487  41.12
1925-1929     35-39     0.00371  0.01837  2.60   85742    1575  424922  3147467  36.71
1925-1929     40-44     0.00455  0.02251  2.57   84167    1895  416237  2722545  32.35
1925-1929     45-49     0.00627  0.03092  2.65   82272    2544  405381  2306309  28.03
1925-1929     50-54     0.00930  0.04551  2.64   79728    3628  390081  1900928  23.84
1925-1929     55-59     0.01392  0.06740  2.64   76100    5129  368389  1510847  19.85
1925-1929     60-64     0.02218  0.10540  2.65   70971    7480  337283  1142457  16.10
1925-1929     65-69     0.03632  0.16721  2.63   63491   10617  292275   805174  12.68
1925-1929     70-74     0.05971  0.26086  2.58   52874   13793  230983   512899   9.70
1925-1929     75-79     0.09788  0.39295  2.49   39082   15357  156892   281916   7.21
1925-1929     80-84     0.15420  0.54888  2.38   23725   13022   84447   125024   5.27
1925-1929     85-89     0.23738  0.71128  2.18   10703    7613   32069    40577   3.79
1925-1929     90-94     0.34695  0.84169  1.94    3090    2601    7496     8508   2.75
1925-1929     95-99     0.47538  0.92250  1.68     489     451     949     1011   2.07
1925-1929    100-104    0.60694  0.96281  1.45      38      37      60       62   1.64
1925-1929    105-109    0.72558  0.98081  1.28       1       1       2        2   1.38
1925-1929    110+       0.80955  1.00000  1.24       0       0       0        0   1.24
1930-1934        0      0.04815  0.04638  0.21  100000    4638   96321  6539106  65.39
1930-1934      1-4      0.00442  0.01750  1.41   95362    1668  377129  6442786  67.56
1930-1934      5-9      0.00142  0.00705  2.26   93694     661  466656  6065656  64.74
1930-1934     10-14     0.00103  0.00514  2.58   93033     479  464006  5599000  60.18
1930-1934     15-19     0.00168  0.00837  2.70   92554     774  460988  5134994  55.48
1930-1934     20-24     0.00214  0.01062  2.53   91780     975  456490  4674006  50.93
1930-1934     25-29     0.00228  0.01131  2.53   90805    1027  451483  4217517  46.45
1930-1934     30-34     0.00261  0.01295  2.56   89778    1163  446049  3766033  41.95
1930-1934     35-39     0.00314  0.01556  2.56   88615    1379  439718  3319985  37.47
1930-1934     40-44     0.00400  0.01979  2.61   87237    1726  432057  2880267  33.02
1930-1934     45-49     0.00564  0.02783  2.64   85510    2380  421930  2448210  28.63
1930-1934     50-54     0.00849  0.04164  2.66   83131    3461  407538  2026280  24.37
1930-1934     55-59     0.01316  0.06384  2.64   79669    5086  386329  1618742  20.32
1930-1934     60-64     0.02111  0.10056  2.65   74584    7500  355271  1232413  16.52
1930-1934     65-69     0.03427  0.15847  2.63   67083   10631  310198   877143  13.08
1930-1934     70-74     0.05639  0.24829  2.60   56452   14016  248565   566945  10.04
1930-1934     75-79     0.09204  0.37417  2.50   42436   15878  172512   318380   7.50
1930-1934     80-84     0.14602  0.52768  2.37   26558   14014   95974   145869   5.49
1930-1934     85-89     0.22353  0.68806  2.21   12544    8631   38611    49894   3.98
1930-1934     90-94     0.33006  0.82688  1.98    3913    3236    9803    11283   2.88
1930-1934     95-99     0.44803  0.90935  1.73     677     616    1375     1481   2.19
1930-1934    100-104    0.57618  0.95562  1.50      61      59     102      106   1.72
1930-1934    105-109    0.69570  0.97722  1.32       3       3       4        4   1.43
1930-1934    110+       0.78286  1.00000  1.28       0       0       0        0   1.28
1935-1939        0      0.03859  0.03739  0.17  100000    3739   96907  6706833  67.07
1935-1939      1-4      0.00321  0.01273  1.46   96261    1226  381928  6609926  68.67
1935-1939      5-9      0.00112  0.00560  2.27   95035     533  473720  6227999  65.53
1935-1939     10-14     0.00085  0.00423  2.60   94502     400  471553  5754279  60.89
1935-1939     15-19     0.00137  0.00681  2.67   94102     641  469020  5282726  56.14
1935-1939     20-24     0.00171  0.00854  2.54   93462     798  465344  4813706  51.50
1935-1939     25-29     0.00188  0.00934  2.53   92664     866  461184  4348362  46.93
1935-1939     30-34     0.00224  0.01113  2.60   91798    1022  456537  3887179  42.34
1935-1939     35-39     0.00285  0.01416  2.62   90776    1285  450819  3430642  37.79
1935-1939     40-44     0.00365  0.01808  2.61   89491    1618  443583  2979822  33.30
1935-1939     45-49     0.00524  0.02590  2.64   87873    2276  434003  2536239  28.86
1935-1939     50-54     0.00812  0.03983  2.66   85597    3409  419994  2102236  24.56
1935-1939     55-59     0.01261  0.06127  2.67   82188    5036  399189  1682242  20.47
1935-1939     60-64     0.02028  0.09682  2.65   77152    7470  368241  1283053  16.63
1935-1939     65-69     0.03337  0.15461  2.63   69683   10774  322864   914812  13.13
1935-1939     70-74     0.05557  0.24503  2.59   58909   14435  259758   591949  10.05
1935-1939     75-79     0.09191  0.37410  2.51   44474   16638  181023   332190   7.47
1935-1939     80-84     0.14881  0.53514  2.38   27836   14896  100103   151167   5.43
1935-1939     85-89     0.22457  0.68823  2.19   12940    8906   39657    51064   3.95
1935-1939     90-94     0.33806  0.83558  1.97    4034    3371    9971    11406   2.83
1935-1939     95-99     0.45299  0.91177  1.72     663     605    1335     1435   2.16
1935-1939    100-104    0.58033  0.95657  1.50      59      56      96      100   1.71
1935-1939    105-109    0.69808  0.97747  1.32       3       2       4        4   1.43
1935-1939    110+       0.78353  1.00000  1.28       0       0       0        0   1.28
1940-1944        0      0.04391  0.04240  0.19  100000    4240   96572  6439027  64.39
1940-1944      1-4      0.00451  0.01786  1.61   95760    1710  378953  6342455  66.23
1940-1944      5-9      0.00185  0.00920  2.23   94049     866  467847  5963502  63.41
1940-1944     10-14     0.00139  0.00694  2.57   93183     647  464343  5495655  58.98
1940-1944     15-19     0.00228  0.01136  2.76   92537    1051  460333  5031312  54.37
1940-1944     20-24     0.00337  0.01673  2.46   91485    1531  453537  4570979  49.96
1940-1944     25-29     0.00304  0.01508  2.50   89955    1357  446376  4117441  45.77
1940-1944     30-34     0.00312  0.01547  2.51   88598    1371  439583  3671065  41.43
1940-1944     35-39     0.00357  0.01770  2.58   87227    1544  432403  3231481  37.05
1940-1944     40-44     0.00446  0.02207  2.60   85684    1891  423883  2799078  32.67
1940-1944     45-49     0.00616  0.03037  2.60   83793    2545  412858  2375195  28.35
1940-1944     50-54     0.00877  0.04296  2.63   81247    3491  397980  1962337  24.15
1940-1944     55-59     0.01307  0.06340  2.64   77757    4930  377139  1564357  20.12
1940-1944     60-64     0.02058  0.09812  2.64   72827    7145  347286  1187219  16.30
1940-1944     65-69     0.03388  0.15681  2.63   65681   10300  304042   839933  12.79
1940-1944     70-74     0.05714  0.25126  2.60   55382   13915  243553   535890   9.68
1940-1944     75-79     0.09760  0.39259  2.51   41466   16279  166805   292337   7.05
1940-1944     80-84     0.16340  0.57121  2.37   25187   14387   88047   125532   4.98
1940-1944     85-89     0.26189  0.74926  2.15   10800    8092   30898    37485   3.47
1940-1944     90-94     0.39803  0.88527  1.86    2708    2397    6023     6587   2.43
1940-1944     95-99     0.54452  0.94850  1.56     311     295     541      564   1.82
1940-1944    100-104    0.68833  0.97694  1.33      16      16      23       23   1.45
1940-1944    105-109    0.80502  0.98792  1.18       0       0       0        0   1.24
1940-1944    110+       0.87908  1.00000  1.14       0       0       0        0   1.14
1945-1949        0      0.04175  0.04038  0.18  100000    4038   96705  6651312  66.51
1945-1949      1-4      0.00342  0.01355  1.61   95962    1301  380736  6554608  68.30
1945-1949      5-9      0.00128  0.00639  2.21   94661     605  471618  6173871  65.22
1945-1949     10-14     0.00096  0.00480  2.60   94056     452  469195  5702254  60.63
1945-1949     15-19     0.00168  0.00837  2.86   93604     783  466345  5233058  55.91
1945-1949     20-24     0.00338  0.01676  2.45   92821    1556  460143  4766713  51.35
1945-1949     25-29     0.00260  0.01290  2.45   91265    1177  453318  4306570  47.19
1945-1949     30-34     0.00264  0.01311  2.50   90088    1181  447484  3853252  42.77
1945-1949     35-39     0.00299  0.01486  2.56   88907    1321  441317  3405768  38.31
1945-1949     40-44     0.00385  0.01906  2.60   87586    1670  433915  2964451  33.85
1945-1949     45-49     0.00532  0.02626  2.63   85916    2256  424225  2530535  29.45
1945-1949     50-54     0.00774  0.03802  2.64   83660    3181  410786  2106310  25.18
1945-1949     55-59     0.01168  0.05684  2.64   80479    4575  391608  1695524  21.07
1945-1949     60-64     0.01855  0.08889  2.65   75905    6747  363647  1303916  17.18
1945-1949     65-69     0.03084  0.14376  2.64   69158    9942  322371   940270  13.60
1945-1949     70-74     0.05187  0.23072  2.61   59216   13662  263389   617898  10.43
1945-1949     75-79     0.08612  0.35528  2.54   45554   16184  187925   354509   7.78
1945-1949     80-84     0.14046  0.51499  2.41   29370   15125  107679   166584   5.67
1945-1949     85-89     0.21329  0.67140  2.24   14245    9564   44839    58905   4.14
1945-1949     90-94     0.31480  0.81044  2.01    4681    3793   12050    14066   3.01
1945-1949     95-99     0.42992  0.89952  1.77     887     798    1856     2015   2.27
1945-1949    100-104    0.55563  0.95007  1.54      89      85     152      159   1.78
1945-1949    105-109    0.67510  0.97435  1.35       4       4       6        7   1.48
1945-1949    110+       0.76365  1.00000  1.31       0       0       0        0   1.31
1950-1954        0      0.02393  0.02343  0.12  100000    2343   97940  7182737  71.83
1950-1954      1-4      0.00187  0.00744  1.47   97657     727  388786  7084797  72.55
1950-1954      5-9      0.00064  0.00319  2.20   96930     309  483783  6696012  69.08
1950-1954     10-14     0.00046  0.00230  2.59   96621     223  482566  6212228  64.30
1950-1954     15-19     0.00062  0.00309  2.60   96398     298  481275  5729662  59.44
1950-1954     20-24     0.00084  0.00420  2.61   96100     403  479537  5248387  54.61
1950-1954     25-29     0.00098  0.00487  2.55   95697     466  477344  4768850  49.83
1950-1954     30-34     0.00118  0.00587  2.62   95231     559  474824  4291507  45.06
1950-1954     35-39     0.00160  0.00798  2.64   94672     755  471579  3816683  40.31
1950-1954     40-44     0.00235  0.01166  2.67   93917    1095  467028  3345103  35.62
1950-1954     45-49     0.00372  0.01846  2.68   92821    1714  460139  2878075  31.01
1950-1954     50-54     0.00610  0.03007  2.66   91108    2740  449136  2417937  26.54
1950-1954     55-59     0.00960  0.04696  2.66   88368    4150  432118  1968801  22.28
1950-1954     60-64     0.01536  0.07414  2.68   84218    6244  406576  1536683  18.25
1950-1954     65-69     0.02593  0.12224  2.66   77974    9531  367585  1130107  14.49
1950-1954     70-74     0.04409  0.19959  2.63   68443   13661  309848   762522  11.14
1950-1954     75-79     0.07683  0.32358  2.56   54782   17727  230726   452674   8.26
1950-1954     80-84     0.12762  0.48103  2.44   37056   17825  139672   221948   5.99
1950-1954     85-89     0.20420  0.65553  2.27   19231   12606   61735    82276   4.28
1950-1954     90-94     0.30212  0.79877  2.05    6624    5291   17514    20541   3.10
1950-1954     95-99     0.42978  0.90019  1.77    1333    1200    2792     3026   2.27
1950-1954    100-104    0.56273  0.95240  1.53     133     127     225      234   1.76
1950-1954    105-109    0.68727  0.97622  1.33       6       6       9        9   1.45
1950-1954    110+       0.77785  1.00000  1.29       0       0       0        0   1.29
1955-1959        0      0.01894  0.01862  0.11  100000    1862   98343  7286866  72.87
1955-1959      1-4      0.00145  0.00578  1.51   98138     567  391140  7188523  73.25
1955-1959      5-9      0.00054  0.00272  2.29   97571     265  487135  6797383  69.67
1955-1959     10-14     0.00039  0.00195  2.59   97305     190  486069  6310248  64.85
1955-1959     15-19     0.00057  0.00283  2.67   97115     275  484937  5824179  59.97
1955-1959     20-24     0.00072  0.00361  2.56   96841     350  483349  5339241  55.13
1955-1959     25-29     0.00079  0.00393  2.53   96491     380  481518  4855892  50.32
1955-1959     30-34     0.00100  0.00497  2.58   96111     477  479402  4374374  45.51
1955-1959     35-39     0.00136  0.00680  2.67   95634     650  476652  3894972  40.73
1955-1959     40-44     0.00216  0.01074  2.69   94984    1020  472566  3418319  35.99
1955-1959     45-49     0.00347  0.01722  2.67   93964    1618  466050  2945753  31.35
1955-1959     50-54     0.00566  0.02794  2.68   92346    2580  455744  2479703  26.85
1955-1959     55-59     0.00924  0.04522  2.69   89766    4059  439442  2023959  22.55
1955-1959     60-64     0.01508  0.07283  2.65   85707    6242  413875  1584517  18.49
1955-1959     65-69     0.02463  0.11642  2.65   79465    9252  375626  1170642  14.73
1955-1959     70-74     0.04262  0.19370  2.65   70213   13600  319112   795016  11.32
1955-1959     75-79     0.07373  0.31255  2.57   56613   17695  240003   475905   8.41
1955-1959     80-84     0.12432  0.47219  2.46   38919   18377  147824   235901   6.06
1955-1959     85-89     0.20283  0.65280  2.27   20542   13410   66112    88077   4.29
1955-1959     90-94     0.30384  0.80054  2.05    7132    5710   18791    21966   3.08
1955-1959     95-99     0.43757  0.90497  1.76    1423    1287    2942     3175   2.23
1955-1959    100-104    0.57636  0.95623  1.51     135     129     224      233   1.72
1955-1959    105-109    0.70482  0.97861  1.31       6       6       8        8   1.42
1955-1959    110+       0.79655  1.00000  1.26       0       0       0        0   1.26
1960-1964        0      0.01617  0.01594  0.12  100000    1594   98591  7344091  73.44
1960-1964      1-4      0.00117  0.00466  1.59   98406     459  392516  7245500  73.63
1960-1964      5-9      0.00050  0.00251  2.22   97947     246  489052  6852984  69.97
1960-1964     10-14     0.00035  0.00175  2.54   97701     171  488085  6363931  65.14
1960-1964     15-19     0.00055  0.00272  2.73   97530     266  487046  5875847  60.25
1960-1964     20-24     0.00071  0.00353  2.54   97264     343  485475  5388800  55.40
1960-1964     25-29     0.00078  0.00389  2.51   96921     377  483666  4903325  50.59
1960-1964     30-34     0.00091  0.00454  2.61   96544     439  481675  4419659  45.78
1960-1964     35-39     0.00131  0.00654  2.64   96106     629  479047  3937984  40.98
1960-1964     40-44     0.00204  0.01017  2.69   95477     971  475140  3458937  36.23
1960-1964     45-49     0.00348  0.01725  2.71   94506    1630  468794  2983797  31.57
1960-1964     50-54     0.00569  0.02807  2.70   92876    2607  458372  2515004  27.08
1960-1964     55-59     0.00938  0.04589  2.68   90269    4143  441743  2056632  22.78
1960-1964     60-64     0.01516  0.07319  2.66   86126    6303  415890  1614889  18.75
1960-1964     65-69     0.02480  0.11715  2.64   79823    9351  377052  1198999  15.02
1960-1964     70-74     0.04051  0.18485  2.63   70471   13027  321542   821947  11.66
1960-1964     75-79     0.06938  0.29699  2.58   57444   17061  245908   500404   8.71
1960-1964     80-84     0.11826  0.45499  2.47   40384   18374  155367   254496   6.30
1960-1964     85-89     0.18968  0.62732  2.30   22010   13807   72791    99129   4.50
1960-1964     90-94     0.28989  0.78563  2.09    8203    6444   22230    26337   3.21
1960-1964     95-99     0.41637  0.89284  1.80    1758    1570    3771     4108   2.34
1960-1964    100-104    0.55329  0.95014  1.54     188     179     324      337   1.79
1960-1964    105-109    0.68382  0.97594  1.34       9       9      13       14   1.46
1960-1964    110+       0.77937  1.00000  1.28       0       0       0        0   1.28
1965-1969        0      0.01361  0.01345  0.12  100000    1345   98818  7363643  73.64
1965-1969      1-4      0.00101  0.00403  1.61   98655     398  393670  7264825  73.64
1965-1969      5-9      0.00047  0.00233  2.31   98257     229  490668  6871155  69.93
1965-1969     10-14     0.00036  0.00181  2.56   98028     177  489706  6380487  65.09
1965-1969     15-19     0.00065  0.00325  2.69   97851     318  488521  5890781  60.20
1965-1969     20-24     0.00073  0.00366  2.48   97533     357  486763  5402260  55.39
1965-1969     25-29     0.00074  0.00369  2.55   97176     359  484998  4915497  50.58
1965-1969     30-34     0.00091  0.00454  2.59   96817     439  483023  4430499  45.76
1965-1969     35-39     0.00134  0.00666  2.69   96377     642  480401  3947476  40.96
1965-1969     40-44     0.00217  0.01081  2.68   95735    1034  476272  3467075  36.22
1965-1969     45-49     0.00354  0.01754  2.70   94701    1661  469680  2990803  31.58
1965-1969     50-54     0.00592  0.02920  2.69   93040    2716  458930  2521123  27.10
1965-1969     55-59     0.00955  0.04672  2.68   90323    4220  441821  2062193  22.83
1965-1969     60-64     0.01559  0.07521  2.66   86103    6476  415382  1620372  18.82
1965-1969     65-69     0.02512  0.11858  2.64   79627    9442  375846  1204990  15.13
1965-1969     70-74     0.04100  0.18670  2.61   70185   13104  319641   829143  11.81
1965-1969     75-79     0.06767  0.29050  2.57   57081   16582  245050   509503   8.93
1965-1969     80-84     0.11182  0.43589  2.47   40499   17653  157876   264453   6.53
1965-1969     85-89     0.18130  0.60944  2.31   22846   13923   76796   106577   4.67
1965-1969     90-94     0.27708  0.76879  2.11    8923    6860   24757    29781   3.34
1965-1969     95-99     0.39778  0.88106  1.84    2063    1818    4569     5024   2.44
1965-1969    100-104    0.53361  0.94434  1.58     245     232     434      455   1.85
1965-1969    105-109    0.66636  0.97350  1.36      14      13      20       20   1.50
1965-1969    110+       0.76527  1.00000  1.31       0       0       0        0   1.31
1970-1974        0      0.01132  0.01121  0.13  100000    1121   99020  7402437  74.02
1970-1974      1-4      0.00087  0.00347  1.61   98879     344  394696  7303417  73.86
1970-1974      5-9      0.00041  0.00205  2.33   98535     202  492137  6908721  70.11
1970-1974     10-14     0.00034  0.00170  2.60   98333     167  491265  6416584  65.25
1970-1974     15-19     0.00073  0.00364  2.73   98166     358  490017  5925319  60.36
1970-1974     20-24     0.00075  0.00375  2.41   97808     367  488091  5435302  55.57
1970-1974     25-29     0.00069  0.00345  2.56   97441     336  486387  4947211  50.77
1970-1974     30-34     0.00088  0.00439  2.62   97105     426  484512  4460824  45.94
1970-1974     35-39     0.00128  0.00637  2.70   96679     616  481981  3976312  41.13
1970-1974     40-44     0.00211  0.01051  2.72   96063    1010  478015  3494332  36.38
1970-1974     45-49     0.00357  0.01772  2.68   95054    1685  471368  3016317  31.73
1970-1974     50-54     0.00587  0.02898  2.69   93369    2705  460606  2544949  27.26
1970-1974     55-59     0.00951  0.04652  2.65   90663    4218  443414  2084343  22.99
1970-1974     60-64     0.01532  0.07394  2.67   86446    6392  417304  1640928  18.98
1970-1974     65-69     0.02493  0.11772  2.64   80054    9424  378031  1223624  15.29
1970-1974     70-74     0.04030  0.18392  2.63   70630   12990  322323   845593  11.97
1970-1974     75-79     0.06611  0.28465  2.56   57640   16407  248169   523271   9.08
1970-1974     80-84     0.10869  0.42666  2.48   41232   17592  161861   275101   6.67
1970-1974     85-89     0.17524  0.59696  2.33   23640   14112   80529   113240   4.79
1970-1974     90-94     0.26744  0.75590  2.12    9528    7202   26929    32711   3.43
1970-1974     95-99     0.38882  0.87498  1.86    2326    2035    5234     5781   2.49
1970-1974    100-104    0.52438  0.94141  1.60     291     274     522      548   1.88
1970-1974    105-109    0.65839  0.97232  1.38      17      17      25       26   1.51
1970-1974    110+       0.75907  1.00000  1.32       0       0       1        1   1.32
1975-1979        0      0.00948  0.00940  0.13  100000     940   99182  7506316  75.06
1975-1979      1-4      0.00070  0.00280  1.55   99060     277  395560  7407134  74.77
1975-1979      5-9      0.00033  0.00163  2.37   98783     161  493489  7011575  70.98
1975-1979     10-14     0.00028  0.00141  2.61   98621     139  492774  6518086  66.09
1975-1979     15-19     0.00060  0.00299  2.77   98482     294  491756  6025312  61.18
1975-1979     20-24     0.00067  0.00333  2.42   98188     327  490099  5533556  56.36
1975-1979     25-29     0.00063  0.00317  2.51   97862     310  488537  5043457  51.54
1975-1979     30-34     0.00080  0.00399  2.64   97551     390  486840  4554920  46.69
1975-1979     35-39     0.00114  0.00569  2.67   97162     553  484522  4068080  41.87
1975-1979     40-44     0.00192  0.00958  2.73   96609     925  480942  3583558  37.09
1975-1979     45-49     0.00341  0.01692  2.69   95684    1619  474679  3102617  32.43
1975-1979     50-54     0.00545  0.02689  2.68   94065    2530  464465  2627938  27.94
1975-1979     55-59     0.00878  0.04301  2.68   91535    3937  448539  2163472  23.64
1975-1979     60-64     0.01444  0.06984  2.66   87598    6118  423668  1714933  19.58
1975-1979     65-69     0.02341  0.11095  2.65   81480    9040  386171  1291265  15.85
1975-1979     70-74     0.03783  0.17350  2.61   72440   12569  332199   905094  12.49
1975-1979     75-79     0.06098  0.26560  2.57   59871   15902  260778   572895   9.57
1975-1979     80-84     0.09867  0.39551  2.49   43969   17390  176243   312117   7.10
1975-1979     85-89     0.15967  0.56196  2.37   26579   14936   93546   135874   5.11
1975-1979     90-94     0.24959  0.73112  2.17   11643    8512   34105    42328   3.64
1975-1979     95-99     0.36554  0.85784  1.91    3130    2685    7347     8223   2.63
1975-1979    100-104    0.50066  0.93319  1.64     445     415     830      876   1.97
1975-1979    105-109    0.63737  0.96890  1.41      30      29      45       46   1.56
1975-1979    110+       0.74152  1.00000  1.35       1       1       1        1   1.35
1980-1984        0      0.00841  0.00835  0.13  100000     835   99275  7608220  76.08
1980-1984      1-4      0.00051  0.00204  1.60   99165     202  396176  7508945  75.72
1980-1984      5-9      0.00025  0.00125  2.32   98963     124  494483  7112769  71.87
1980-1984     10-14     0.00023  0.00116  2.64   98839     114  493927  6618286  66.96
1980-1984     15-19     0.00047  0.00236  2.79   98725     233  493108  6124359  62.03
1980-1984     20-24     0.00059  0.00296  2.47   98492     292  491719  5631251  57.17
1980-1984     25-29     0.00061  0.00305  2.58   98200     299  490274  5139532  52.34
1980-1984     30-34     0.00073  0.00363  2.55   97900     355  488633  4649258  47.49
1980-1984     35-39     0.00108  0.00536  2.67   97545     523  486507  4160625  42.65
1980-1984     40-44     0.00172  0.00857  2.71   97022     831  483206  3674118  37.87
1980-1984     45-49     0.00299  0.01486  2.71   96191    1429  477685  3190912  33.17
1980-1984     50-54     0.00505  0.02496  2.68   94761    2365  468316  2713228  28.63
1980-1984     55-59     0.00820  0.04021  2.67   92396    3715  453316  2244912  24.30
1980-1984     60-64     0.01335  0.06474  2.66   88681    5741  429995  1791596  20.20
1980-1984     65-69     0.02167  0.10310  2.64   82940    8551  394527  1361602  16.42
1980-1984     70-74     0.03492  0.16122  2.63   74389   11993  343477   967075  13.00
1980-1984     75-79     0.05678  0.24951  2.57   62396   15568  274210   623598   9.99
1980-1984     80-84     0.09145  0.37245  2.51   46827   17441  190714   349388   7.46
1980-1984     85-89     0.14845  0.53469  2.39   29386   15713  105846   158674   5.40
1980-1984     90-94     0.23096  0.70327  2.22   13674    9616   41636    52828   3.86
1980-1984     95-99     0.34582  0.84149  1.95    4057    3414    9873    11191   2.76
1980-1984    100-104    0.47959  0.92480  1.68     643     595    1240     1318   2.05
1980-1984    105-109    0.61641  0.96491  1.44      48      47      76       78   1.61
1980-1984    110+       0.72051  1.00000  1.39       2       2       2        2   1.39
1985-1989        0      0.00747  0.00742  0.13  100000     742   99357  7667407  76.67
1985-1989      1-4      0.00042  0.00167  1.59   99258     166  396630  7568050  76.25
1985-1989      5-9      0.00018  0.00092  2.37   99091      91  495218  7171420  72.37
1985-1989     10-14     0.00019  0.00095  2.59   99000      94  494774  6676202  67.44
1985-1989     15-19     0.00041  0.00203  2.78   98906     200  494085  6181428  62.50
1985-1989     20-24     0.00054  0.00272  2.52   98706     268  492864  5687342  57.62
1985-1989     25-29     0.00056  0.00279  2.55   98437     274  491514  5194478  52.77
1985-1989     30-34     0.00072  0.00361  2.64   98163     355  489979  4702964  47.91
1985-1989     35-39     0.00102  0.00507  2.62   97808     496  487862  4212985  43.07
1985-1989     40-44     0.00165  0.00824  2.71   97312     802  484723  3725123  38.28
1985-1989     45-49     0.00276  0.01371  2.70   96511    1323  479505  3240400  33.58
1985-1989     50-54     0.00473  0.02338  2.73   95187    2226  470879  2760895  29.00
1985-1989     55-59     0.00793  0.03893  2.69   92962    3619  456451  2290016  24.63
1985-1989     60-64     0.01274  0.06185  2.67   89342    5526  433810  1833565  20.52
1985-1989     65-69     0.02072  0.09878  2.65   83817    8279  399631  1399755  16.70
1985-1989     70-74     0.03325  0.15410  2.63   75538   11641  350096  1000123  13.24
1985-1989     75-79     0.05427  0.23998  2.59   63897   15334  282550   650028  10.17
1985-1989     80-84     0.08899  0.36465  2.53   48563   17708  199003   367477   7.57
1985-1989     85-89     0.14495  0.52642  2.40   30855   16243  112054   168474   5.46
1985-1989     90-94     0.23069  0.70070  2.20   14612   10239   44383    56421   3.86
1985-1989     95-99     0.34627  0.84241  1.95    4373    3684   10640    12038   2.75
1985-1989    100-104    0.48476  0.92736  1.67     689     639    1318     1398   2.03
1985-1989    105-109    0.62642  0.96705  1.43      50      48      77       80   1.59
1985-1989    110+       0.73350  1.00000  1.36       2       2       2        2   1.36
1990-1994        0      0.00639  0.00635  0.14  100000     635   99451  7721437  77.21
1990-1994      1-4      0.00036  0.00145  1.53   99365     144  397105  7621986  76.71
1990-1994      5-9      0.00017  0.00084  2.29   99221      84  495879  7224881  72.82
1990-1994     10-14     0.00019  0.00094  2.70   99137      93  495473  6729002  67.88
1990-1994     15-19     0.00039  0.00196  2.73   99044     194  494781  6233529  62.94
1990-1994     20-24     0.00049  0.00246  2.50   98850     243  493645  5738748  58.05
1990-1994     25-29     0.00057  0.00283  2.57   98607     279  492359  5245103  53.19
1990-1994     30-34     0.00075  0.00372  2.65   98328     366  490779  4752745  48.34
1990-1994     35-39     0.00105  0.00522  2.63   97962     511  488597  4261965  43.51
1990-1994     40-44     0.00163  0.00810  2.71   97451     789  485447  3773368  38.72
1990-1994     45-49     0.00265  0.01316  2.70   96662    1272  480380  3287921  34.01
1990-1994     50-54     0.00425  0.02106  2.69   95390    2009  472312  2807541  29.43
1990-1994     55-59     0.00720  0.03540  2.69   93381    3306  459267  2335230  25.01
1990-1994     60-64     0.01205  0.05860  2.68   90075    5279  438112  1875963  20.83
1990-1994     65-69     0.01945  0.09300  2.66   84796    7886  405527  1437851  16.96
1990-1994     70-74     0.03175  0.14765  2.63   76910   11356  357689  1032324  13.42
1990-1994     75-79     0.05219  0.23189  2.60   65554   15201  291242   674635  10.29
1990-1994     80-84     0.08667  0.35698  2.53   50353   17975  207401   383393   7.61
1990-1994     85-89     0.14471  0.52652  2.41   32378   17048  117809   175992   5.44
1990-1994     90-94     0.23473  0.70960  2.21   15330   10878   46343    58183   3.80
1990-1994     95-99     0.35947  0.85459  1.93    4452    3805   10584    11839   2.66
1990-1994    100-104    0.50813  0.93698  1.63     647     607    1194     1255   1.94
1990-1994    105-109    0.65728  0.97262  1.38      41      40      60       62   1.52
1990-1994    110+       0.76705  1.00000  1.30       1       1       1        1   1.30
1995-1999        0      0.00533  0.00531  0.14  100000     531   99543  7779782  77.80
1995-1999      1-4      0.00030  0.00119  1.59   99469     118  397593  7680240  77.21
1995-1999      5-9      0.00014  0.00070  2.30   99351      69  496568  7282647  73.30
1995-1999     10-14     0.00016  0.00079  2.86   99282      78  496242  6786079  68.35
1995-1999     15-19     0.00037  0.00183  2.75   99204     181  495611  6289836  63.40
1995-1999     20-24     0.00048  0.00241  2.52   99023     238  494522  5794225  58.51
1995-1999     25-29     0.00053  0.00263  2.52   98784     260  493276  5299703  53.65
1995-1999     30-34     0.00066  0.00331  2.65   98524     326  491852  4806427  48.78
1995-1999     35-39     0.00098  0.00487  2.69   98197     478  489884  4314574  43.94
1995-1999     40-44     0.00161  0.00801  2.69   97719     783  486786  3824690  39.14
1995-1999     45-49     0.00255  0.01269  2.70   96937    1230  481850  3337905  34.43
1995-1999     50-54     0.00410  0.02031  2.68   95707    1944  474015  2856055  29.84
1995-1999     55-59     0.00654  0.03219  2.68   93763    3019  461819  2382040  25.40
1995-1999     60-64     0.01112  0.05419  2.69   90744    4917  442363  1920220  21.16
1995-1999     65-69     0.01856  0.08896  2.66   85827    7635  411265  1477857  17.22
1995-1999     70-74     0.03010  0.14054  2.65   78192   10989  365081  1066592  13.64
1995-1999     75-79     0.04996  0.22310  2.61   67203   14993  300107   701511  10.44
1995-1999     80-84     0.08478  0.35081  2.54   52210   18316  216045   401404   7.69
1995-1999     85-89     0.14272  0.52202  2.43   33894   17693  123975   185359   5.47
1995-1999     90-94     0.23457  0.70894  2.21   16201   11485   48963    61384   3.79
1995-1999     95-99     0.36308  0.85803  1.93    4715    4046   11144    12421   2.63
1995-1999    100-104    0.51692  0.94041  1.62     669     630    1218     1277   1.91
1995-1999    105-109    0.67083  0.97483  1.36      40      39      58       59   1.49
1995-1999    110+       0.78320  1.00000  1.28       1       1       1        1   1.28
2000-2004        0      0.00491  0.00489  0.14  100000     489   99579  7855173  78.55
2000-2004      1-4      0.00026  0.00102  1.60   99511     102  397799  7755594  77.94
2000-2004      5-9      0.00012  0.00060  2.45   99409      60  496892  7357795  74.02
2000-2004     10-14     0.00014  0.00072  2.72   99349      71  496581  6860904  69.06
2000-2004     15-19     0.00034  0.00171  2.81   99277     170  496016  6364323  64.11
2000-2004     20-24     0.00043  0.00214  2.53   99108     212  495015  5868307  59.21
2000-2004     25-29     0.00046  0.00231  2.57   98895     229  493922  5373292  54.33
2000-2004     30-34     0.00060  0.00298  2.63   98667     294  492638  4879370  49.45
2000-2004     35-39     0.00088  0.00437  2.69   98373     430  490875  4386731  44.59
2000-2004     40-44     0.00146  0.00730  2.73   97943     715  488098  3895857  39.78
2000-2004     45-49     0.00252  0.01251  2.68   97229    1216  483322  3407759  35.05
2000-2004     50-54     0.00393  0.01947  2.67   96013    1869  475706  2924436  30.46
2000-2004     55-59     0.00621  0.03060  2.67   94143    2880  464011  2448730  26.01
2000-2004     60-64     0.00982  0.04802  2.67   91263    4383  446098  1984719  21.75
2000-2004     65-69     0.01637  0.07886  2.68   86880    6851  418506  1538621  17.71
2000-2004     70-74     0.02772  0.13014  2.65   80029   10415  375672  1120115  14.00
2000-2004     75-79     0.04671  0.21022  2.62   69614   14634  313293   744443  10.69
2000-2004     80-84     0.08084  0.33774  2.57   54980   18569  229708   431150   7.84
2000-2004     85-89     0.13956  0.51396  2.44   36411   18714  134096   201442   5.53
2000-2004     90-94     0.23293  0.70673  2.22   17697   12507   53694    67346   3.81
2000-2004     95-99     0.36340  0.85872  1.93    5190    4457   12264    13653   2.63
2000-2004    100-104    0.52103  0.94207  1.61     733     691    1326     1388   1.89
2000-2004    105-109    0.67841  0.97601  1.35      42      41      61       62   1.47
2000-2004    110+       0.79239  1.00000  1.26       1       1       1        1   1.26
2005-2009        0      0.00420  0.00419  0.14  100000     419   99640  8012409  80.12
2005-2009      1-4      0.00021  0.00082  1.63   99581      82  398130  7912769  79.46
2005-2009      5-9      0.00009  0.00045  2.36   99499      45  497377  7514639  75.52
2005-2009     10-14     0.00011  0.00056  2.72   99454      55  497145  7017262  70.56
2005-2009     15-19     0.00024  0.00120  2.83   99399     119  496736  6520118  65.60
2005-2009     20-24     0.00035  0.00174  2.46   99280     173  495960  6023382  60.67
2005-2009     25-29     0.00038  0.00188  2.62   99107     186  495094  5527421  55.77
2005-2009     30-34     0.00050  0.00248  2.60   98921     245  494017  5032327  50.87
2005-2009     35-39     0.00073  0.00367  2.64   98676     362  492530  4538310  45.99
2005-2009     40-44     0.00119  0.00592  2.69   98315     582  490231  4045780  41.15
2005-2009     45-49     0.00205  0.01019  2.73   97733     996  486406  3555549  36.38
2005-2009     50-54     0.00345  0.01711  2.66   96736    1655  479812  3069143  31.73
2005-2009     55-59     0.00539  0.02663  2.66   95081    2532  469470  2589331  27.23
2005-2009     60-64     0.00861  0.04218  2.66   92549    3903  453600  2119861  22.91
2005-2009     65-69     0.01358  0.06581  2.66   88646    5834  429607  1666260  18.80
2005-2009     70-74     0.02294  0.10891  2.68   82812    9019  393109  1236654  14.93
2005-2009     75-79     0.04009  0.18315  2.65   73793   13515  337154   843545  11.43
2005-2009     80-84     0.07088  0.30260  2.59   60278   18240  257351   506391   8.40
2005-2009     85-89     0.12480  0.47468  2.48   42038   19955  159892   249040   5.92
2005-2009     90-94     0.21568  0.67840  2.27   22083   14981   69462    89148   4.04
2005-2009     95-99     0.34195  0.84098  1.98    7102    5973   17467    19686   2.77
2005-2009    100-104    0.50055  0.93524  1.65    1129    1056    2110     2220   1.97
2005-2009    105-109    0.66316  0.97402  1.37      73      71     107      110   1.50
2005-2009    110+       0.78275  1.00000  1.28       2       2       2        2   1.28
2010-2014        0      0.00368  0.00367  0.14  100000     367   99685  8118612  81.19
2010-2014      1-4      0.00015  0.00061  1.65   99633      61  398390  8018927  80.48
2010-2014      5-9      0.00008  0.00041  2.38   99573      40  497757  7620536  76.53
2010-2014     10-14     0.00010  0.00049  2.60   99532      48  497544  7122779  71.56
2010-2014     15-19     0.00021  0.00106  2.83   99484     106  497189  6625235  66.60
2010-2014     20-24     0.00029  0.00146  2.55   99378     145  496535  6128046  61.66
2010-2014     25-29     0.00034  0.00172  2.65   99233     171  495765  5631511  56.75
2010-2014     30-34     0.00045  0.00223  2.64   99062     221  494791  5135746  51.84
2010-2014     35-39     0.00064  0.00321  2.69   98841     317  493473  4640956  46.95
2010-2014     40-44     0.00104  0.00518  2.67   98524     510  491431  4147483  42.10
2010-2014     45-49     0.00178  0.00887  2.73   98014     870  488095  3656052  37.30
2010-2014     50-54     0.00307  0.01523  2.70   97144    1480  482323  3167957  32.61
2010-2014     55-59     0.00503  0.02484  2.68   95665    2377  472815  2685634  28.07
2010-2014     60-64     0.00782  0.03838  2.66   93288    3580  458073  2212819  23.72
2010-2014     65-69     0.01244  0.06045  2.67   89708    5423  435880  1754746  19.56
2010-2014     70-74     0.01997  0.09538  2.66   84285    8039  402629  1318866  15.65
2010-2014     75-79     0.03490  0.16134  2.66   76246   12302  352459   916236  12.02
2010-2014     80-84     0.06387  0.27698  2.61   63944   17711  277308   563777   8.82
2010-2014     85-89     0.11529  0.44765  2.50   46233   20696  179513   286469   6.20
2010-2014     90-94     0.20457  0.65856  2.30   25537   16818   82210   106956   4.19
2010-2014     95-99     0.33234  0.83276  2.00    8719    7261   21848    24746   2.84
2010-2014    100-104    0.49457  0.93341  1.67    1458    1361    2752     2898   1.99
2010-2014    105-109    0.66227  0.97405  1.38      97      95     143      146   1.50
2010-2014    110+       0.78535  1.00000  1.27       3       3       3        3   1.27
2015-2019        0      0.00347  0.00346  0.14  100000     346   99703  8172024  81.72
2015-2019      1-4      0.00014  0.00055  1.65   99654      55  398484  8072321  81.00
2015-2019      5-9      0.00007  0.00034  2.42   99598      33  497906  7673837  77.05
2015-2019     10-14     0.00008  0.00041  2.73   99565      41  497733  7175931  72.07
2015-2019     15-19     0.00020  0.00099  2.83   99524      98  497409  6678198  67.10
2015-2019     20-24     0.00028  0.00141  2.55   99426     140  496787  6180789  62.16
2015-2019     25-29     0.00034  0.00168  2.58   99286     166  496026  5684002  57.25
2015-2019     30-34     0.00044  0.00219  2.60   99120     217  495077  5187975  52.34
2015-2019     35-39     0.00061  0.00304  2.63   98903     301  493802  4692898  47.45
2015-2019     40-44     0.00096  0.00477  2.73   98602     471  491939  4199096  42.59
2015-2019     45-49     0.00157  0.00781  2.70   98131     766  488892  3707157  37.78
2015-2019     50-54     0.00268  0.01332  2.71   97365    1297  483863  3218265  33.05
2015-2019     55-59     0.00453  0.02240  2.70   96069    2152  475383  2734402  28.46
2015-2019     60-64     0.00743  0.03654  2.66   93916    3431  461566  2259019  24.05
2015-2019     65-69     0.01165  0.05670  2.65   90485    5131  440368  1797453  19.86
2015-2019     70-74     0.01893  0.09063  2.66   85354    7736  408705  1357085  15.90
2015-2019     75-79     0.03231  0.15023  2.66   77618   11661  360858   948380  12.22
2015-2019     80-84     0.06018  0.26339  2.63   65957   17372  288666   587522   8.91
2015-2019     85-89     0.11526  0.44822  2.52   48585   21777  188936   298856   6.15
2015-2019     90-94     0.20929  0.66829  2.30   26808   17916   85601   109920   4.10
2015-2019     95-99     0.34649  0.84664  1.98    8893    7529   21729    24319   2.73
2015-2019    100-104    0.51895  0.94257  1.62    1364    1286    2477     2590   1.90
2015-2019    105-109    0.69178  0.97820  1.33      78      77     111      113   1.44
2015-2019    110+       0.81338  1.00000  1.23       2       2       2        2   1.23
