Norway, Life tables (period 5x5), Total	Last modified: 15 Apr 2021;  Methods Protocol: v6 (2017)

  Year          Age         mx       qx    ax      lx      dx      Lx       Tx     ex
1846-1849        0      0.11778  0.10888  0.31  100000   10888   92442  4644986  46.45
1846-1849      1-4      0.03021  0.11221  1.45   89112    9999  330987  4552544  51.09
1846-1849      5-9      0.00797  0.03896  2.17   79113    3082  386841  4221558  53.36
1846-1849     10-14     0.00405  0.02004  2.47   76031    1524  376294  3834716  50.44
1846-1849     15-19     0.00529  0.02614  2.66   74507    1948  367973  3458422  46.42
1846-1849     20-24     0.00699  0.03434  2.49   72559    2491  356535  3090449  42.59
1846-1849     25-29     0.00700  0.03439  2.51   70068    2410  344348  2733914  39.02
1846-1849     30-34     0.00831  0.04074  2.58   67658    2756  331627  2389566  35.32
1846-1849     35-39     0.01007  0.04914  2.52   64902    3189  316604  2057939  31.71
1846-1849     40-44     0.01096  0.05336  2.57   61712    3293  300557  1741335  28.22
1846-1849     45-49     0.01317  0.06385  2.60   58419    3730  283153  1440778  24.66
1846-1849     50-54     0.01713  0.08220  2.54   54690    4495  262402  1157625  21.17
1846-1849     55-59     0.02260  0.10722  2.62   50194    5382  238160   895222  17.84
1846-1849     60-64     0.03302  0.15290  2.58   44812    6852  207511   657062  14.66
1846-1849     65-69     0.04536  0.20412  2.55   37961    7749  170824   449551  11.84
1846-1849     70-74     0.06688  0.28885  2.64   30212    8727  130478   278728   9.23
1846-1849     75-79     0.11995  0.45831  2.43   21485    9847   82090   148249   6.90
1846-1849     80-84     0.14278  0.52002  2.39   11638    6052   42386    66159   5.68
1846-1849     85-89     0.20514  0.65606  2.25    5586    3665   17865    23773   4.26
1846-1849     90-94     0.30917  0.79553  1.95    1921    1528    4944     5908   3.07
1846-1849     95-99     0.39605  0.87733  1.83     393     345     870      964   2.45
1846-1849    100-104    0.50740  0.93366  1.62      48      45      89       94   1.95
1846-1849    105-109    0.61793  0.96411  1.43       3       3       5        5   1.61
1846-1849    110+       0.70363  1.00000  1.42       0       0       0        0   1.42
1850-1854        0      0.10208  0.09533  0.31  100000    9533   93383  4945378  49.45
1850-1854      1-4      0.02123  0.08056  1.45   90467    7288  343300  4851995  53.63
1850-1854      5-9      0.00602  0.02959  2.13   83179    2461  408830  4508695  54.20
1850-1854     10-14     0.00416  0.02058  2.50   80718    1661  399433  4099865  50.79
1850-1854     15-19     0.00512  0.02531  2.70   79057    2001  390678  3700432  46.81
1850-1854     20-24     0.00761  0.03734  2.48   77056    2877  378028  3309754  42.95
1850-1854     25-29     0.00758  0.03719  2.50   74179    2759  363999  2931727  39.52
1850-1854     30-34     0.00851  0.04166  2.49   71420    2975  349623  2567728  35.95
1850-1854     35-39     0.01035  0.05049  2.56   68444    3455  333807  2218105  32.41
1850-1854     40-44     0.01121  0.05452  2.46   64989    3543  315944  1884298  28.99
1850-1854     45-49     0.01217  0.05909  2.59   61446    3631  298479  1568354  25.52
1850-1854     50-54     0.01582  0.07617  2.59   57815    4404  278444  1269875  21.96
1850-1854     55-59     0.02069  0.09847  2.55   53411    5260  254191   991431  18.56
1850-1854     60-64     0.02951  0.13790  2.63   48151    6640  225014   737240  15.31
1850-1854     65-69     0.04399  0.19859  2.55   41511    8244  187389   512226  12.34
1850-1854     70-74     0.06233  0.27044  2.55   33268    8997  144331   324837   9.76
1850-1854     75-79     0.10909  0.42800  2.48   24271   10388   95219   180506   7.44
1850-1854     80-84     0.12676  0.47911  2.45   13883    6651   52471    85287   6.14
1850-1854     85-89     0.18944  0.62452  2.27    7231    4516   23840    32816   4.54
1850-1854     90-94     0.28069  0.77084  2.08    2715    2093    7457     8976   3.31
1850-1854     95-99     0.39754  0.87965  1.83     622     547    1377     1519   2.44
1850-1854    100-104    0.52142  0.93953  1.60      75      70     135      142   1.90
1850-1854    105-109    0.64333  0.96936  1.40       5       4       7        7   1.55
1850-1854    110+       0.73620  1.00000  1.36       0       0       0        0   1.36
1855-1859        0      0.09776  0.09155  0.31  100000    9155   93644  5050023  50.50
1855-1859      1-4      0.02170  0.08225  1.46   90845    7472  344385  4956378  54.56
1855-1859      5-9      0.00598  0.02938  2.15   83373    2450  409894  4611993  55.32
1855-1859     10-14     0.00390  0.01929  2.46   80924    1561  400653  4202100  51.93
1855-1859     15-19     0.00498  0.02464  2.71   79363    1955  392339  3801446  47.90
1855-1859     20-24     0.00718  0.03525  2.48   77408    2729  380158  3409107  44.04
1855-1859     25-29     0.00698  0.03431  2.50   74679    2562  366986  3028950  40.56
1855-1859     30-34     0.00799  0.03916  2.51   72117    2824  353556  2661963  36.91
1855-1859     35-39     0.00898  0.04390  2.51   69293    3042  338894  2308407  33.31
1855-1859     40-44     0.01011  0.04933  2.59   66251    3268  323391  1969513  29.73
1855-1859     45-49     0.01229  0.05964  2.51   62983    3756  305557  1646123  26.14
1855-1859     50-54     0.01361  0.06588  2.59   59227    3902  286739  1340566  22.63
1855-1859     55-59     0.01888  0.09031  2.59   55324    4996  264596  1053827  19.05
1855-1859     60-64     0.02752  0.12903  2.59   50328    6494  235993   789230  15.68
1855-1859     65-69     0.04080  0.18551  2.56   43834    8132  199319   553238  12.62
1855-1859     70-74     0.06140  0.26745  2.59   35703    9549  155527   353919   9.91
1855-1859     75-79     0.10154  0.40437  2.48   26154   10576  104159   198391   7.59
1855-1859     80-84     0.12481  0.47327  2.45   15578    7373   59071    94232   6.05
1855-1859     85-89     0.20502  0.65654  2.26    8205    5387   26277    35161   4.29
1855-1859     90-94     0.29647  0.78980  2.04    2818    2226    7508     8884   3.15
1855-1859     95-99     0.41920  0.89406  1.79     592     530    1263     1376   2.32
1855-1859    100-104    0.55179  0.94946  1.55      63      60     108      113   1.79
1855-1859    105-109    0.67869  0.97512  1.35       3       3       5        5   1.47
1855-1859    110+       0.77233  1.00000  1.29       0       0       0        0   1.29
1860-1864        0      0.11049  0.10262  0.31  100000   10262   92877  4719643  47.20
1860-1864      1-4      0.03254  0.12029  1.48   89738   10794  331703  4626766  51.56
1860-1864      5-9      0.00947  0.04609  2.18   78944    3639  384443  4295064  54.41
1860-1864     10-14     0.00451  0.02228  2.51   75305    1678  372344  3910621  51.93
1860-1864     15-19     0.00603  0.02975  2.63   73627    2190  362954  3538277  48.06
1860-1864     20-24     0.00759  0.03725  2.48   71437    2661  350485  3175323  44.45
1860-1864     25-29     0.00725  0.03559  2.50   68776    2447  337751  2824838  41.07
1860-1864     30-34     0.00779  0.03817  2.47   66328    2532  325228  2487087  37.50
1860-1864     35-39     0.00817  0.04004  2.56   63796    2554  312737  2161859  33.89
1860-1864     40-44     0.00937  0.04578  2.50   61242    2804  299198  1849121  30.19
1860-1864     45-49     0.01161  0.05647  2.63   58438    3300  284367  1549923  26.52
1860-1864     50-54     0.01386  0.06699  2.54   55138    3694  266587  1265557  22.95
1860-1864     55-59     0.01749  0.08393  2.61   51444    4318  246883   998969  19.42
1860-1864     60-64     0.02603  0.12252  2.61   47127    5774  221837   752086  15.96
1860-1864     65-69     0.04021  0.18313  2.57   41353    7573  188332   530250  12.82
1860-1864     70-74     0.05826  0.25539  2.59   33780    8627  148079   341918  10.12
1860-1864     75-79     0.09330  0.37893  2.52   25152    9531  102157   193839   7.71
1860-1864     80-84     0.13692  0.50326  2.37   15621    7862   57417    91682   5.87
1860-1864     85-89     0.20023  0.64784  2.28    7760    5027   25107    34264   4.42
1860-1864     90-94     0.27754  0.76927  2.10    2733    2102    7574     9158   3.35
1860-1864     95-99     0.38603  0.87063  1.85     631     549    1422     1583   2.51
1860-1864    100-104    0.49950  0.93095  1.63      82      76     152      161   1.98
1860-1864    105-109    0.61386  0.96347  1.44       6       5       9        9   1.62
1860-1864    110+       0.70306  1.00000  1.42       0       0       0        0   1.42
1865-1869        0      0.10673  0.09936  0.31  100000    9936   93103  4893071  48.93
1865-1869      1-4      0.02501  0.09401  1.43   90064    8467  338535  4799969  53.30
1865-1869      5-9      0.00655  0.03214  2.21   81597    2623  400659  4461433  54.68
1865-1869     10-14     0.00416  0.02059  2.47   78974    1626  390757  4060774  51.42
1865-1869     15-19     0.00553  0.02729  2.65   77348    2111  381777  3670017  47.45
1865-1869     20-24     0.00743  0.03651  2.55   75237    2747  369462  3288240  43.70
1865-1869     25-29     0.00829  0.04061  2.48   72491    2943  355030  2918778  40.26
1865-1869     30-34     0.00791  0.03876  2.51   69547    2696  341020  2563748  36.86
1865-1869     35-39     0.00911  0.04452  2.52   66851    2976  326870  2222728  33.25
1865-1869     40-44     0.01003  0.04891  2.51   63875    3124  311600  1895858  29.68
1865-1869     45-49     0.01110  0.05401  2.53   60751    3281  295652  1584258  26.08
1865-1869     50-54     0.01459  0.07052  2.63   57470    4052  277752  1288606  22.42
1865-1869     55-59     0.02047  0.09747  2.56   53417    5207  254374  1010854  18.92
1865-1869     60-64     0.02660  0.12505  2.61   48211    6029  226640   756480  15.69
1865-1869     65-69     0.04148  0.18850  2.58   42182    7951  191676   529839  12.56
1865-1869     70-74     0.06317  0.27335  2.54   34231    9357  148115   338164   9.88
1865-1869     75-79     0.09431  0.38134  2.49   24874    9485  100571   190049   7.64
1865-1869     80-84     0.14211  0.51764  2.38   15388    7966   56053    89478   5.81
1865-1869     85-89     0.19481  0.63235  2.23    7423    4694   24094    33425   4.50
1865-1869     90-94     0.27306  0.76229  2.10    2729    2080    7618     9331   3.42
1865-1869     95-99     0.36615  0.85448  1.88     649     554    1514     1713   2.64
1865-1869    100-104    0.46765  0.91667  1.68      94      87     185      199   2.10
1865-1869    105-109    0.57248  0.95340  1.50       8       7      13       14   1.74
1865-1869    110+       0.65637  1.00000  1.52       0       0       1        1   1.52
1870-1874        0      0.10319  0.09629  0.31  100000    9629   93316  4958908  49.59
1870-1874      1-4      0.02400  0.09047  1.46   90371    8176  340708  4865592  53.84
1870-1874      5-9      0.00648  0.03179  2.14   82195    2613  403494  4524885  55.05
1870-1874     10-14     0.00398  0.01969  2.46   79582    1567  393937  4121390  51.79
1870-1874     15-19     0.00546  0.02698  2.67   78015    2105  385171  3727453  47.78
1870-1874     20-24     0.00754  0.03700  2.54   75911    2809  372656  3342282  44.03
1870-1874     25-29     0.00792  0.03884  2.49   73102    2839  358386  2969626  40.62
1870-1874     30-34     0.00819  0.04014  2.49   70263    2820  344247  2611240  37.16
1870-1874     35-39     0.00897  0.04389  2.53   67442    2960  329888  2266993  33.61
1870-1874     40-44     0.00955  0.04662  2.50   64482    3006  314900  1937105  30.04
1870-1874     45-49     0.01135  0.05525  2.60   61476    3396  299240  1622205  26.39
1870-1874     50-54     0.01396  0.06745  2.52   58080    3918  280663  1322965  22.78
1870-1874     55-59     0.01874  0.08968  2.62   54162    4857  259235  1042302  19.24
1870-1874     60-64     0.02704  0.12675  2.53   49305    6249  231090   783067  15.88
1870-1874     65-69     0.03994  0.18227  2.60   43055    7848  196476   551978  12.82
1870-1874     70-74     0.05905  0.25761  2.53   35208    9070  153610   355502  10.10
1870-1874     75-79     0.09384  0.38171  2.56   26138    9977  106315   201892   7.72
1870-1874     80-84     0.13581  0.50166  2.40   16161    8107   59695    95577   5.91
1870-1874     85-89     0.20229  0.64730  2.22    8053    5213   25770    35882   4.46
1870-1874     90-94     0.25623  0.73779  2.13    2840    2096    8179    10112   3.56
1870-1874     95-99     0.37272  0.86006  1.87     745     641    1719     1933   2.60
1870-1874    100-104    0.47831  0.92169  1.67     104      96     201      215   2.06
1870-1874    105-109    0.58561  0.95679  1.48       8       8      13       14   1.70
1870-1874    110+       0.67029  1.00000  1.49       0       0       1        1   1.49
1875-1879        0      0.10427  0.09723  0.31  100000    9723   93250  4979211  49.79
1875-1879      1-4      0.02368  0.08928  1.42   90277    8060  340335  4885961  54.12
1875-1879      5-9      0.00662  0.03247  2.18   82217    2670  403555  4545626  55.29
1875-1879     10-14     0.00417  0.02064  2.47   79547    1642  393584  4142071  52.07
1875-1879     15-19     0.00580  0.02860  2.68   77905    2228  384350  3748487  48.12
1875-1879     20-24     0.00766  0.03758  2.51   75677    2844  371303  3364137  44.45
1875-1879     25-29     0.00803  0.03934  2.51   72833    2865  357017  2992834  41.09
1875-1879     30-34     0.00798  0.03913  2.49   69968    2738  342954  2635817  37.67
1875-1879     35-39     0.00904  0.04420  2.54   67230    2972  328836  2292863  34.10
1875-1879     40-44     0.00968  0.04726  2.51   64258    3037  313742  1964028  30.56
1875-1879     45-49     0.01108  0.05394  2.58   61222    3302  298126  1650286  26.96
1875-1879     50-54     0.01315  0.06369  2.56   57919    3689  280581  1352160  23.35
1875-1879     55-59     0.01731  0.08307  2.60   54230    4505  260318  1071580  19.76
1875-1879     60-64     0.02454  0.11594  2.63   49725    5765  234969   811261  16.31
1875-1879     65-69     0.03774  0.17319  2.63   43960    7614  201727   576292  13.11
1875-1879     70-74     0.05720  0.25098  2.56   36347    9122  159473   374565  10.31
1875-1879     75-79     0.08851  0.36254  2.51   27224    9870  111504   215092   7.90
1875-1879     80-84     0.13297  0.49435  2.41   17355    8579   64520   103587   5.97
1875-1879     85-89     0.19819  0.64366  2.28    8775    5648   28499    39068   4.45
1875-1879     90-94     0.27408  0.76146  2.08    3127    2381    8688    10568   3.38
1875-1879     95-99     0.38434  0.86936  1.85     746     648    1687     1881   2.52
1875-1879    100-104    0.49673  0.92975  1.64      97      91     182      194   1.99
1875-1879    105-109    0.60938  0.96245  1.45       7       7      11       11   1.63
1875-1879    110+       0.69736  1.00000  1.43       0       0       0        0   1.43
1880-1884        0      0.09873  0.09240  0.31  100000    9240   93586  4999013  49.99
1880-1884      1-4      0.02436  0.09183  1.50   90760    8334  342172  4905428  54.05
1880-1884      5-9      0.00754  0.03691  2.11   82426    3042  403323  4563255  55.36
1880-1884     10-14     0.00446  0.02205  2.49   79384    1751  392533  4159933  52.40
1880-1884     15-19     0.00578  0.02850  2.67   77633    2213  383000  3767400  48.53
1880-1884     20-24     0.00760  0.03727  2.52   75421    2811  370122  3384400  44.87
1880-1884     25-29     0.00775  0.03802  2.49   72609    2761  356124  3014278  41.51
1880-1884     30-34     0.00794  0.03892  2.48   69848    2719  342391  2658154  38.06
1880-1884     35-39     0.00853  0.04178  2.50   67130    2804  328648  2315764  34.50
1880-1884     40-44     0.00929  0.04542  2.52   64325    2922  314379  1987116  30.89
1880-1884     45-49     0.01051  0.05123  2.58   61403    3146  299395  1672737  27.24
1880-1884     50-54     0.01329  0.06436  2.55   58258    3749  282086  1373341  23.57
1880-1884     55-59     0.01652  0.07944  2.58   54508    4330  262050  1091255  20.02
1880-1884     60-64     0.02419  0.11440  2.63   50178    5740  237272   829205  16.53
1880-1884     65-69     0.03605  0.16584  2.59   44438    7370  204435   591933  13.32
1880-1884     70-74     0.05376  0.23755  2.55   37068    8806  163786   387497  10.45
1880-1884     75-79     0.08582  0.35333  2.50   28263    9986  116355   223711   7.92
1880-1884     80-84     0.13483  0.50041  2.42   18277    9146   67829   107357   5.87
1880-1884     85-89     0.20529  0.65529  2.24    9131    5983   29146    39527   4.33
1880-1884     90-94     0.28069  0.77288  2.09    3147    2433    8666    10382   3.30
1880-1884     95-99     0.40526  0.88427  1.81     715     632    1560     1715   2.40
1880-1884    100-104    0.52537  0.94055  1.59      83      78     148      156   1.88
1880-1884    105-109    0.64294  0.96912  1.40       5       5       7        8   1.55
1880-1884    110+       0.73257  1.00000  1.37       0       0       0        0   1.37
1885-1889        0      0.09327  0.08760  0.31  100000    8760   93920  5075861  50.76
1885-1889      1-4      0.02298  0.08692  1.49   91240    7930  345084  4981942  54.60
1885-1889      5-9      0.00741  0.03626  2.15   83310    3021  407951  4636858  55.66
1885-1889     10-14     0.00461  0.02280  2.45   80289    1831  396768  4228906  52.67
1885-1889     15-19     0.00585  0.02888  2.69   78458    2266  387052  3832138  48.84
1885-1889     20-24     0.00785  0.03851  2.52   76192    2934  373698  3445087  45.22
1885-1889     25-29     0.00814  0.03986  2.47   73259    2920  358913  3071388  41.93
1885-1889     30-34     0.00797  0.03907  2.50   70338    2748  344827  2712475  38.56
1885-1889     35-39     0.00842  0.04121  2.49   67590    2786  330972  2367648  35.03
1885-1889     40-44     0.00872  0.04266  2.51   64805    2765  317132  2036676  31.43
1885-1889     45-49     0.00973  0.04753  2.56   62040    2949  302993  1719544  27.72
1885-1889     50-54     0.01230  0.05973  2.58   59091    3530  286919  1416551  23.97
1885-1889     55-59     0.01605  0.07721  2.56   55561    4290  267321  1129632  20.33
1885-1889     60-64     0.02259  0.10720  2.62   51271    5496  243289   862311  16.82
1885-1889     65-69     0.03440  0.15880  2.58   45775    7269  211291   619022  13.52
1885-1889     70-74     0.05209  0.23164  2.61   38506    8919  171222   407731  10.59
1885-1889     75-79     0.08200  0.34086  2.53   29586   10085  122991   236509   7.99
1885-1889     80-84     0.13278  0.49463  2.42   19502    9646   72645   113518   5.82
1885-1889     85-89     0.21405  0.67208  2.23    9856    6624   30945    40873   4.15
1885-1889     90-94     0.30411  0.79604  2.01    3232    2573    8460     9928   3.07
1885-1889     95-99     0.43866  0.90515  1.76     659     597    1360     1468   2.23
1885-1889    100-104    0.57376  0.95543  1.51      63      60     104      108   1.73
1885-1889    105-109    0.70028  0.97801  1.32       3       3       4        4   1.42
1885-1889    110+       0.79177  1.00000  1.26       0       0       0        0   1.26
1890-1894        0      0.09562  0.08967  0.31  100000    8967   93775  5000775  50.01
1890-1894      1-4      0.02201  0.08336  1.45   91033    7588  344750  4907000  53.90
1890-1894      5-9      0.00709  0.03475  2.21   83445    2900  409125  4562250  54.67
1890-1894     10-14     0.00481  0.02377  2.50   80545    1915  397942  4153125  51.56
1890-1894     15-19     0.00681  0.03351  2.67   78631    2635  387005  3755183  47.76
1890-1894     20-24     0.00869  0.04254  2.49   75996    3233  371852  3368179  44.32
1890-1894     25-29     0.00855  0.04185  2.47   72763    3045  356101  2996327  41.18
1890-1894     30-34     0.00869  0.04251  2.50   69718    2964  341170  2640226  37.87
1890-1894     35-39     0.00898  0.04391  2.52   66755    2931  326504  2299056  34.44
1890-1894     40-44     0.00983  0.04799  2.49   63824    3063  311429  1972553  30.91
1890-1894     45-49     0.01054  0.05137  2.55   60761    3121  296168  1661123  27.34
1890-1894     50-54     0.01301  0.06308  2.57   57639    3636  279363  1364955  23.68
1890-1894     55-59     0.01651  0.07934  2.56   54004    4285  259558  1085592  20.10
1890-1894     60-64     0.02399  0.11342  2.60   49719    5639  235041   826035  16.61
1890-1894     65-69     0.03429  0.15831  2.58   44080    6978  203506   590994  13.41
1890-1894     70-74     0.05380  0.23822  2.60   37102    8838  164277   387488  10.44
1890-1894     75-79     0.08454  0.34944  2.52   28263    9876  116820   223211   7.90
1890-1894     80-84     0.13336  0.49600  2.42   18387    9120   68385   106391   5.79
1890-1894     85-89     0.21585  0.67910  2.27    9267    6293   29155    38006   4.10
1890-1894     90-94     0.31599  0.81459  2.03    2974    2422    7666     8851   2.98
1890-1894     95-99     0.45577  0.91421  1.72     551     504    1106     1185   2.15
1890-1894    100-104    0.59513  0.96065  1.48      47      45      76       79   1.67
1890-1894    105-109    0.72206  0.98061  1.29       2       2       3        3   1.38
1890-1894    110+       0.81145  1.00000  1.23       0       0       0        0   1.23
1895-1899        0      0.09432  0.08852  0.31  100000    8852   93854  5315718  53.16
1895-1899      1-4      0.01606  0.06159  1.32   91148    5614  349559  5221865  57.29
1895-1899      5-9      0.00448  0.02213  2.26   85534    1893  422484  4872305  56.96
1895-1899     10-14     0.00366  0.01815  2.56   83641    1518  414507  4449821  53.20
1895-1899     15-19     0.00616  0.03037  2.69   82123    2494  404863  4035314  49.14
1895-1899     20-24     0.00815  0.03992  2.48   79629    3179  390140  3630451  45.59
1895-1899     25-29     0.00819  0.04013  2.48   76450    3068  374512  3240312  42.38
1895-1899     30-34     0.00776  0.03804  2.43   73382    2791  359746  2865800  39.05
1895-1899     35-39     0.00816  0.04000  2.52   70591    2824  345949  2506054  35.50
1895-1899     40-44     0.00879  0.04301  2.50   67767    2914  331536  2160104  31.88
1895-1899     45-49     0.00954  0.04662  2.55   64853    3023  316861  1828568  28.20
1895-1899     50-54     0.01163  0.05655  2.56   61829    3497  300610  1511707  24.45
1895-1899     55-59     0.01512  0.07299  2.61   58333    4257  281493  1211097  20.76
1895-1899     60-64     0.02133  0.10156  2.64   54075    5492  257420   929605  17.19
1895-1899     65-69     0.03230  0.14977  2.58   48583    7276  225275   672185  13.84
1895-1899     70-74     0.04954  0.22146  2.61   41307    9148  184650   446910  10.82
1895-1899     75-79     0.08080  0.33648  2.52   32159   10821  133920   262260   8.16
1895-1899     80-84     0.12763  0.48127  2.45   21338   10269   80464   128340   6.01
1895-1899     85-89     0.20024  0.64947  2.30   11069    7189   35901    47876   4.33
1895-1899     90-94     0.30418  0.80366  2.07    3880    3118   10251    11976   3.09
1895-1899     95-99     0.43105  0.90103  1.77     762     686    1592     1725   2.26
1895-1899    100-104    0.56554  0.95326  1.52      75      72     127      132   1.75
1895-1899    105-109    0.69165  0.97686  1.33       4       3       5        5   1.44
1895-1899    110+       0.78325  1.00000  1.28       0       0       0        0   1.28
1900-1904        0      0.07837  0.07432  0.31  100000    7432   94840  5510218  55.10
1900-1904      1-4      0.01298  0.05018  1.31   92568    4645  357770  5415378  58.50
1900-1904      5-9      0.00370  0.01833  2.33   87922    1612  435304  5057608  57.52
1900-1904     10-14     0.00344  0.01707  2.58   86311    1473  427991  4622304  53.55
1900-1904     15-19     0.00604  0.02981  2.73   84838    2529  418437  4194313  49.44
1900-1904     20-24     0.00799  0.03916  2.50   82309    3223  403487  3775875  45.87
1900-1904     25-29     0.00764  0.03747  2.46   79086    2964  387911  3372388  42.64
1900-1904     30-34     0.00759  0.03725  2.48   76122    2836  373460  2984477  39.21
1900-1904     35-39     0.00786  0.03856  2.51   73286    2826  359398  2611017  35.63
1900-1904     40-44     0.00847  0.04149  2.52   70460    2923  345042  2251619  31.96
1900-1904     45-49     0.00942  0.04605  2.52   67537    3110  329985  1906577  28.23
1900-1904     50-54     0.01179  0.05731  2.56   64427    3692  313107  1576592  24.47
1900-1904     55-59     0.01483  0.07159  2.58   60734    4348  293151  1263485  20.80
1900-1904     60-64     0.02131  0.10135  2.59   56386    5715  268187   970335  17.21
1900-1904     65-69     0.03190  0.14824  2.61   50672    7511  235431   702148  13.86
1900-1904     70-74     0.04949  0.22117  2.60   43160    9546  192865   466717  10.81
1900-1904     75-79     0.07988  0.33327  2.52   33614   11203  140241   273852   8.15
1900-1904     80-84     0.12854  0.48437  2.46   22412   10856   84454   133610   5.96
1900-1904     85-89     0.20654  0.66235  2.29   11556    7654   37059    49157   4.25
1900-1904     90-94     0.30118  0.80006  2.07    3902    3122   10365    12098   3.10
1900-1904     95-99     0.43999  0.90599  1.75     780     707    1606     1733   2.22
1900-1904    100-104    0.57604  0.95599  1.51      73      70     122      126   1.72
1900-1904    105-109    0.70202  0.97820  1.31       3       3       4        5   1.42
1900-1904    110+       0.79263  1.00000  1.26       0       0       0        0   1.26
1905-1909        0      0.06905  0.06578  0.28  100000    6578   95268  5643403  56.43
1905-1909      1-4      0.01109  0.04311  1.35   93422    4028  363031  5548135  59.39
1905-1909      5-9      0.00367  0.01815  2.31   89394    1622  442606  5185104  58.00
1905-1909     10-14     0.00339  0.01681  2.58   87772    1475  435289  4742498  54.03
1905-1909     15-19     0.00582  0.02871  2.74   86297    2478  425893  4307209  49.91
1905-1909     20-24     0.00784  0.03846  2.50   83819    3224  411036  3881316  46.31
1905-1909     25-29     0.00752  0.03689  2.47   80596    2973  395445  3470280  43.06
1905-1909     30-34     0.00729  0.03579  2.51   77623    2778  381188  3074835  39.61
1905-1909     35-39     0.00754  0.03700  2.48   74844    2769  367231  2693646  35.99
1905-1909     40-44     0.00796  0.03904  2.55   72075    2814  353490  2326415  32.28
1905-1909     45-49     0.00897  0.04387  2.56   69262    3038  338890  1972926  28.49
1905-1909     50-54     0.01129  0.05494  2.56   66223    3639  322239  1634036  24.67
1905-1909     55-59     0.01455  0.07027  2.57   62585    4398  302240  1311797  20.96
1905-1909     60-64     0.02048  0.09770  2.65   58187    5685  277594  1009557  17.35
1905-1909     65-69     0.03162  0.14705  2.62   52502    7721  244131   731963  13.94
1905-1909     70-74     0.04865  0.21768  2.59   44782    9748  200373   487831  10.89
1905-1909     75-79     0.07974  0.33355  2.55   35034   11685  146542   287458   8.21
1905-1909     80-84     0.12539  0.47409  2.43   23348   11069   88279   140917   6.04
1905-1909     85-89     0.20216  0.65302  2.29   12279    8019   39664    52637   4.29
1905-1909     90-94     0.30883  0.80938  2.06    4261    3448   11166    12973   3.04
1905-1909     95-99     0.43903  0.90579  1.76     812     736    1676     1807   2.22
1905-1909    100-104    0.57852  0.95682  1.50      77      73     127      131   1.71
1905-1909    105-109    0.70788  0.97902  1.31       3       3       5        5   1.41
1905-1909    110+       0.80028  1.00000  1.25       0       0       0        0   1.25
1910-1914        0      0.06228  0.05952  0.26  100000    5952   95575  5795954  57.96
1910-1914      1-4      0.00952  0.03714  1.34   94048    3493  366912  5700378  60.61
1910-1914      5-9      0.00329  0.01631  2.33   90555    1477  448832  5333466  58.90
1910-1914     10-14     0.00292  0.01450  2.62   89078    1291  442310  4884634  54.84
1910-1914     15-19     0.00530  0.02620  2.72   87787    2300  433696  4442324  50.60
1910-1914     20-24     0.00715  0.03513  2.51   85486    3004  419957  4008628  46.89
1910-1914     25-29     0.00704  0.03456  2.46   82483    2851  405176  3588671  43.51
1910-1914     30-34     0.00646  0.03180  2.48   79632    2532  391778  3183496  39.98
1910-1914     35-39     0.00705  0.03462  2.53   77100    2669  378895  2791717  36.21
1910-1914     40-44     0.00770  0.03777  2.52   74430    2811  365185  2412823  32.42
1910-1914     45-49     0.00861  0.04217  2.55   71619    3020  350693  2047637  28.59
1910-1914     50-54     0.01089  0.05305  2.55   68599    3639  334068  1696944  24.74
1910-1914     55-59     0.01483  0.07160  2.59   64960    4651  313574  1362876  20.98
1910-1914     60-64     0.02074  0.09883  2.61   60309    5960  287312  1049302  17.40
1910-1914     65-69     0.03085  0.14372  2.62   54349    7811  253150   761990  14.02
1910-1914     70-74     0.04900  0.21921  2.60   46538   10201  208187   508840  10.93
1910-1914     75-79     0.07763  0.32595  2.54   36336   11844  152574   300653   8.27
1910-1914     80-84     0.12594  0.47619  2.44   24492   11663   92608   148080   6.05
1910-1914     85-89     0.19898  0.64561  2.28   12829    8283   41626    55472   4.32
1910-1914     90-94     0.30965  0.81265  2.08    4547    3695   11932    13846   3.05
1910-1914     95-99     0.43447  0.90317  1.77     852     769    1771     1914   2.25
1910-1914    100-104    0.57186  0.95505  1.51      82      79     138      143   1.73
1910-1914    105-109    0.69998  0.97800  1.32       4       4       5        5   1.42
1910-1914    110+       0.79223  1.00000  1.26       0       0       0        0   1.26
1915-1919        0      0.06126  0.05858  0.25  100000    5858   95625  5588946  55.89
1915-1919      1-4      0.00993  0.03870  1.39   94142    3644  367055  5493321  58.35
1915-1919      5-9      0.00349  0.01727  2.33   90499    1563  448324  5126267  56.64
1915-1919     10-14     0.00324  0.01608  2.63   88936    1430  441296  4677943  52.60
1915-1919     15-19     0.00668  0.03293  2.76   87506    2881  431065  4236648  48.42
1915-1919     20-24     0.00948  0.04631  2.53   84624    3919  413425  3805583  44.97
1915-1919     25-29     0.00951  0.04640  2.45   80705    3745  393977  3392158  42.03
1915-1919     30-34     0.00871  0.04262  2.44   76960    3280  376407  2998181  38.96
1915-1919     35-39     0.00820  0.04019  2.51   73680    2961  361014  2621773  35.58
1915-1919     40-44     0.00821  0.04026  2.53   70719    2847  346559  2260760  31.97
1915-1919     45-49     0.00938  0.04586  2.55   67872    3113  331747  1914201  28.20
1915-1919     50-54     0.01131  0.05503  2.56   64759    3564  315100  1582454  24.44
1915-1919     55-59     0.01498  0.07233  2.62   61196    4426  295422  1267355  20.71
1915-1919     60-64     0.02090  0.09950  2.59   56769    5648  270244   971933  17.12
1915-1919     65-69     0.03199  0.14864  2.62   51121    7599  237516   701689  13.73
1915-1919     70-74     0.05028  0.22430  2.60   43523    9762  194165   464174  10.67
1915-1919     75-79     0.08263  0.34301  2.53   33760   11580  140149   270008   8.00
1915-1919     80-84     0.13247  0.49424  2.43   22180   10962   82756   129860   5.85
1915-1919     85-89     0.20875  0.66422  2.26   11218    7451   35692    47103   4.20
1915-1919     90-94     0.31081  0.81181  2.06    3767    3058    9838    11411   3.03
1915-1919     95-99     0.44057  0.90616  1.75     709     642    1458     1573   2.22
1915-1919    100-104    0.57549  0.95583  1.51      67      64     110      115   1.72
1915-1919    105-109    0.70120  0.97810  1.31       3       3       4        4   1.42
1915-1919    110+       0.79201  1.00000  1.26       0       0       0        0   1.26
1920-1924        0      0.04991  0.04803  0.21  100000    4803   96220  6101290  61.01
1920-1924      1-4      0.00685  0.02689  1.32   95197    2560  373924  6005070  63.08
1920-1924      5-9      0.00222  0.01102  2.37   92637    1021  460501  5631147  60.79
1920-1924     10-14     0.00221  0.01100  2.66   91617    1008  455721  5170646  56.44
1920-1924     15-19     0.00473  0.02342  2.78   90609    2122  448333  4714925  52.04
1920-1924     20-24     0.00643  0.03162  2.48   88487    2798  435392  4266592  48.22
1920-1924     25-29     0.00594  0.02926  2.48   85689    2507  422122  3831200  44.71
1920-1924     30-34     0.00571  0.02814  2.48   83182    2341  410003  3409078  40.98
1920-1924     35-39     0.00578  0.02851  2.51   80841    2305  398466  2999075  37.10
1920-1924     40-44     0.00635  0.03127  2.56   78537    2456  386682  2600608  33.11
1920-1924     45-49     0.00773  0.03795  2.56   76080    2888  373366  2213926  29.10
1920-1924     50-54     0.00995  0.04861  2.63   73193    3558  357516  1840560  25.15
1920-1924     55-59     0.01339  0.06489  2.61   69635    4519  337366  1483045  21.30
1920-1924     60-64     0.01990  0.09503  2.63   65116    6188  310915  1145679  17.59
1920-1924     65-69     0.02988  0.13944  2.61   58928    8217  274989   834765  14.17
1920-1924     70-74     0.04765  0.21365  2.58   50711   10834  227387   559776  11.04
1920-1924     75-79     0.07743  0.32523  2.54   39876   12969  167497   332389   8.34
1920-1924     80-84     0.12332  0.46861  2.44   26907   12609  102243   164892   6.13
1920-1924     85-89     0.19692  0.64364  2.31   14298    9203   46735    62649   4.38
1920-1924     90-94     0.29952  0.79663  2.06    5095    4059   13552    15913   3.12
1920-1924     95-99     0.42784  0.89955  1.78    1036     932    2179     2361   2.28
1920-1924    100-104    0.56568  0.95352  1.52     104      99     175      182   1.75
1920-1924    105-109    0.69537  0.97746  1.32       5       5       7        7   1.43
1920-1924    110+       0.78916  1.00000  1.27       0       0       0        0   1.27
1925-1929        0      0.04671  0.04503  0.20  100000    4503   96405  6288694  62.89
1925-1929      1-4      0.00526  0.02075  1.31   95497    1982  376649  6192290  64.84
1925-1929      5-9      0.00169  0.00841  2.38   93515     786  465512  5815641  62.19
1925-1929     10-14     0.00169  0.00842  2.71   92728     781  461858  5350129  57.70
1925-1929     15-19     0.00366  0.01816  2.75   91948    1670  455979  4888271  53.16
1925-1929     20-24     0.00532  0.02626  2.54   90278    2370  445546  4432293  49.10
1925-1929     25-29     0.00533  0.02632  2.47   87907    2314  433686  3986747  45.35
1925-1929     30-34     0.00478  0.02360  2.48   85594    2020  422879  3553061  41.51
1925-1929     35-39     0.00508  0.02508  2.53   83574    2096  412697  3130182  37.45
1925-1929     40-44     0.00596  0.02937  2.58   81478    2393  401593  2717484  33.35
1925-1929     45-49     0.00731  0.03592  2.58   79085    2841  388541  2315892  29.28
1925-1929     50-54     0.00963  0.04707  2.59   76244    3589  372578  1927351  25.28
1925-1929     55-59     0.01325  0.06422  2.63   72656    4666  352206  1554773  21.40
1925-1929     60-64     0.01955  0.09342  2.63   67990    6352  324896  1202567  17.69
1925-1929     65-69     0.02978  0.13909  2.64   61638    8573  287921   877671  14.24
1925-1929     70-74     0.04690  0.21073  2.59   53065   11182  238416   589751  11.11
1925-1929     75-79     0.07576  0.31936  2.54   41883   13376  176550   351335   8.39
1925-1929     80-84     0.12372  0.47002  2.44   28507   13399  108301   174785   6.13
1925-1929     85-89     0.19350  0.63414  2.28   15108    9581   49512    66484   4.40
1925-1929     90-94     0.30677  0.80368  2.04    5528    4442   14481    16972   3.07
1925-1929     95-99     0.42445  0.89741  1.78    1085     974    2294     2491   2.30
1925-1929    100-104    0.55983  0.95180  1.53     111     106     189      197   1.77
1925-1929    105-109    0.68753  0.97635  1.33       5       5       8        8   1.45
1925-1929    110+       0.78050  1.00000  1.28       0       0       0        0   1.28
1930-1934        0      0.04224  0.04083  0.19  100000    4083   96675  6490494  64.90
1930-1934      1-4      0.00438  0.01733  1.34   95917    1662  379250  6393819  66.66
1930-1934      5-9      0.00141  0.00703  2.38   94254     662  469536  6014569  63.81
1930-1934     10-14     0.00137  0.00681  2.59   93592     638  466424  5545034  59.25
1930-1934     15-19     0.00277  0.01376  2.77   92954    1279  461915  5078610  54.64
1930-1934     20-24     0.00405  0.02005  2.56   91675    1838  453899  4616695  50.36
1930-1934     25-29     0.00437  0.02162  2.48   89837    1942  444288  4162796  46.34
1930-1934     30-34     0.00433  0.02141  2.49   87895    1882  434761  3718508  42.31
1930-1934     35-39     0.00447  0.02212  2.52   86014    1903  425350  3283747  38.18
1930-1934     40-44     0.00510  0.02519  2.55   84111    2119  415369  2858397  33.98
1930-1934     45-49     0.00642  0.03159  2.59   81992    2590  403725  2443028  29.80
1930-1934     50-54     0.00877  0.04293  2.60   79402    3409  388836  2039303  25.68
1930-1934     55-59     0.01225  0.05953  2.62   75993    4524  369197  1650466  21.72
1930-1934     60-64     0.01829  0.08765  2.64   71469    6264  342547  1281270  17.93
1930-1934     65-69     0.02861  0.13404  2.65   65205    8740  305455   938722  14.40
1930-1934     70-74     0.04592  0.20697  2.62   56466   11687  254512   633268  11.22
1930-1934     75-79     0.07581  0.31939  2.54   44779   14302  188647   378755   8.46
1930-1934     80-84     0.11907  0.45630  2.44   30477   13907  116799   190109   6.24
1930-1934     85-89     0.19423  0.63624  2.29   16570   10543   54281    73310   4.42
1930-1934     90-94     0.29529  0.78859  2.05    6028    4753   16097    19029   3.16
1930-1934     95-99     0.42330  0.89704  1.79    1274    1143    2700     2932   2.30
1930-1934    100-104    0.56166  0.95249  1.53     131     125     223      231   1.76
1930-1934    105-109    0.69215  0.97706  1.33       6       6       9        9   1.44
1930-1934    110+       0.78661  1.00000  1.27       0       0       0        0   1.27
1935-1939        0      0.03881  0.03761  0.17  100000    3761   96892  6642944  66.43
1935-1939      1-4      0.00378  0.01495  1.34   96239    1439  381122  6546052  68.02
1935-1939      5-9      0.00120  0.00599  2.30   94800     568  472467  6164930  65.03
1935-1939     10-14     0.00114  0.00567  2.60   94232     535  469875  5692463  60.41
1935-1939     15-19     0.00205  0.01022  2.74   93697     957  466318  5222588  55.74
1935-1939     20-24     0.00301  0.01496  2.54   92740    1388  460287  4756270  51.29
1935-1939     25-29     0.00328  0.01628  2.50   91352    1488  453041  4295982  47.03
1935-1939     30-34     0.00348  0.01724  2.51   89865    1549  445464  3842941  42.76
1935-1939     35-39     0.00387  0.01918  2.55   88315    1694  437430  3397477  38.47
1935-1939     40-44     0.00456  0.02257  2.58   86621    1955  428367  2960047  34.17
1935-1939     45-49     0.00590  0.02910  2.62   84667    2464  417468  2531680  29.90
1935-1939     50-54     0.00828  0.04059  2.60   82203    3337  403013  2114212  25.72
1935-1939     55-59     0.01179  0.05736  2.66   78866    4524  383746  1711199  21.70
1935-1939     60-64     0.01803  0.08648  2.64   74342    6429  356525  1327453  17.86
1935-1939     65-69     0.02842  0.13311  2.62   67913    9040  318044   970928  14.30
1935-1939     70-74     0.04628  0.20836  2.61   58873   12267  265056   652884  11.09
1935-1939     75-79     0.07719  0.32494  2.57   46606   15144  196199   387827   8.32
1935-1939     80-84     0.12359  0.46938  2.44   31461   14767  119488   191628   6.09
1935-1939     85-89     0.20023  0.64820  2.28   16694   10821   54042    72140   4.32
1935-1939     90-94     0.30421  0.80004  2.04    5873    4699   15445    18098   3.08
1935-1939     95-99     0.43187  0.90179  1.77    1174    1059    2452     2653   2.26
1935-1939    100-104    0.56966  0.95452  1.52     115     110     193      201   1.74
1935-1939    105-109    0.69845  0.97783  1.32       5       5       7        7   1.43
1935-1939    110+       0.79119  1.00000  1.26       0       0       0        0   1.26
1940-1944        0      0.03643  0.03536  0.17  100000    3536   97048  6585656  65.86
1940-1944      1-4      0.00477  0.01885  1.47   96464    1818  381265  6488608  67.26
1940-1944      5-9      0.00182  0.00907  2.29   94646     859  470907  6107343  64.53
1940-1944     10-14     0.00150  0.00745  2.54   93788     699  467221  5636436  60.10
1940-1944     15-19     0.00254  0.01261  2.81   93089    1174  462878  5169215  55.53
1940-1944     20-24     0.00404  0.02000  2.55   91915    1838  455073  4706337  51.20
1940-1944     25-29     0.00393  0.01944  2.46   90077    1751  445945  4251264  47.20
1940-1944     30-34     0.00383  0.01895  2.49   88326    1673  437425  3805319  43.08
1940-1944     35-39     0.00424  0.02097  2.54   86653    1817  428786  3367894  38.87
1940-1944     40-44     0.00481  0.02378  2.58   84836    2017  419299  2939108  34.64
1940-1944     45-49     0.00609  0.03000  2.58   82818    2484  408074  2519809  30.43
1940-1944     50-54     0.00830  0.04068  2.60   80334    3268  393823  2111735  26.29
1940-1944     55-59     0.01130  0.05504  2.63   77066    4242  375271  1717911  22.29
1940-1944     60-64     0.01680  0.08083  2.66   72825    5886  350335  1342640  18.44
1940-1944     65-69     0.02627  0.12364  2.63   66938    8277  315049   992305  14.82
1940-1944     70-74     0.04224  0.19179  2.61   58662   11251  266377   677256  11.55
1940-1944     75-79     0.07142  0.30400  2.55   47411   14413  201811   410878   8.67
1940-1944     80-84     0.11696  0.45081  2.46   32998   14876  127185   209068   6.34
1940-1944     85-89     0.18826  0.62377  2.30   18122   11304   60045    81882   4.52
1940-1944     90-94     0.29103  0.78675  2.08    6818    5364   18432    21838   3.20
1940-1944     95-99     0.41503  0.89213  1.80    1454    1297    3125     3406   2.34
1940-1944    100-104    0.55290  0.95009  1.55     157     149     270      281   1.79
1940-1944    105-109    0.68441  0.97605  1.34       8       8      11       11   1.46
1940-1944    110+       0.78045  1.00000  1.28       0       0       0        0   1.28
1945-1949        0      0.03039  0.02962  0.14  100000    2962   97464  7007605  70.08
1945-1949      1-4      0.00314  0.01245  1.37   97038    1208  384970  6910142  71.21
1945-1949      5-9      0.00100  0.00497  2.24   95830     477  477836  6525172  68.09
1945-1949     10-14     0.00078  0.00388  2.65   95353     370  475897  6047336  63.42
1945-1949     15-19     0.00142  0.00709  2.77   94984     674  473420  5571438  58.66
1945-1949     20-24     0.00207  0.01032  2.60   94310     973  469212  5098019  54.06
1945-1949     25-29     0.00216  0.01074  2.52   93337    1002  464198  4628807  49.59
1945-1949     30-34     0.00225  0.01121  2.50   92335    1035  459088  4164609  45.10
1945-1949     35-39     0.00253  0.01257  2.60   91300    1148  453740  3705521  40.59
1945-1949     40-44     0.00337  0.01671  2.59   90152    1506  447135  3251781  36.07
1945-1949     45-49     0.00454  0.02245  2.61   88646    1990  438470  2804646  31.64
1945-1949     50-54     0.00642  0.03160  2.63   86656    2739  426780  2366176  27.31
1945-1949     55-59     0.00927  0.04537  2.63   83917    3807  410577  1939396  23.11
1945-1949     60-64     0.01449  0.07005  2.65   80110    5611  387361  1528818  19.08
1945-1949     65-69     0.02362  0.11192  2.66   74499    8338  353011  1141457  15.32
1945-1949     70-74     0.03950  0.18064  2.64   66161   11951  302563   788446  11.92
1945-1949     75-79     0.06651  0.28624  2.57   54209   15517  233314   485883   8.96
1945-1949     80-84     0.11167  0.43568  2.48   38692   16857  150963   252569   6.53
1945-1949     85-89     0.18113  0.60868  2.31   21835   13290   73373   101607   4.65
1945-1949     90-94     0.27983  0.77267  2.10    8545    6602   23593    28234   3.30
1945-1949     95-99     0.40613  0.88679  1.82    1942    1723    4241     4641   2.39
1945-1949    100-104    0.54516  0.94798  1.56     220     208     382      399   1.82
1945-1949    105-109    0.67886  0.97534  1.35      11      11      16       17   1.47
1945-1949    110+       0.77684  1.00000  1.29       0       0       0        0   1.29
1950-1954        0      0.02276  0.02231  0.12  100000    2231   98029  7261992  72.62
1950-1954      1-4      0.00189  0.00753  1.37   97769     736  389138  7163963  73.27
1950-1954      5-9      0.00065  0.00323  2.27   97032     313  484308  6774825  69.82
1950-1954     10-14     0.00049  0.00244  2.53   96719     236  483012  6290516  65.04
1950-1954     15-19     0.00076  0.00381  2.73   96483     367  481580  5807505  60.19
1950-1954     20-24     0.00107  0.00534  2.48   96115     513  479283  5325925  55.41
1950-1954     25-29     0.00117  0.00585  2.55   95602     560  476637  4846642  50.70
1950-1954     30-34     0.00133  0.00664  2.56   95042     631  473670  4370005  45.98
1950-1954     35-39     0.00171  0.00850  2.58   94411     803  470114  3896335  41.27
1950-1954     40-44     0.00238  0.01182  2.69   93608    1107  465488  3426221  36.60
1950-1954     45-49     0.00369  0.01828  2.68   92502    1691  458583  2960733  32.01
1950-1954     50-54     0.00570  0.02815  2.68   90811    2556  448120  2502150  27.55
1950-1954     55-59     0.00882  0.04318  2.64   88255    3811  432263  2054030  23.27
1950-1954     60-64     0.01380  0.06687  2.67   84444    5647  409083  1621767  19.21
1950-1954     65-69     0.02278  0.10809  2.63   78797    8517  373827  1212684  15.39
1950-1954     70-74     0.03899  0.17860  2.65   70280   12552  321944   838858  11.94
1950-1954     75-79     0.06669  0.28725  2.59   57727   16582  248629   516914   8.95
1950-1954     80-84     0.11223  0.43767  2.49   41145   18008  160451   268285   6.52
1950-1954     85-89     0.18201  0.61058  2.31   23137   14127   77619   107834   4.66
1950-1954     90-94     0.27486  0.76672  2.12    9010    6908   25134    30215   3.35
1950-1954     95-99     0.40104  0.88328  1.83    2102    1857    4629     5081   2.42
1950-1954    100-104    0.53758  0.94558  1.57     245     232     432      451   1.84
1950-1954    105-109    0.66997  0.97402  1.36      13      13      19       20   1.49
1950-1954    110+       0.76791  1.00000  1.30       0       0       0        0   1.30
1955-1959        0      0.01921  0.01889  0.11  100000    1889   98319  7346171  73.46
1955-1959      1-4      0.00146  0.00584  1.42   98111     573  390967  7247853  73.87
1955-1959      5-9      0.00052  0.00258  2.26   97539     252  487004  6856885  70.30
1955-1959     10-14     0.00040  0.00199  2.64   97287     194  485977  6369881  65.48
1955-1959     15-19     0.00068  0.00338  2.62   97093     328  484684  5883905  60.60
1955-1959     20-24     0.00086  0.00431  2.58   96765     417  482814  5399221  55.80
1955-1959     25-29     0.00094  0.00467  2.52   96347     450  480622  4916407  51.03
1955-1959     30-34     0.00110  0.00546  2.63   95898     524  478249  4435785  46.26
1955-1959     35-39     0.00145  0.00721  2.62   95374     687  475236  3957536  41.49
1955-1959     40-44     0.00219  0.01092  2.65   94687    1034  471009  3482300  36.78
1955-1959     45-49     0.00337  0.01674  2.72   93653    1568  464694  3011291  32.15
1955-1959     50-54     0.00540  0.02664  2.67   92085    2453  454720  2546597  27.65
1955-1959     55-59     0.00863  0.04230  2.68   89632    3792  439345  2091878  23.34
1955-1959     60-64     0.01399  0.06773  2.65   85840    5814  415556  1652533  19.25
1955-1959     65-69     0.02274  0.10792  2.65   80026    8637  379825  1236977  15.46
1955-1959     70-74     0.03841  0.17596  2.62   71389   12562  327087   857152  12.01
1955-1959     75-79     0.06567  0.28350  2.59   58828   16677  253944   530065   9.01
1955-1959     80-84     0.10997  0.43075  2.49   42150   18156  165095   276121   6.55
1955-1959     85-89     0.18084  0.60863  2.31   23994   14604   80754   111026   4.63
1955-1959     90-94     0.28877  0.78544  2.10    9390    7376   25542    30272   3.22
1955-1959     95-99     0.41379  0.89190  1.81    2015    1797    4343     4730   2.35
1955-1959    100-104    0.55659  0.95141  1.54     218     207     372      388   1.78
1955-1959    105-109    0.69196  0.97717  1.33      11      10      15       15   1.44
1955-1959    110+       0.78958  1.00000  1.27       0       0       0        0   1.27
1960-1964        0      0.01710  0.01684  0.11  100000    1684   98508  7345216  73.45
1960-1964      1-4      0.00122  0.00487  1.48   98316     478  392059  7246708  73.71
1960-1964      5-9      0.00049  0.00244  2.24   97837     239  488527  6854649  70.06
1960-1964     10-14     0.00034  0.00169  2.53   97598     165  487585  6366122  65.23
1960-1964     15-19     0.00066  0.00329  2.69   97434     321  486427  5878537  60.33
1960-1964     20-24     0.00080  0.00397  2.48   97113     386  484591  5392110  55.52
1960-1964     25-29     0.00084  0.00418  2.54   96727     404  482640  4907519  50.74
1960-1964     30-34     0.00105  0.00522  2.61   96323     503  480412  4424879  45.94
1960-1964     35-39     0.00151  0.00751  2.66   95819     720  477413  3944467  41.17
1960-1964     40-44     0.00215  0.01069  2.69   95100    1017  473152  3467054  36.46
1960-1964     45-49     0.00328  0.01626  2.66   94083    1530  466840  2993902  31.82
1960-1964     50-54     0.00534  0.02639  2.70   92553    2443  457146  2527062  27.30
1960-1964     55-59     0.00887  0.04344  2.67   90110    3914  441422  2069915  22.97
1960-1964     60-64     0.01466  0.07089  2.69   86196    6110  416859  1628494  18.89
1960-1964     65-69     0.02403  0.11374  2.66   80086    9109  379088  1211635  15.13
1960-1964     70-74     0.04040  0.18425  2.62   70977   13077  323730   832547  11.73
1960-1964     75-79     0.06838  0.29336  2.58   57900   16985  248407   508817   8.79
1960-1964     80-84     0.11580  0.44803  2.48   40914   18331  158293   260410   6.36
1960-1964     85-89     0.18825  0.62468  2.31   22583   14107   74940   102117   4.52
1960-1964     90-94     0.28956  0.78271  2.07    8476    6634   22912    27177   3.21
1960-1964     95-99     0.42020  0.89551  1.80    1842    1649    3925     4265   2.32
1960-1964    100-104    0.56131  0.95259  1.53     192     183     327      340   1.77
1960-1964    105-109    0.69501  0.97754  1.32       9       9      13       13   1.43
1960-1964    110+       0.79171  1.00000  1.26       0       0       0        0   1.26
1965-1969        0      0.01408  0.01390  0.12  100000    1390   98777  7388268  73.88
1965-1969      1-4      0.00099  0.00394  1.62   98610     389  393514  7289491  73.92
1965-1969      5-9      0.00045  0.00225  2.25   98221     221  490498  6895977  70.21
1965-1969     10-14     0.00034  0.00170  2.75   98000     167  489627  6405480  65.36
1965-1969     15-19     0.00066  0.00332  2.67   97834     324  488413  5915852  60.47
1965-1969     20-24     0.00074  0.00368  2.52   97509     359  486655  5427439  55.66
1965-1969     25-29     0.00079  0.00396  2.53   97150     385  484802  4940784  50.86
1965-1969     30-34     0.00097  0.00485  2.63   96766     469  482716  4455982  46.05
1965-1969     35-39     0.00140  0.00696  2.68   96296     670  479928  3973266  41.26
1965-1969     40-44     0.00222  0.01103  2.72   95626    1055  475723  3493338  36.53
1965-1969     45-49     0.00351  0.01739  2.68   94571    1645  469042  3017615  31.91
1965-1969     50-54     0.00550  0.02715  2.66   92926    2523  458737  2548573  27.43
1965-1969     55-59     0.00887  0.04347  2.68   90403    3930  442882  2089836  23.12
1965-1969     60-64     0.01465  0.07083  2.67   86473    6125  418111  1646954  19.05
1965-1969     65-69     0.02423  0.11463  2.65   80348    9210  380069  1228843  15.29
1965-1969     70-74     0.04007  0.18295  2.63   71138   13015  324794   848774  11.93
1965-1969     75-79     0.06642  0.28597  2.57   58123   16621  250235   523980   9.02
1965-1969     80-84     0.11101  0.43392  2.49   41502   18009  162226   273745   6.60
1965-1969     85-89     0.17650  0.59923  2.32   23493   14078   79762   111519   4.75
1965-1969     90-94     0.27345  0.76290  2.10    9415    7183   26267    31757   3.37
1965-1969     95-99     0.39349  0.87819  1.85    2232    1960    4982     5490   2.46
1965-1969    100-104    0.52915  0.94293  1.59     272     256     485      508   1.87
1965-1969    105-109    0.66228  0.97289  1.37      16      15      23       23   1.50
1965-1969    110+       0.76171  1.00000  1.31       0       0       1        1   1.31
1970-1974        0      0.01141  0.01130  0.13  100000    1130   99012  7435859  74.36
1970-1974      1-4      0.00085  0.00340  1.65   98870     336  394692  7336847  74.21
1970-1974      5-9      0.00042  0.00212  2.27   98534     208  492102  6942156  70.45
1970-1974     10-14     0.00030  0.00150  2.61   98326     147  491276  6450054  65.60
1970-1974     15-19     0.00071  0.00357  2.78   98179     350  490115  5958778  60.69
1970-1974     20-24     0.00076  0.00379  2.48   97829     371  488206  5468662  55.90
1970-1974     25-29     0.00074  0.00369  2.55   97458     360  486406  4980456  51.10
1970-1974     30-34     0.00099  0.00496  2.60   97098     482  484333  4494050  46.28
1970-1974     35-39     0.00142  0.00708  2.64   96616     684  481466  4009718  41.50
1970-1974     40-44     0.00212  0.01054  2.70   95932    1012  477338  3528252  36.78
1970-1974     45-49     0.00347  0.01723  2.70   94921    1636  470849  3050914  32.14
1970-1974     50-54     0.00550  0.02713  2.68   93285    2531  460564  2580065  27.66
1970-1974     55-59     0.00881  0.04319  2.67   90754    3919  444639  2119501  23.35
1970-1974     60-64     0.01406  0.06807  2.67   86834    5911  420424  1674862  19.29
1970-1974     65-69     0.02299  0.10906  2.65   80923    8825  383867  1254438  15.50
1970-1974     70-74     0.03925  0.17952  2.63   72098   12943  329791   870571  12.07
1970-1974     75-79     0.06469  0.27955  2.57   59155   16537  255637   540780   9.14
1970-1974     80-84     0.10791  0.42448  2.49   42618   18091  167638   285143   6.69
1970-1974     85-89     0.17495  0.59662  2.34   24528   14634   83646   117505   4.79
1970-1974     90-94     0.26845  0.75767  2.13    9894    7496   27925    33858   3.42
1970-1974     95-99     0.39063  0.87645  1.86    2398    2101    5379     5934   2.47
1970-1974    100-104    0.52815  0.94275  1.59     296     279     529      554   1.87
1970-1974    105-109    0.66323  0.97309  1.37      17      17      25       25   1.50
1970-1974    110+       0.76378  1.00000  1.31       0       0       1        1   1.31
1975-1979        0      0.00911  0.00904  0.13  100000     904   99214  7521997  75.22
1975-1979      1-4      0.00068  0.00273  1.64   99096     271  395745  7422782  74.90
1975-1979      5-9      0.00032  0.00158  2.25   98825     156  493698  7027037  71.11
1975-1979     10-14     0.00029  0.00143  2.66   98669     141  493014  6533340  66.21
1975-1979     15-19     0.00066  0.00330  2.82   98528     325  491932  6040326  61.31
1975-1979     20-24     0.00075  0.00375  2.43   98203     368  490070  5548394  56.50
1975-1979     25-29     0.00072  0.00359  2.56   97835     351  488317  5058325  51.70
1975-1979     30-34     0.00082  0.00411  2.62   97484     401  486467  4570008  46.88
1975-1979     35-39     0.00124  0.00620  2.68   97083     601  484021  4083541  42.06
1975-1979     40-44     0.00192  0.00958  2.69   96482     924  480270  3599520  37.31
1975-1979     45-49     0.00332  0.01647  2.70   95557    1574  474172  3119250  32.64
1975-1979     50-54     0.00548  0.02703  2.67   93983    2541  464003  2645078  28.14
1975-1979     55-59     0.00856  0.04194  2.64   91442    3835  448158  2181075  23.85
1975-1979     60-64     0.01370  0.06636  2.67   87607    5814  424493  1732917  19.78
1975-1979     65-69     0.02186  0.10398  2.66   81793    8505  389041  1308424  16.00
1975-1979     70-74     0.03592  0.16550  2.63   73288   12129  337680   919383  12.54
1975-1979     75-79     0.06096  0.26570  2.59   61159   16250  266569   581703   9.51
1975-1979     80-84     0.10030  0.40082  2.50   44909   18000  179458   315134   7.02
1975-1979     85-89     0.16280  0.56994  2.37   26909   15336   94202   135676   5.04
1975-1979     90-94     0.25375  0.73658  2.15   11572    8524   33593    41474   3.58
1975-1979     95-99     0.37202  0.86301  1.89    3048    2631    7072     7881   2.59
1975-1979    100-104    0.50890  0.93630  1.62     418     391     768      809   1.94
1975-1979    105-109    0.64641  0.97049  1.39      27      26      40       41   1.54
1975-1979    110+       0.75044  1.00000  1.33       1       1       1        1   1.33
1980-1984        0      0.00800  0.00794  0.13  100000     794   99311  7598171  75.98
1980-1984      1-4      0.00048  0.00194  1.70   99206     192  396381  7498860  75.59
1980-1984      5-9      0.00023  0.00116  2.20   99013     115  494744  7102479  71.73
1980-1984     10-14     0.00022  0.00112  2.84   98898     110  494252  6607735  66.81
1980-1984     15-19     0.00065  0.00326  2.91   98788     322  493265  6113483  61.89
1980-1984     20-24     0.00076  0.00379  2.44   98466     374  491374  5620218  57.08
1980-1984     25-29     0.00068  0.00340  2.55   98092     333  489644  5128844  52.29
1980-1984     30-34     0.00079  0.00395  2.58   97759     387  487859  4639200  47.46
1980-1984     35-39     0.00116  0.00577  2.63   97372     562  485530  4151341  42.63
1980-1984     40-44     0.00183  0.00911  2.75   96810     882  482066  3665812  37.87
1980-1984     45-49     0.00313  0.01551  2.69   95928    1488  476205  3183745  33.19
1980-1984     50-54     0.00510  0.02520  2.67   94440    2380  466656  2707540  28.67
1980-1984     55-59     0.00824  0.04042  2.67   92060    3721  451646  2240883  24.34
1980-1984     60-64     0.01316  0.06385  2.66   88338    5641  428492  1789238  20.25
1980-1984     65-69     0.02101  0.10006  2.63   82698    8275  393903  1360746  16.45
1980-1984     70-74     0.03429  0.15856  2.62   74423   11800  344083   966843  12.99
1980-1984     75-79     0.05610  0.24726  2.60   62622   15484  276026   622760   9.94
1980-1984     80-84     0.09333  0.37891  2.52   47138   17861  191379   346735   7.36
1980-1984     85-89     0.15159  0.54276  2.38   29277   15891  104827   155356   5.31
1980-1984     90-94     0.23817  0.71225  2.18   13387    9535   40033    50529   3.77
1980-1984     95-99     0.35061  0.84564  1.94    3852    3257    9291    10495   2.72
1980-1984    100-104    0.48537  0.92733  1.67     595     551    1136     1205   2.03
1980-1984    105-109    0.62438  0.96664  1.43      43      42      67       69   1.59
1980-1984    110+       0.73155  1.00000  1.37       1       1       2        2   1.37
1985-1989        0      0.00826  0.00820  0.13  100000     820   99289  7622005  76.22
1985-1989      1-4      0.00044  0.00177  1.54   99180     175  396289  7522716  75.85
1985-1989      5-9      0.00021  0.00105  2.29   99005     104  494742  7126427  71.98
1985-1989     10-14     0.00019  0.00095  2.73   98901      94  494291  6631685  67.05
1985-1989     15-19     0.00063  0.00314  2.95   98807     310  493400  6137394  62.12
1985-1989     20-24     0.00076  0.00378  2.54   98497     373  491568  5643994  57.30
1985-1989     25-29     0.00070  0.00347  2.51   98124     340  489774  5152426  52.51
1985-1989     30-34     0.00086  0.00429  2.59   97784     419  487908  4662652  47.68
1985-1989     35-39     0.00115  0.00576  2.66   97365     560  485513  4174744  42.88
1985-1989     40-44     0.00187  0.00929  2.73   96804     900  481976  3689230  38.11
1985-1989     45-49     0.00309  0.01536  2.65   95905    1473  476068  3207254  33.44
1985-1989     50-54     0.00491  0.02428  2.68   94432    2293  466846  2731186  28.92
1985-1989     55-59     0.00798  0.03918  2.67   92138    3610  452284  2264340  24.58
1985-1989     60-64     0.01290  0.06260  2.65   88528    5542  429609  1812056  20.47
1985-1989     65-69     0.02008  0.09590  2.66   82986    7958  396286  1382446  16.66
1985-1989     70-74     0.03336  0.15459  2.64   75028   11598  347712   986160  13.14
1985-1989     75-79     0.05516  0.24345  2.59   63429   15442  279933   638448  10.07
1985-1989     80-84     0.09030  0.36896  2.52   47987   17705  196082   358515   7.47
1985-1989     85-89     0.14906  0.53739  2.40   30282   16273  109170   162432   5.36
1985-1989     90-94     0.23486  0.70664  2.18   14009    9899   42150    53262   3.80
1985-1989     95-99     0.35327  0.84852  1.94    4110    3487    9871    11112   2.70
1985-1989    100-104    0.49346  0.93095  1.66     623     580    1174     1242   1.99
1985-1989    105-109    0.63676  0.96904  1.41      43      42      65       67   1.56
1985-1989    110+       0.74548  1.00000  1.34       1       1       2        2   1.34
1990-1994        0      0.00583  0.00581  0.14  100000     581   99499  7717140  77.17
1990-1994      1-4      0.00038  0.00150  1.43   99419     149  397295  7617641  76.62
1990-1994      5-9      0.00017  0.00083  2.35   99270      83  496131  7220346  72.73
1990-1994     10-14     0.00019  0.00093  2.59   99187      92  495716  6724215  67.79
1990-1994     15-19     0.00052  0.00258  2.96   99096     256  494956  6228499  62.85
1990-1994     20-24     0.00060  0.00300  2.50   98840     297  493457  5733543  58.01
1990-1994     25-29     0.00068  0.00338  2.63   98543     333  491925  5240086  53.18
1990-1994     30-34     0.00085  0.00425  2.62   98210     417  490056  4748161  48.35
1990-1994     35-39     0.00113  0.00562  2.59   97793     550  487638  4258105  43.54
1990-1994     40-44     0.00169  0.00844  2.64   97243     820  484280  3770467  38.77
1990-1994     45-49     0.00272  0.01351  2.67   96423    1302  479083  3286187  34.08
1990-1994     50-54     0.00420  0.02080  2.64   95120    1979  470932  2807104  29.51
1990-1994     55-59     0.00712  0.03503  2.69   93142    3262  458171  2336172  25.08
1990-1994     60-64     0.01176  0.05722  2.69   89879    5143  437507  1878001  20.89
1990-1994     65-69     0.01888  0.09041  2.66   84736    7661  405757  1440494  17.00
1990-1994     70-74     0.03119  0.14524  2.64   77075   11195  358911  1034738  13.43
1990-1994     75-79     0.05195  0.23095  2.60   65880   15215  292900   675827  10.26
1990-1994     80-84     0.08763  0.36033  2.54   50665   18256  208329   382927   7.56
1990-1994     85-89     0.14672  0.53218  2.42   32409   17247  117550   174598   5.39
1990-1994     90-94     0.23803  0.71529  2.21   15161   10845   45561    57048   3.76
1990-1994     95-99     0.35930  0.85422  1.93    4317    3687   10262    11488   2.66
1990-1994    100-104    0.50604  0.93612  1.63     629     589    1164     1225   1.95
1990-1994    105-109    0.65422  0.97214  1.39      40      39      60       61   1.52
1990-1994    110+       0.76452  1.00000  1.31       1       1       1        1   1.31
1995-1999        0      0.00402  0.00400  0.14  100000     400   99656  7821224  78.21
1995-1999      1-4      0.00029  0.00115  1.56   99600     114  398119  7721568  77.53
1995-1999      5-9      0.00014  0.00069  2.27   99485      68  497240  7323449  73.61
1995-1999     10-14     0.00015  0.00074  2.84   99417      73  496927  6826208  68.66
1995-1999     15-19     0.00048  0.00240  2.89   99344     239  496217  6329281  63.71
1995-1999     20-24     0.00062  0.00311  2.58   99105     308  494780  5833065  58.86
1995-1999     25-29     0.00067  0.00335  2.55   98797     331  493173  5338285  54.03
1995-1999     30-34     0.00080  0.00398  2.65   98466     391  491410  4845112  49.21
1995-1999     35-39     0.00103  0.00513  2.65   98075     503  489191  4353702  44.39
1995-1999     40-44     0.00154  0.00770  2.59   97571     751  486049  3864511  39.61
1995-1999     45-49     0.00249  0.01235  2.68   96820    1196  481323  3378461  34.89
1995-1999     50-54     0.00402  0.01990  2.64   95624    1903  473625  2897138  30.30
1995-1999     55-59     0.00615  0.03033  2.70   93721    2842  462062  2423513  25.86
1995-1999     60-64     0.01029  0.05027  2.69   90879    4569  443847  1961451  21.58
1995-1999     65-69     0.01690  0.08129  2.68   86310    7016  415240  1517604  17.58
1995-1999     70-74     0.02819  0.13220  2.65   79294   10482  371786  1102364  13.90
1995-1999     75-79     0.04759  0.21367  2.61   68811   14703  308978   730578  10.62
1995-1999     80-84     0.08199  0.34154  2.56   54108   18480  225389   421599   7.79
1995-1999     85-89     0.14094  0.51778  2.44   35628   18447  130883   196210   5.51
1995-1999     90-94     0.23351  0.70828  2.22   17181   12169   52113    65326   3.80
1995-1999     95-99     0.36262  0.85782  1.93    5012    4299   11857    13213   2.64
1995-1999    100-104    0.51788  0.94086  1.62     713     670    1295     1357   1.90
1995-1999    105-109    0.67348  0.97528  1.36      42      41      61       62   1.48
1995-1999    110+       0.78704  1.00000  1.27       1       1       1        1   1.27
2000-2004        0      0.00354  0.00353  0.14  100000     353   99697  7920327  79.20
2000-2004      1-4      0.00025  0.00099  1.61   99647      99  398350  7820630  78.48
2000-2004      5-9      0.00012  0.00060  2.43   99548      60  497585  7422279  74.56
2000-2004     10-14     0.00013  0.00063  2.80   99488      63  497301  6924694  69.60
2000-2004     15-19     0.00049  0.00244  2.98   99425     242  496635  6427394  64.65
2000-2004     20-24     0.00071  0.00355  2.47   99183     352  495022  5930759  59.80
2000-2004     25-29     0.00073  0.00363  2.50   98831     359  493257  5435737  55.00
2000-2004     30-34     0.00078  0.00387  2.61   98472     381  491447  4942480  50.19
2000-2004     35-39     0.00103  0.00512  2.63   98091     502  489267  4451033  45.38
2000-2004     40-44     0.00142  0.00709  2.66   97589     692  486326  3961766  40.60
2000-2004     45-49     0.00215  0.01070  2.67   96897    1037  482067  3475440  35.87
2000-2004     50-54     0.00355  0.01760  2.73   95860    1687  475468  2993373  31.23
2000-2004     55-59     0.00563  0.02780  2.65   94172    2618  464715  2517905  26.74
2000-2004     60-64     0.00893  0.04376  2.69   91554    4007  448500  2053190  22.43
2000-2004     65-69     0.01471  0.07111  2.67   87547    6226  423240  1604690  18.33
2000-2004     70-74     0.02455  0.11609  2.66   81322    9441  384529  1181450  14.53
2000-2004     75-79     0.04232  0.19239  2.64   71881   13829  326792   796921  11.09
2000-2004     80-84     0.07558  0.31942  2.58   58052   18543  245348   470129   8.10
2000-2004     85-89     0.13325  0.49784  2.46   39509   19669  147613   224781   5.69
2000-2004     90-94     0.22634  0.69663  2.24   19840   13821   61064    77168   3.89
2000-2004     95-99     0.35625  0.85319  1.95    6019    5135   14415    16104   2.68
2000-2004    100-104    0.51550  0.94040  1.62     884     831    1612     1690   1.91
2000-2004    105-109    0.67568  0.97573  1.36      53      51      76       78   1.47
2000-2004    110+       0.79194  1.00000  1.26       1       1       2        2   1.26
2005-2009        0      0.00304  0.00303  0.14  100000     303   99740  8053234  80.53
2005-2009      1-4      0.00017  0.00070  1.60   99697      70  398620  7953494  79.78
2005-2009      5-9      0.00010  0.00051  2.41   99627      51  498004  7554874  75.83
2005-2009     10-14     0.00010  0.00050  2.62   99576      50  497763  7056871  70.87
2005-2009     15-19     0.00036  0.00179  3.02   99526     178  497281  6559108  65.90
2005-2009     20-24     0.00059  0.00295  2.49   99349     293  496008  6061827  61.02
2005-2009     25-29     0.00063  0.00313  2.58   99056     310  494530  5565819  56.19
2005-2009     30-34     0.00063  0.00316  2.62   98746     312  492990  5071289  51.36
2005-2009     35-39     0.00084  0.00419  2.60   98435     413  491183  4578298  46.51
2005-2009     40-44     0.00117  0.00582  2.68   98022     571  488785  4087115  41.70
2005-2009     45-49     0.00194  0.00964  2.70   97451     940  485090  3598330  36.92
2005-2009     50-54     0.00317  0.01573  2.68   96511    1518  479042  3113240  32.26
2005-2009     55-59     0.00491  0.02428  2.69   94994    2307  469648  2634199  27.73
2005-2009     60-64     0.00814  0.03996  2.68   92687    3704  454846  2164551  23.35
2005-2009     65-69     0.01286  0.06243  2.65   88983    5556  431884  1709705  19.21
2005-2009     70-74     0.02101  0.10014  2.68   83428    8355  397740  1277821  15.32
2005-2009     75-79     0.03712  0.17080  2.66   75073   12823  345404   880081  11.72
2005-2009     80-84     0.06718  0.28934  2.60   62250   18011  268093   534677   8.59
2005-2009     85-89     0.12148  0.46477  2.47   44239   20561  169256   266584   6.03
2005-2009     90-94     0.20989  0.66775  2.28   23678   15811   75328    97328   4.11
2005-2009     95-99     0.33836  0.83794  1.99    7867    6592   19482    22001   2.80
2005-2009    100-104    0.49795  0.93438  1.66    1275    1191    2392     2518   1.98
2005-2009    105-109    0.66188  0.97387  1.38      84      81     123      126   1.50
2005-2009    110+       0.78253  1.00000  1.28       2       2       3        3   1.28
2010-2014        0      0.00249  0.00248  0.14  100000     248   99788  8150045  81.50
2010-2014      1-4      0.00013  0.00051  1.55   99752      51  398883  8050258  80.70
2010-2014      5-9      0.00008  0.00039  2.37   99701      39  498404  7651374  76.74
2010-2014     10-14     0.00009  0.00045  2.62   99662      44  498206  7152971  71.77
2010-2014     15-19     0.00030  0.00149  2.95   99618     148  497784  6654765  66.80
2010-2014     20-24     0.00047  0.00233  2.45   99469     232  496755  6156981  61.90
2010-2014     25-29     0.00051  0.00256  2.56   99238     254  495566  5660226  57.04
2010-2014     30-34     0.00059  0.00297  2.55   98983     294  494195  5164660  52.18
2010-2014     35-39     0.00073  0.00365  2.59   98689     360  492578  4670465  47.32
2010-2014     40-44     0.00103  0.00511  2.64   98329     503  490459  4177886  42.49
2010-2014     45-49     0.00168  0.00837  2.71   97826     819  487257  3687427  37.69
2010-2014     50-54     0.00282  0.01403  2.69   97007    1361  481889  3200170  32.99
2010-2014     55-59     0.00455  0.02253  2.66   95646    2155  473196  2718281  28.42
2010-2014     60-64     0.00732  0.03598  2.66   93492    3364  459596  2245086  24.01
2010-2014     65-69     0.01189  0.05784  2.66   90127    5213  438440  1785490  19.81
2010-2014     70-74     0.01903  0.09114  2.68   84914    7739  406593  1347050  15.86
2010-2014     75-79     0.03367  0.15606  2.67   77176   12044  357756   940457  12.19
2010-2014     80-84     0.06176  0.26933  2.63   65132   17542  284057   582701   8.95
2010-2014     85-89     0.11238  0.43905  2.51   47590   20894  185927   298644   6.28
2010-2014     90-94     0.20218  0.65356  2.30   26695   17447   86292   112717   4.22
2010-2014     95-99     0.32966  0.83034  2.01    9248    7679   23295    26425   2.86
2010-2014    100-104    0.49256  0.93273  1.67    1569    1464    2971     3130   1.99
2010-2014    105-109    0.66153  0.97399  1.38     106     103     155      159   1.51
2010-2014    110+       0.78570  1.00000  1.27       3       3       3        3   1.27
2015-2019        0      0.00222  0.00222  0.14  100000     222   99810  8261475  82.61
2015-2019      1-4      0.00011  0.00044  1.65   99778      44  399011  8161664  81.80
2015-2019      5-9      0.00005  0.00025  2.17   99735      25  498603  7762653  77.83
2015-2019     10-14     0.00009  0.00044  2.93   99710      44  498458  7264051  72.85
2015-2019     15-19     0.00023  0.00116  2.97   99666     116  498094  6765593  67.88
2015-2019     20-24     0.00039  0.00196  2.55   99550     195  497274  6267499  62.96
2015-2019     25-29     0.00044  0.00219  2.52   99355     217  496238  5770225  58.08
2015-2019     30-34     0.00051  0.00253  2.58   99138     251  495083  5273987  53.20
2015-2019     35-39     0.00063  0.00317  2.62   98887     313  493692  4778904  48.33
2015-2019     40-44     0.00088  0.00441  2.64   98574     434  491847  4285211  43.47
2015-2019     45-49     0.00137  0.00684  2.69   98140     671  489149  3793365  38.65
2015-2019     50-54     0.00233  0.01159  2.71   97469    1130  484756  3304215  33.90
2015-2019     55-59     0.00388  0.01921  2.69   96339    1851  477411  2819460  29.27
2015-2019     60-64     0.00633  0.03119  2.68   94488    2947  465606  2342048  24.79
2015-2019     65-69     0.01042  0.05086  2.70   91541    4656  446993  1876442  20.50
2015-2019     70-74     0.01718  0.08261  2.67   86886    7178  417701  1429449  16.45
2015-2019     75-79     0.03013  0.14080  2.68   79708   11223  372525  1011748  12.69
2015-2019     80-84     0.05578  0.24657  2.65   68485   16886  302709   639223   9.33
2015-2019     85-89     0.10457  0.41644  2.56   51599   21488  205480   336514   6.52
2015-2019     90-94     0.19345  0.63758  2.33   30111   19198   99240   131034   4.35
2015-2019     95-99     0.32194  0.82326  2.03   10913    8984   27906    31793   2.91
2015-2019    100-104    0.48712  0.93088  1.68    1929    1795    3686     3887   2.02
2015-2019    105-109    0.65942  0.97379  1.38     133     130     197      201   1.51
2015-2019    110+       0.78610  1.00000  1.27       3       3       4        4   1.27
