New Zealand -- Non-Maori, Life tables (period 5x5), Total	Last modified: 26 Sep 2017;  Methods Protocol: v6 (2017)

  Year          Age         mx       qx    ax      lx      dx      Lx       Tx     ex
1901-1904        0      0.08147  0.07711  0.31  100000    7711   94646  5886156  58.86
1901-1904      1-4      0.00650  0.02558  1.43   92289    2361  363097  5791510  62.75
1901-1904      5-9      0.00221  0.01101  2.31   89928     990  446979  5428412  60.36
1901-1904     10-14     0.00174  0.00867  2.60   88938     771  442839  4981433  56.01
1901-1904     15-19     0.00282  0.01401  2.69   88167    1235  437977  4538594  51.48
1901-1904     20-24     0.00382  0.01891  2.57   86932    1644  430661  4100617  47.17
1901-1904     25-29     0.00458  0.02265  2.54   85288    1932  421692  3669956  43.03
1901-1904     30-34     0.00487  0.02407  2.55   83357    2006  411862  3248263  38.97
1901-1904     35-39     0.00631  0.03107  2.58   81351    2527  400646  2836401  34.87
1901-1904     40-44     0.00725  0.03561  2.54   78823    2807  387199  2435755  30.90
1901-1904     45-49     0.00919  0.04496  2.62   76016    3417  371961  2048555  26.95
1901-1904     50-54     0.01343  0.06505  2.60   72599    4723  351650  1676595  23.09
1901-1904     55-59     0.01731  0.08306  2.58   67876    5638  325728  1324945  19.52
1901-1904     60-64     0.02495  0.11775  2.62   62239    7329  293762   999217  16.05
1901-1904     65-69     0.03918  0.17906  2.60   54910    9832  250944   705455  12.85
1901-1904     70-74     0.06187  0.26914  2.59   45078   12132  196094   454511  10.08
1901-1904     75-79     0.09170  0.37580  2.60   32946   12381  135022   258417   7.84
1901-1904     80-84     0.13239  0.49143  2.38   20565   10106   76333   123395   6.00
1901-1904     85-89     0.19333  0.63210  2.26   10459    6611   34194    47061   4.50
1901-1904     90-94     0.27808  0.76718  2.08    3848    2952   10615    12867   3.34
1901-1904     95-99     0.38489  0.87068  1.86     896     780    2026     2252   2.51
1901-1904    100-104    0.50697  0.93451  1.62     116     108     214      226   1.95
1901-1904    105-109    0.63124  0.96734  1.42       8       7      12       12   1.58
1901-1904    110+       0.72795  1.00000  1.37       0       0       0        0   1.37
1905-1909        0      0.07447  0.07078  0.30  100000    7078   95045  6047105  60.47
1905-1909      1-4      0.00549  0.02166  1.37   92922    2013  366390  5952061  64.05
1905-1909      5-9      0.00193  0.00958  2.49   90909     871  452356  5585670  61.44
1905-1909     10-14     0.00164  0.00815  2.50   90038     734  448356  5133315  57.01
1905-1909     15-19     0.00241  0.01201  2.70   89304    1072  444056  4684959  52.46
1905-1909     20-24     0.00352  0.01743  2.59   88232    1538  437458  4240903  48.07
1905-1909     25-29     0.00415  0.02053  2.53   86694    1780  429070  3803445  43.87
1905-1909     30-34     0.00452  0.02237  2.56   84914    1900  419935  3374374  39.74
1905-1909     35-39     0.00565  0.02789  2.56   83014    2315  409422  2954439  35.59
1905-1909     40-44     0.00645  0.03173  2.57   80699    2561  397283  2545017  31.54
1905-1909     45-49     0.00888  0.04345  2.59   78138    3395  382525  2147734  27.49
1905-1909     50-54     0.01137  0.05532  2.60   74743    4135  363779  1765210  23.62
1905-1909     55-59     0.01613  0.07767  2.61   70608    5484  339940  1401431  19.85
1905-1909     60-64     0.02322  0.11003  2.62   65124    7166  308584  1061491  16.30
1905-1909     65-69     0.03765  0.17277  2.62   57958   10014  265965   752907  12.99
1905-1909     70-74     0.05976  0.26109  2.58   47945   12518  209473   486942  10.16
1905-1909     75-79     0.09476  0.38371  2.52   35427   13594  143456   277469   7.83
1905-1909     80-84     0.12764  0.47884  2.39   21833   10455   81909   134012   6.14
1905-1909     85-89     0.18993  0.62461  2.26   11379    7107   37420    52103   4.58
1905-1909     90-94     0.26998  0.75612  2.09    4272    3230   11963    14683   3.44
1905-1909     95-99     0.36975  0.85850  1.88    1042     894    2419     2720   2.61
1905-1909    100-104    0.48161  0.92362  1.66     147     136     283      302   2.05
1905-1909    105-109    0.59449  0.95911  1.47      11      11      18       19   1.67
1905-1909    110+       0.68185  1.00000  1.47       0       0       1        1   1.47
1910-1914        0      0.05958  0.05702  0.25  100000    5702   95707  6189676  61.90
1910-1914      1-4      0.00457  0.01809  1.47   94298    1706  372884  6093969  64.62
1910-1914      5-9      0.00173  0.00862  2.28   92592     798  460791  5721085  61.79
1910-1914     10-14     0.00132  0.00657  2.60   91794     603  457520  5260294  57.31
1910-1914     15-19     0.00233  0.01158  2.69   91191    1056  453509  4802774  52.67
1910-1914     20-24     0.00311  0.01544  2.58   90135    1391  447302  4349264  48.25
1910-1914     25-29     0.00369  0.01828  2.56   88743    1622  439751  3901962  43.97
1910-1914     30-34     0.00435  0.02151  2.58   87121    1874  431065  3462211  39.74
1910-1914     35-39     0.00548  0.02706  2.56   85247    2307  420607  3031146  35.56
1910-1914     40-44     0.00614  0.03027  2.56   82940    2511  408571  2610539  31.47
1910-1914     45-49     0.00819  0.04016  2.61   80430    3230  394436  2201968  27.38
1910-1914     50-54     0.01144  0.05569  2.62   77200    4300  375772  1807532  23.41
1910-1914     55-59     0.01635  0.07865  2.60   72900    5734  350712  1431760  19.64
1910-1914     60-64     0.02314  0.10967  2.63   67166    7366  318404  1081048  16.10
1910-1914     65-69     0.03814  0.17482  2.62   59800   10454  274105   762645  12.75
1910-1914     70-74     0.06130  0.26681  2.57   49346   13166  214774   488540   9.90
1910-1914     75-79     0.09749  0.39212  2.51   36180   14187  145518   273766   7.57
1910-1914     80-84     0.13906  0.51121  2.41   21993   11243   80850   128247   5.83
1910-1914     85-89     0.20118  0.64504  2.22   10750    6934   34467    47397   4.41
1910-1914     90-94     0.27624  0.76298  2.07    3816    2911   10539    12929   3.39
1910-1914     95-99     0.36616  0.85414  1.88     904     773    2110     2390   2.64
1910-1914    100-104    0.46350  0.91420  1.69     132     121     260      280   2.12
1910-1914    105-109    0.56128  0.94987  1.52      11      11      19       20   1.77
1910-1914    110+       0.63810  1.00000  1.57       1       1       1        1   1.57
1915-1919        0      0.04960  0.04773  0.21  100000    4773   96238  6057147  60.57
1915-1919      1-4      0.00523  0.02066  1.61   95227    1968  376202  5960909  62.60
1915-1919      5-9      0.00220  0.01095  2.29   93259    1021  463526  5584707  59.88
1915-1919     10-14     0.00155  0.00770  2.58   92238     711  459470  5121181  55.52
1915-1919     15-19     0.00281  0.01395  2.85   91527    1277  454888  4661711  50.93
1915-1919     20-24     0.00448  0.02215  2.64   90251    1999  446542  4206824  46.61
1915-1919     25-29     0.00599  0.02951  2.52   88252    2604  434809  3760282  42.61
1915-1919     30-34     0.00646  0.03180  2.50   85648    2723  421437  3325473  38.83
1915-1919     35-39     0.00707  0.03477  2.54   82924    2883  407523  2904036  35.02
1915-1919     40-44     0.00730  0.03587  2.51   80041    2871  393050  2496513  31.19
1915-1919     45-49     0.00907  0.04438  2.56   77170    3425  377479  2103463  27.26
1915-1919     50-54     0.01196  0.05812  2.61   73745    4286  358471  1725984  23.40
1915-1919     55-59     0.01620  0.07804  2.65   69459    5421  334577  1367514  19.69
1915-1919     60-64     0.02425  0.11460  2.60   64039    7339  302611  1032937  16.13
1915-1919     65-69     0.03675  0.16914  2.65   56700    9590  260967   730325  12.88
1915-1919     70-74     0.05922  0.25906  2.58   47109   12204  206067   469358   9.96
1915-1919     75-79     0.09764  0.39214  2.49   34905   13688  140187   263292   7.54
1915-1919     80-84     0.13616  0.50419  2.43   21217   10698   78568   123105   5.80
1915-1919     85-89     0.21278  0.66870  2.22   10520    7035   33061    44537   4.23
1915-1919     90-94     0.28360  0.77350  2.06    3485    2696    9506    11476   3.29
1915-1919     95-99     0.38786  0.87259  1.85     789     689    1776     1971   2.50
1915-1919    100-104    0.50995  0.93581  1.62     101      94     185      195   1.94
1915-1919    105-109    0.63821  0.96887  1.41       6       6      10       10   1.56
1915-1919    110+       0.73942  1.00000  1.35       0       0       0        0   1.35
1920-1924        0      0.04735  0.04563  0.20  100000    4563   96367  6357564  63.58
1920-1924      1-4      0.00437  0.01730  1.57   95437    1651  377731  6261197  65.61
1920-1924      5-9      0.00177  0.00881  2.32   93785     827  466706  5883466  62.73
1920-1924     10-14     0.00127  0.00631  2.63   92959     587  463401  5416760  58.27
1920-1924     15-19     0.00198  0.00986  2.69   92372     911  459756  4953359  53.62
1920-1924     20-24     0.00296  0.01471  2.62   91461    1346  454101  4493603  49.13
1920-1924     25-29     0.00347  0.01722  2.54   90115    1552  446758  4039502  44.83
1920-1924     30-34     0.00404  0.01999  2.54   88563    1770  438454  3592744  40.57
1920-1924     35-39     0.00474  0.02342  2.59   86793    2033  429064  3154290  36.34
1920-1924     40-44     0.00566  0.02792  2.61   84760    2367  418137  2725226  32.15
1920-1924     45-49     0.00745  0.03660  2.58   82394    3016  404661  2307089  28.00
1920-1924     50-54     0.01062  0.05181  2.64   79378    4112  387163  1902429  23.97
1920-1924     55-59     0.01456  0.07037  2.63   75265    5296  363755  1515265  20.13
1920-1924     60-64     0.02258  0.10716  2.63   69969    7498  332047  1151511  16.46
1920-1924     65-69     0.03539  0.16294  2.57   62471   10179  287589   819464  13.12
1920-1924     70-74     0.05682  0.24993  2.59   52292   13069  230013   531876  10.17
1920-1924     75-79     0.09308  0.37833  2.53   39223   14839  159421   301863   7.70
1920-1924     80-84     0.13306  0.49588  2.43   24383   12091   90867   142441   5.84
1920-1924     85-89     0.21331  0.67149  2.24   12292    8254   38695    51575   4.20
1920-1924     90-94     0.29453  0.78525  2.03    4038    3171   10766    12880   3.19
1920-1924     95-99     0.39855  0.87975  1.83     867     763    1914     2113   2.44
1920-1924    100-104    0.51722  0.93772  1.60     104      98     189      199   1.91
1920-1924    105-109    0.63450  0.96760  1.41       6       6      10       10   1.57
1920-1924    110+       0.72436  1.00000  1.38       0       0       0        0   1.38
1925-1929        0      0.03874  0.03754  0.17  100000    3754   96897  6510032  65.10
1925-1929      1-4      0.00371  0.01469  1.55   96246    1414  381520  6413136  66.63
1925-1929      5-9      0.00157  0.00780  2.16   94832     739  472062  6031616  63.60
1925-1929     10-14     0.00120  0.00600  2.59   94093     565  469105  5559554  59.09
1925-1929     15-19     0.00177  0.00880  2.73   93528     823  465770  5090450  54.43
1925-1929     20-24     0.00259  0.01289  2.59   92705    1195  460643  4624680  49.89
1925-1929     25-29     0.00291  0.01442  2.53   91510    1320  454290  4164036  45.50
1925-1929     30-34     0.00318  0.01576  2.60   90190    1422  447532  3709746  41.13
1925-1929     35-39     0.00418  0.02067  2.55   88768    1835  439344  3262214  36.75
1925-1929     40-44     0.00492  0.02430  2.54   86933    2112  429467  2822870  32.47
1925-1929     45-49     0.00719  0.03533  2.60   84821    2996  416920  2393403  28.22
1925-1929     50-54     0.00996  0.04862  2.59   81825    3978  399544  1976484  24.16
1925-1929     55-59     0.01427  0.06904  2.66   77846    5374  376676  1576940  20.26
1925-1929     60-64     0.02193  0.10422  2.63   72472    7553  344448  1200264  16.56
1925-1929     65-69     0.03483  0.16071  2.60   64919   10433  299522   855815  13.18
1925-1929     70-74     0.05534  0.24455  2.62   54486   13324  240754   556293  10.21
1925-1929     75-79     0.09223  0.37326  2.45   41162   15364  166575   315539   7.67
1925-1929     80-84     0.13528  0.50385  2.47   25798   12998   96082   148964   5.77
1925-1929     85-89     0.21667  0.67333  2.19   12800    8618   39777    52882   4.13
1925-1929     90-94     0.29927  0.79516  2.05    4181    3325   11110    13105   3.13
1925-1929     95-99     0.41834  0.89276  1.79     856     765    1828     1995   2.33
1925-1929    100-104    0.54299  0.94636  1.56      92      87     160      167   1.82
1925-1929    105-109    0.66259  0.97244  1.37       5       5       7        7   1.50
1925-1929    110+       0.75163  1.00000  1.33       0       0       0        0   1.33
1930-1934        0      0.03284  0.03195  0.15  100000    3195   97292  6676571  66.77
1930-1934      1-4      0.00274  0.01090  1.57   96805    1055  384655  6579279  67.96
1930-1934      5-9      0.00122  0.00610  2.41   95750     584  477237  6194625  64.70
1930-1934     10-14     0.00088  0.00439  2.52   95165     418  474791  5717387  60.08
1930-1934     15-19     0.00166  0.00826  2.72   94748     783  471957  5242597  55.33
1930-1934     20-24     0.00222  0.01105  2.60   93965    1038  467332  4770639  50.77
1930-1934     25-29     0.00261  0.01298  2.57   92927    1207  461700  4303307  46.31
1930-1934     30-34     0.00284  0.01410  2.60   91720    1293  455493  3841607  41.88
1930-1934     35-39     0.00360  0.01784  2.65   90427    1613  448339  3386114  37.45
1930-1934     40-44     0.00440  0.02180  2.62   88814    1936  439471  2937775  33.08
1930-1934     45-49     0.00647  0.03189  2.66   86878    2770  427921  2498304  28.76
1930-1934     50-54     0.00928  0.04539  2.62   84108    3818  411468  2070383  24.62
1930-1934     55-59     0.01320  0.06400  2.62   80290    5138  389245  1658915  20.66
1930-1934     60-64     0.02090  0.09962  2.66   75151    7487  358226  1269670  16.89
1930-1934     65-69     0.03301  0.15288  2.59   67665   10345  313388   911444  13.47
1930-1934     70-74     0.05286  0.23469  2.61   57320   13453  254479   598057  10.43
1930-1934     75-79     0.09033  0.36822  2.49   43867   16153  178828   343578   7.83
1930-1934     80-84     0.12892  0.48426  2.43   27714   13421  104100   164750   5.94
1930-1934     85-89     0.20938  0.66192  2.22   14293    9461   45186    60650   4.24
1930-1934     90-94     0.29130  0.78604  2.07    4832    3798   13039    15464   3.20
1930-1934     95-99     0.41502  0.89128  1.80    1034     922    2220     2424   2.34
1930-1934    100-104    0.54532  0.94753  1.56     112     107     195      204   1.82
1930-1934    105-109    0.67261  0.97430  1.35       6       6       9        9   1.48
1930-1934    110+       0.76834  1.00000  1.30       0       0       0        0   1.30
1935-1939        0      0.03341  0.03249  0.15  100000    3249   97253  6702647  67.03
1935-1939      1-4      0.00258  0.01025  1.54   96751     992  384561  6605394  68.27
1935-1939      5-9      0.00121  0.00605  2.20   95759     579  477175  6220833  64.96
1935-1939     10-14     0.00092  0.00457  2.51   95180     435  474817  5743658  60.35
1935-1939     15-19     0.00143  0.00713  2.76   94745     676  472210  5268841  55.61
1935-1939     20-24     0.00215  0.01067  2.54   94069    1004  467874  4796631  50.99
1935-1939     25-29     0.00229  0.01138  2.53   93065    1059  462709  4328756  46.51
1935-1939     30-34     0.00246  0.01223  2.60   92006    1125  457325  3866047  42.02
1935-1939     35-39     0.00325  0.01613  2.64   90881    1466  450943  3408722  37.51
1935-1939     40-44     0.00445  0.02203  2.60   89415    1970  442351  2957778  33.08
1935-1939     45-49     0.00614  0.03025  2.60   87445    2645  430888  2515427  28.77
1935-1939     50-54     0.00895  0.04383  2.70   84800    3717  415447  2084539  24.58
1935-1939     55-59     0.01403  0.06792  2.67   81084    5507  392580  1669092  20.58
1935-1939     60-64     0.02104  0.10025  2.65   75577    7576  360106  1276513  16.89
1935-1939     65-69     0.03373  0.15613  2.62   68000   10617  314748   916406  13.48
1935-1939     70-74     0.05317  0.23608  2.63   57383   13547  254791   601659  10.48
1935-1939     75-79     0.08717  0.35740  2.48   43836   15667  179726   346868   7.91
1935-1939     80-84     0.13071  0.49015  2.45   28169   13807  105632   167142   5.93
1935-1939     85-89     0.20559  0.65483  2.23   14362    9405   45745    61510   4.28
1935-1939     90-94     0.29516  0.78577  2.02    4957    3895   13197    15765   3.18
1935-1939     95-99     0.40210  0.88209  1.82    1062     937    2330     2568   2.42
1935-1939    100-104    0.52011  0.93854  1.60     125     118     226      238   1.90
1935-1939    105-109    0.63424  0.96737  1.41       8       7      12       12   1.57
1935-1939    110+       0.72069  1.00000  1.39       0       0       0        0   1.39
1940-1944        0      0.03107  0.03027  0.15  100000    3027   97416  6755396  67.55
1940-1944      1-4      0.00225  0.00895  1.55   96973     868  385770  6657980  68.66
1940-1944      5-9      0.00091  0.00456  2.36   96106     438  479372  6272210  65.26
1940-1944     10-14     0.00083  0.00414  2.55   95667     396  477368  5792838  60.55
1940-1944     15-19     0.00123  0.00615  2.65   95271     586  474982  5315470  55.79
1940-1944     20-24     0.00211  0.01049  2.57   94685     993  471015  4840488  51.12
1940-1944     25-29     0.00224  0.01114  2.48   93692    1044  465826  4369473  46.64
1940-1944     30-34     0.00234  0.01165  2.54   92648    1079  460581  3903648  42.13
1940-1944     35-39     0.00278  0.01379  2.58   91569    1262  454792  3443067  37.60
1940-1944     40-44     0.00374  0.01851  2.60   90306    1672  447520  2988274  33.09
1940-1944     45-49     0.00571  0.02817  2.64   88635    2497  437278  2540754  28.67
1940-1944     50-54     0.00884  0.04333  2.72   86138    3732  422195  2103476  24.42
1940-1944     55-59     0.01384  0.06702  2.66   82406    5523  399120  1681281  20.40
1940-1944     60-64     0.02141  0.10198  2.68   76882    7840  366208  1282161  16.68
1940-1944     65-69     0.03481  0.16061  2.60   69042   11089  318584   915953  13.27
1940-1944     70-74     0.05528  0.24444  2.63   57953   14166  256249   597369  10.31
1940-1944     75-79     0.09017  0.36814  2.51   43787   16120  178770   341120   7.79
1940-1944     80-84     0.13192  0.49434  2.47   27667   13677  103674   162350   5.87
1940-1944     85-89     0.21081  0.66490  2.22   13990    9302   44126    58676   4.19
1940-1944     90-94     0.30167  0.79953  2.06    4688    3748   12425    14550   3.10
1940-1944     95-99     0.43180  0.90117  1.77     940     847    1961     2125   2.26
1940-1944    100-104    0.56390  0.95272  1.53      93      88     157      163   1.76
1940-1944    105-109    0.68873  0.97645  1.33       4       4       6        6   1.45
1940-1944    110+       0.78017  1.00000  1.28       0       0       0        0   1.28
1945-1949        0      0.02611  0.02553  0.13  100000    2553   97775  6947122  69.47
1945-1949      1-4      0.00165  0.00659  1.54   97447     642  388210  6849346  70.29
1945-1949      5-9      0.00068  0.00339  2.17   96805     328  483093  6461136  66.74
1945-1949     10-14     0.00064  0.00318  2.59   96476     306  481643  5978044  61.96
1945-1949     15-19     0.00104  0.00517  2.75   96170     497  479732  5496400  57.15
1945-1949     20-24     0.00150  0.00747  2.53   95672     715  476595  5016669  52.44
1945-1949     25-29     0.00160  0.00795  2.60   94957     755  472977  4540074  47.81
1945-1949     30-34     0.00168  0.00837  2.63   94203     788  469144  4067097  43.17
1945-1949     35-39     0.00229  0.01139  2.64   93414    1064  464559  3597953  38.52
1945-1949     40-44     0.00294  0.01461  2.70   92350    1349  458652  3133394  33.93
1945-1949     45-49     0.00530  0.02618  2.72   91001    2383  449574  2674741  29.39
1945-1949     50-54     0.00811  0.03982  2.67   88618    3529  434871  2225167  25.11
1945-1949     55-59     0.01254  0.06097  2.72   85089    5188  413619  1790296  21.04
1945-1949     60-64     0.02018  0.09646  2.71   79902    7707  381840  1376677  17.23
1945-1949     65-69     0.03179  0.14768  2.60   72195   10662  335429   994837  13.78
1945-1949     70-74     0.05184  0.23089  2.63   61533   14207  274033   659408  10.72
1945-1949     75-79     0.08428  0.34973  2.57   47325   16551  196380   385374   8.14
1945-1949     80-84     0.12451  0.47353  2.47   30775   14573  117042   188994   6.14
1945-1949     85-89     0.19838  0.64254  2.26   16202   10410   52477    71952   4.44
1945-1949     90-94     0.27533  0.77021  2.14    5791    4461   16201    19475   3.36
1945-1949     95-99     0.39416  0.87729  1.84    1331    1168    2962     3274   2.46
1945-1949    100-104    0.51698  0.93794  1.60     163     153     296      312   1.91
1945-1949    105-109    0.63813  0.96841  1.40      10      10      15       16   1.56
1945-1949    110+       0.73054  1.00000  1.37       0       0       0        0   1.37
1950-1954        0      0.02199  0.02157  0.11  100000    2157   98089  7069630  70.70
1950-1954      1-4      0.00130  0.00518  1.59   97843     507  390148  6971541  71.25
1950-1954      5-9      0.00052  0.00259  2.36   97336     252  486013  6581393  67.62
1950-1954     10-14     0.00046  0.00230  2.67   97084     223  484898  6095380  62.78
1950-1954     15-19     0.00094  0.00471  2.80   96861     456  483302  5610482  57.92
1950-1954     20-24     0.00124  0.00618  2.44   96405     596  480499  5127179  53.18
1950-1954     25-29     0.00125  0.00622  2.54   95809     596  477581  4646681  48.50
1950-1954     30-34     0.00141  0.00701  2.57   95213     668  474445  4169099  43.79
1950-1954     35-39     0.00190  0.00946  2.67   94546     894  470641  3694655  39.08
1950-1954     40-44     0.00275  0.01366  2.69   93651    1279  465308  3224014  34.43
1950-1954     45-49     0.00472  0.02333  2.70   92372    2155  456910  2758706  29.87
1950-1954     50-54     0.00761  0.03741  2.72   90217    3375  443398  2301796  25.51
1950-1954     55-59     0.01227  0.05967  2.72   86842    5182  422383  1858398  21.40
1950-1954     60-64     0.01939  0.09278  2.67   81660    7577  390682  1436015  17.59
1950-1954     65-69     0.03060  0.14249  2.59   74084   10556  344963  1045333  14.11
1950-1954     70-74     0.04899  0.21957  2.64   63528   13949  284741   700370  11.02
1950-1954     75-79     0.07951  0.33210  2.52   49579   16465  207089   415629   8.38
1950-1954     80-84     0.11903  0.45825  2.49   33114   15175  127481   208541   6.30
1950-1954     85-89     0.19224  0.63120  2.28   17939   11323   58903    81060   4.52
1950-1954     90-94     0.27467  0.76696  2.12    6616    5074   18474    22157   3.35
1950-1954     95-99     0.40638  0.88650  1.82    1542    1367    3363     3683   2.39
1950-1954    100-104    0.54145  0.94665  1.57     175     166     306      320   1.83
1950-1954    105-109    0.67225  0.97430  1.36       9       9      14       14   1.48
1950-1954    110+       0.76896  1.00000  1.30       0       0       0        0   1.30
1955-1959        0      0.02035  0.01999  0.11  100000    1999   98218  7146251  71.46
1955-1959      1-4      0.00115  0.00457  1.55   98001     448  390906  7048033  71.92
1955-1959      5-9      0.00045  0.00222  2.28   97553     217  487175  6657127  68.24
1955-1959     10-14     0.00042  0.00208  2.64   97336     202  486204  6169952  63.39
1955-1959     15-19     0.00082  0.00410  2.81   97134     398  484798  5683748  58.51
1955-1959     20-24     0.00110  0.00546  2.48   96736     529  482349  5198950  53.74
1955-1959     25-29     0.00108  0.00536  2.56   96207     516  479779  4716601  49.03
1955-1959     30-34     0.00123  0.00613  2.54   95691     586  477014  4236822  44.28
1955-1959     35-39     0.00175  0.00869  2.63   95105     826  473564  3759808  39.53
1955-1959     40-44     0.00246  0.01222  2.66   94278    1152  468700  3286245  34.86
1955-1959     45-49     0.00431  0.02135  2.71   93126    1988  461085  2817544  30.26
1955-1959     50-54     0.00698  0.03435  2.71   91138    3131  448530  2356459  25.86
1955-1959     55-59     0.01149  0.05593  2.67   88007    4922  428588  1907929  21.68
1955-1959     60-64     0.01844  0.08847  2.72   83085    7350  398644  1479341  17.81
1955-1959     65-69     0.02964  0.13840  2.61   75735   10482  353669  1080697  14.27
1955-1959     70-74     0.04751  0.21371  2.65   65253   13945  293502   727029  11.14
1955-1959     75-79     0.07914  0.33121  2.54   51308   16994  214723   433527   8.45
1955-1959     80-84     0.11788  0.45467  2.49   34314   15601  132353   218804   6.38
1955-1959     85-89     0.18716  0.61961  2.27   18713   11595   61949    86452   4.62
1955-1959     90-94     0.26623  0.75854  2.16    7118    5399   20281    24503   3.44
1955-1959     95-99     0.39431  0.87819  1.84    1719    1509    3828     4222   2.46
1955-1959    100-104    0.52490  0.94121  1.59     209     197     375      394   1.88
1955-1959    105-109    0.65376  0.97139  1.38      12      12      18       19   1.52
1955-1959    110+       0.75105  1.00000  1.33       0       0       0        0   1.33
1960-1964        0      0.01879  0.01848  0.11  100000    1848   98356  7181648  71.82
1960-1964      1-4      0.00099  0.00396  1.51   98152     389  391638  7083292  72.17
1960-1964      5-9      0.00039  0.00196  2.34   97762     191  488303  6691654  68.45
1960-1964     10-14     0.00036  0.00181  2.61   97571     176  487434  6203352  63.58
1960-1964     15-19     0.00075  0.00373  2.78   97395     364  486166  5715918  58.69
1960-1964     20-24     0.00096  0.00481  2.48   97031     467  483981  5229752  53.90
1960-1964     25-29     0.00089  0.00444  2.55   96565     429  481771  4745770  49.15
1960-1964     30-34     0.00114  0.00567  2.67   96135     545  479408  4263999  44.35
1960-1964     35-39     0.00168  0.00837  2.74   95591     800  476143  3784591  39.59
1960-1964     40-44     0.00248  0.01233  2.70   94791    1169  471263  3308448  34.90
1960-1964     45-49     0.00437  0.02164  2.72   93622    2026  463488  2837185  30.30
1960-1964     50-54     0.00693  0.03411  2.71   91596    3125  450810  2373697  25.91
1960-1964     55-59     0.01156  0.05630  2.70   88471    4981  430879  1922887  21.73
1960-1964     60-64     0.01856  0.08900  2.69   83490    7431  400315  1492008  17.87
1960-1964     65-69     0.02881  0.13480  2.62   76060   10253  355917  1091693  14.35
1960-1964     70-74     0.04656  0.20981  2.65   65807   13807  296525   735776  11.18
1960-1964     75-79     0.07875  0.32960  2.53   52000   17139  217642   439251   8.45
1960-1964     80-84     0.11803  0.45486  2.48   34861   15857  134350   221609   6.36
1960-1964     85-89     0.18867  0.62369  2.28   19004   11853   62822    87259   4.59
1960-1964     90-94     0.26861  0.75718  2.12    7151    5415   20159    24437   3.42
1960-1964     95-99     0.39315  0.87728  1.84    1737    1523    3875     4278   2.46
1960-1964    100-104    0.52263  0.94039  1.60     213     200     383      403   1.89
1960-1964    105-109    0.65085  0.97089  1.39      13      12      19       19   1.53
1960-1964    110+       0.74810  1.00000  1.34       0       0       0        0   1.34
1965-1969        0      0.01697  0.01672  0.11  100000    1672   98519  7177242  71.77
1965-1969      1-4      0.00092  0.00365  1.64   98328     359  392463  7078723  71.99
1965-1969      5-9      0.00039  0.00195  2.33   97969     191  489335  6686260  68.25
1965-1969     10-14     0.00035  0.00173  2.65   97778     169  488493  6196926  63.38
1965-1969     15-19     0.00088  0.00440  2.81   97609     429  487103  5708432  58.48
1965-1969     20-24     0.00101  0.00502  2.37   97180     488  484612  5221329  53.73
1965-1969     25-29     0.00095  0.00476  2.56   96691     460  482335  4736717  48.99
1965-1969     30-34     0.00118  0.00588  2.64   96231     566  479820  4254382  44.21
1965-1969     35-39     0.00166  0.00825  2.70   95665     789  476507  3774561  39.46
1965-1969     40-44     0.00268  0.01331  2.74   94876    1263  471521  3298054  34.76
1965-1969     45-49     0.00458  0.02267  2.71   93613    2122  463200  2826533  30.19
1965-1969     50-54     0.00731  0.03597  2.72   91491    3291  449939  2363333  25.83
1965-1969     55-59     0.01202  0.05848  2.70   88201    5158  429146  1913394  21.69
1965-1969     60-64     0.01918  0.09176  2.66   83043    7620  397359  1484248  17.87
1965-1969     65-69     0.03007  0.14024  2.61   75423   10577  351808  1086889  14.41
1965-1969     70-74     0.04661  0.20974  2.61   64845   13600  291786   735081  11.34
1965-1969     75-79     0.07505  0.31662  2.53   51245   16225  216194   443295   8.65
1965-1969     80-84     0.11353  0.44201  2.50   35020   15479  136337   227101   6.48
1965-1969     85-89     0.18489  0.61643  2.30   19541   12046   65150    90764   4.64
1965-1969     90-94     0.26804  0.75689  2.12    7495    5673   21165    25614   3.42
1965-1969     95-99     0.39662  0.88023  1.84    1822    1604    4044     4449   2.44
1965-1969    100-104    0.53211  0.94389  1.58     218     206     387      405   1.86
1965-1969    105-109    0.66548  0.97340  1.37      12      12      18       18   1.50
1965-1969    110+       0.76531  1.00000  1.31       0       0       0        0   1.31
1970-1974        0      0.01537  0.01516  0.12  100000    1516   98662  7218861  72.19
1970-1974      1-4      0.00085  0.00340  1.57   98484     335  393121  7120200  72.30
1970-1974      5-9      0.00038  0.00189  2.36   98149     186  490253  6727079  68.54
1970-1974     10-14     0.00036  0.00180  2.76   97963     177  489419  6236826  63.67
1970-1974     15-19     0.00105  0.00524  2.89   97786     512  487853  5747407  58.78
1970-1974     20-24     0.00104  0.00517  2.30   97274     503  485011  5259554  54.07
1970-1974     25-29     0.00090  0.00450  2.45   96771     436  482744  4774543  49.34
1970-1974     30-34     0.00109  0.00544  2.57   96335     524  480405  4291799  44.55
1970-1974     35-39     0.00162  0.00805  2.72   95812     771  477300  3811394  39.78
1970-1974     40-44     0.00258  0.01282  2.70   95040    1218  472403  3334094  35.08
1970-1974     45-49     0.00443  0.02193  2.70   93822    2058  464374  2861691  30.50
1970-1974     50-54     0.00703  0.03460  2.70   91764    3175  451514  2397317  26.12
1970-1974     55-59     0.01150  0.05602  2.67   88590    4962  431376  1945803  21.96
1970-1974     60-64     0.01859  0.08911  2.68   83627    7452  400826  1514426  18.11
1970-1974     65-69     0.02925  0.13672  2.61   76175   10415  356004  1113600  14.62
1970-1974     70-74     0.04564  0.20584  2.62   65760   13536  296619   757596  11.52
1970-1974     75-79     0.07268  0.30812  2.53   52224   16091  221403   460977   8.83
1970-1974     80-84     0.11053  0.43333  2.51   36133   15657  141656   239574   6.63
1970-1974     85-89     0.17776  0.60238  2.33   20476   12334   69385    97918   4.78
1970-1974     90-94     0.26042  0.74469  2.13    8141    6063   23281    28533   3.50
1970-1974     95-99     0.38209  0.86986  1.87    2079    1808    4732     5251   2.53
1970-1974    100-104    0.51430  0.93783  1.61     271     254     493      519   1.92
1970-1974    105-109    0.64688  0.97040  1.39      17      16      25       26   1.54
1970-1974    110+       0.74784  1.00000  1.34       0       0       1        1   1.34
1975-1979        0      0.01359  0.01343  0.12  100000    1343   98820  7295026  72.95
1975-1979      1-4      0.00079  0.00316  1.66   98657     312  393901  7196206  72.94
1975-1979      5-9      0.00035  0.00174  2.34   98345     171  491271  6802306  69.17
1975-1979     10-14     0.00034  0.00172  2.68   98174     169  490479  6311035  64.28
1975-1979     15-19     0.00109  0.00542  2.83   98006     531  488876  5820556  59.39
1975-1979     20-24     0.00117  0.00584  2.34   97475     569  485859  5331680  54.70
1975-1979     25-29     0.00097  0.00481  2.53   96905     466  483373  4845821  50.01
1975-1979     30-34     0.00102  0.00506  2.57   96439     488  481010  4362447  45.24
1975-1979     35-39     0.00147  0.00732  2.68   95951     702  478122  3881438  40.45
1975-1979     40-44     0.00247  0.01226  2.73   95249    1168  473591  3403316  35.73
1975-1979     45-49     0.00427  0.02117  2.71   94081    1991  465837  2929725  31.14
1975-1979     50-54     0.00677  0.03331  2.70   92090    3067  453395  2463888  26.76
1975-1979     55-59     0.01068  0.05211  2.70   89022    4639  434424  2010493  22.58
1975-1979     60-64     0.01759  0.08446  2.66   84384    7127  405249  1576069  18.68
1975-1979     65-69     0.02688  0.12636  2.63   77256    9762  363120  1170820  15.16
1975-1979     70-74     0.04446  0.20119  2.64   67494   13579  305448   807701  11.97
1975-1979     75-79     0.06738  0.28921  2.55   53915   15593  231401   502253   9.32
1975-1979     80-84     0.10178  0.40572  2.50   38322   15548  152753   270852   7.07
1975-1979     85-89     0.15874  0.55888  2.35   22774   12728   80179   118099   5.19
1975-1979     90-94     0.23792  0.71034  2.16   10046    7136   29994    37920   3.77
1975-1979     95-99     0.35126  0.84540  1.93    2910    2460    7004     7927   2.72
1975-1979    100-104    0.47939  0.92429  1.68     450     416     867      923   2.05
1975-1979    105-109    0.61206  0.96394  1.45      34      33      54       55   1.63
1975-1979    110+       0.71543  1.00000  1.40       1       1       2        2   1.40
1980-1984        0      0.01123  0.01112  0.13  100000    1112   99028  7404926  74.05
1980-1984      1-4      0.00067  0.00266  1.62   98888     263  394925  7305898  73.88
1980-1984      5-9      0.00030  0.00151  2.33   98625     149  492725  6910973  70.07
1980-1984     10-14     0.00029  0.00145  2.79   98476     143  492063  6418248  65.18
1980-1984     15-19     0.00094  0.00469  2.75   98333     461  490628  5926185  60.27
1980-1984     20-24     0.00122  0.00606  2.38   97872     593  487805  5435558  55.54
1980-1984     25-29     0.00093  0.00465  2.44   97279     452  485238  4947752  50.86
1980-1984     30-34     0.00103  0.00513  2.52   96827     497  482905  4462515  46.09
1980-1984     35-39     0.00125  0.00625  2.66   96330     602  480244  3979610  41.31
1980-1984     40-44     0.00212  0.01054  2.73   95728    1009  476353  3499366  36.56
1980-1984     45-49     0.00358  0.01778  2.73   94719    1684  469770  3023014  31.92
1980-1984     50-54     0.00586  0.02893  2.72   93035    2692  459031  2553243  27.44
1980-1984     55-59     0.01006  0.04915  2.68   90344    4440  441418  2094212  23.18
1980-1984     60-64     0.01580  0.07620  2.65   85903    6546  414154  1652794  19.24
1980-1984     65-69     0.02570  0.12116  2.64   79358    9615  374089  1238641  15.61
1980-1984     70-74     0.04033  0.18393  2.61   69743   12828  318097   864552  12.40
1980-1984     75-79     0.06370  0.27526  2.53   56915   15667  245930   546455   9.60
1980-1984     80-84     0.09869  0.39470  2.46   41248   16281  164969   300525   7.29
1980-1984     85-89     0.14951  0.53581  2.36   24967   13378   89480   135555   5.43
1980-1984     90-94     0.22490  0.68940  2.19   11590    7990   35526    46075   3.98
1980-1984     95-99     0.32366  0.81921  1.99    3600    2949    9111    10549   2.93
1980-1984    100-104    0.44283  0.90662  1.74     651     590    1332     1438   2.21
1980-1984    105-109    0.57070  0.95427  1.51      61      58     102      106   1.74
1980-1984    110+       0.67343  1.00000  1.48       3       3       4        4   1.48
1985-1989        0      0.01045  0.01035  0.13  100000    1035   99097  7454506  74.55
1985-1989      1-4      0.00059  0.00236  1.62   98965     234  395302  7355409  74.32
1985-1989      5-9      0.00030  0.00147  2.26   98731     146  493257  6960106  70.50
1985-1989     10-14     0.00031  0.00157  2.79   98586     155  492586  6466849  65.60
1985-1989     15-19     0.00107  0.00533  2.89   98431     524  491045  5974263  60.70
1985-1989     20-24     0.00129  0.00640  2.44   97906     627  487923  5483219  56.00
1985-1989     25-29     0.00108  0.00537  2.42   97279     523  485047  4995295  51.35
1985-1989     30-34     0.00105  0.00522  2.55   96757     505  482542  4510248  46.61
1985-1989     35-39     0.00129  0.00644  2.58   96251     620  479759  4027706  41.85
1985-1989     40-44     0.00192  0.00955  2.71   95632     913  476063  3547947  37.10
1985-1989     45-49     0.00316  0.01569  2.72   94718    1486  470208  3071885  32.43
1985-1989     50-54     0.00568  0.02804  2.68   93232    2614  460088  2601677  27.91
1985-1989     55-59     0.00898  0.04399  2.68   90618    3986  443839  2141589  23.63
1985-1989     60-64     0.01495  0.07223  2.65   86632    6258  418473  1697750  19.60
1985-1989     65-69     0.02354  0.11145  2.62   80374    8958  380560  1279277  15.92
1985-1989     70-74     0.03807  0.17456  2.63   71417   12466  327485   898717  12.58
1985-1989     75-79     0.06098  0.26517  2.54   58951   15632  256348   571232   9.69
1985-1989     80-84     0.09718  0.39017  2.48   43319   16902  173921   314884   7.27
1985-1989     85-89     0.15195  0.54271  2.37   26417   14337   94351   140964   5.34
1985-1989     90-94     0.23328  0.70584  2.20   12080    8527   36551    46613   3.86
1985-1989     95-99     0.33605  0.83185  1.97    3554    2956    8796    10062   2.83
1985-1989    100-104    0.46321  0.91728  1.71     598     548    1183     1265   2.12
1985-1989    105-109    0.59831  0.96120  1.47      49      48      79       82   1.66
1985-1989    110+       0.70532  1.00000  1.42       2       2       3        3   1.42
1990-1994        0      0.00679  0.00675  0.14  100000     675   99417  7658688  76.59
1990-1994      1-4      0.00047  0.00188  1.63   99325     187  396857  7559271  76.11
1990-1994      5-9      0.00022  0.00109  2.40   99138     108  495409  7162414  72.25
1990-1994     10-14     0.00024  0.00118  2.80   99030     117  494891  6667005  67.32
1990-1994     15-19     0.00087  0.00434  2.92   98912     430  493668  6172114  62.40
1990-1994     20-24     0.00115  0.00573  2.45   98483     565  490976  5678446  57.66
1990-1994     25-29     0.00095  0.00473  2.47   97918     463  488420  5187470  52.98
1990-1994     30-34     0.00094  0.00468  2.51   97455     456  486139  4699050  48.22
1990-1994     35-39     0.00120  0.00600  2.59   96999     582  483593  4212910  43.43
1990-1994     40-44     0.00170  0.00846  2.66   96417     816  480175  3729317  38.68
1990-1994     45-49     0.00262  0.01304  2.71   95602    1247  475156  3249143  33.99
1990-1994     50-54     0.00457  0.02260  2.73   94355    2132  466942  2773986  29.40
1990-1994     55-59     0.00746  0.03668  2.68   92223    3383  453272  2307045  25.02
1990-1994     60-64     0.01236  0.06010  2.70   88840    5339  431904  1853772  20.87
1990-1994     65-69     0.02020  0.09641  2.64   83500    8051  398515  1421869  17.03
1990-1994     70-74     0.03239  0.15044  2.64   75450   11351  350442  1023354  13.56
1990-1994     75-79     0.05173  0.23009  2.60   64099   14748  285079   672912  10.50
1990-1994     80-84     0.08591  0.35424  2.52   49351   17482  203478   387832   7.86
1990-1994     85-89     0.13527  0.50046  2.40   31869   15949  117910   184354   5.78
1990-1994     90-94     0.21050  0.66381  2.22   15920   10568   50204    66444   4.17
1990-1994     95-99     0.31016  0.80616  2.02    5352    4315   13911    16241   3.03
1990-1994    100-104    0.43482  0.90318  1.76    1037     937    2155     2329   2.25
1990-1994    105-109    0.57136  0.95497  1.51     100      96     168      175   1.74
1990-1994    110+       0.68179  1.00000  1.47       5       5       7        7   1.47
1995-1999        0      0.00507  0.00505  0.14  100000     505   99565  7818356  78.18
1995-1999      1-4      0.00033  0.00134  1.64   99495     133  397668  7718791  77.58
1995-1999      5-9      0.00016  0.00082  2.48   99362      81  496608  7321123  73.68
1995-1999     10-14     0.00021  0.00104  2.87   99281     103  496187  6824515  68.74
1995-1999     15-19     0.00077  0.00384  2.78   99178     381  495045  6328328  63.81
1995-1999     20-24     0.00089  0.00445  2.48   98797     439  492880  5833283  59.04
1995-1999     25-29     0.00088  0.00438  2.42   98358     430  490681  5340403  54.30
1995-1999     30-34     0.00085  0.00422  2.60   97928     413  488648  4849722  49.52
1995-1999     35-39     0.00099  0.00495  2.65   97515     483  486437  4361074  44.72
1995-1999     40-44     0.00142  0.00705  2.61   97032     684  483523  3874637  39.93
1995-1999     45-49     0.00221  0.01098  2.68   96347    1057  479282  3391114  35.20
1995-1999     50-54     0.00371  0.01840  2.72   95290    1753  472458  2911832  30.56
1995-1999     55-59     0.00620  0.03059  2.73   93537    2861  461184  2439373  26.08
1995-1999     60-64     0.01040  0.05077  2.70   90676    4604  442767  1978189  21.82
1995-1999     65-69     0.01731  0.08319  2.67   86072    7160  413697  1535422  17.84
1995-1999     70-74     0.02814  0.13189  2.62   78912   10408  369803  1121725  14.21
1995-1999     75-79     0.04595  0.20680  2.59   68504   14167  308331   751922  10.98
1995-1999     80-84     0.07791  0.32720  2.55   54338   17779  228190   443590   8.16
1995-1999     85-89     0.12888  0.48406  2.43   36558   17696  137312   215400   5.89
1995-1999     90-94     0.21110  0.66663  2.24   18862   12574   59562    78088   4.14
1995-1999     95-99     0.31995  0.81774  2.01    6288    5142   16071    18526   2.95
1995-1999    100-104    0.45717  0.91556  1.73    1146    1049    2295     2454   2.14
1995-1999    105-109    0.60460  0.96314  1.46      97      93     154      159   1.64
1995-1999    110+       0.72064  1.00000  1.39       4       4       5        5   1.39
2000-2004        0      0.00470  0.00469  0.14  100000     469   99597  7978773  79.79
2000-2004      1-4      0.00031  0.00123  1.52   99531     122  397822  7879176  79.16
2000-2004      5-9      0.00013  0.00067  2.30   99409      66  496866  7481354  75.26
2000-2004     10-14     0.00016  0.00082  2.97   99343      82  496546  6984488  70.31
2000-2004     15-19     0.00058  0.00290  2.79   99261     288  495667  6487942  65.36
2000-2004     20-24     0.00065  0.00324  2.53   98973     321  494074  5992275  60.54
2000-2004     25-29     0.00067  0.00336  2.55   98652     331  492450  5498201  55.73
2000-2004     30-34     0.00073  0.00363  2.58   98321     357  490742  5005751  50.91
2000-2004     35-39     0.00093  0.00462  2.56   97964     453  488716  4515009  46.09
2000-2004     40-44     0.00123  0.00612  2.62   97511     597  486135  4026293  41.29
2000-2004     45-49     0.00191  0.00949  2.66   96915     920  482425  3540159  36.53
2000-2004     50-54     0.00306  0.01521  2.70   95995    1460  476618  3057734  31.85
2000-2004     55-59     0.00495  0.02446  2.69   94535    2312  467335  2581116  27.30
2000-2004     60-64     0.00829  0.04065  2.69   92222    3749  452435  2113781  22.92
2000-2004     65-69     0.01403  0.06797  2.72   88473    6013  428657  1661346  18.78
2000-2004     70-74     0.02401  0.11364  2.66   82460    9371  390365  1232689  14.95
2000-2004     75-79     0.04015  0.18342  2.64   73089   13406  333860   842325  11.52
2000-2004     80-84     0.06942  0.29734  2.59   59683   17746  255626   508465   8.52
2000-2004     85-89     0.12364  0.47107  2.47   41937   19755  159778   252839   6.03
2000-2004     90-94     0.20594  0.66117  2.29   22181   14666   71214    93061   4.20
2000-2004     95-99     0.32413  0.82324  2.01    7516    6187   19089    21847   2.91
2000-2004    100-104    0.47235  0.92334  1.70    1328    1227    2597     2758   2.08
2000-2004    105-109    0.62904  0.96825  1.43     102      99     157      161   1.58
2000-2004    110+       0.74906  1.00000  1.34       3       3       4        4   1.34
2005-2008        0      0.00439  0.00438  0.14  100000     438   99624  8096162  80.96
2005-2008      1-4      0.00026  0.00106  1.48   99562     105  397984  7996539  80.32
2005-2008      5-9      0.00011  0.00053  2.55   99457      53  497157  7598554  76.40
2005-2008     10-14     0.00014  0.00072  2.76   99404      72  496862  7101398  71.44
2005-2008     15-19     0.00054  0.00270  2.84   99333     269  496082  6604536  66.49
2005-2008     20-24     0.00060  0.00301  2.40   99064     298  494543  6108454  61.66
2005-2008     25-29     0.00056  0.00279  2.45   98766     276  493125  5613911  56.84
2005-2008     30-34     0.00062  0.00310  2.61   98490     305  491722  5120785  51.99
2005-2008     35-39     0.00088  0.00441  2.57   98185     433  489871  4629064  47.15
2005-2008     40-44     0.00118  0.00590  2.61   97752     577  487381  4139193  42.34
2005-2008     45-49     0.00178  0.00887  2.66   97175     862  483861  3651812  37.58
2005-2008     50-54     0.00272  0.01351  2.63   96313    1301  478489  3167951  32.89
2005-2008     55-59     0.00456  0.02254  2.66   95013    2141  470062  2689462  28.31
2005-2008     60-64     0.00705  0.03467  2.69   92871    3220  456904  2219400  23.90
2005-2008     65-69     0.01186  0.05768  2.65   89652    5171  436122  1762496  19.66
2005-2008     70-74     0.02029  0.09692  2.70   84481    8188  403583  1326374  15.70
2005-2008     75-79     0.03530  0.16313  2.68   76293   12446  352626   922791  12.10
2005-2008     80-84     0.06276  0.27289  2.61   63847   17423  277611   570165   8.93
2005-2008     85-89     0.11326  0.44129  2.50   46424   20486  180882   292554   6.30
2005-2008     90-94     0.19796  0.64272  2.27   25937   16671   84212   111672   4.31
2005-2008     95-99     0.31621  0.81630  2.04    9267    7564   23922    27459   2.96
2005-2008    100-104    0.47162  0.92376  1.71    1702    1573    3334     3537   2.08
2005-2008    105-109    0.63643  0.96985  1.42     130     126     198      203   1.56
2005-2008    110+       0.76113  1.00000  1.31       4       4       5        5   1.31
