Portugal, Life tables (period 5x5), Total	Last modified: 11 Aug 2022;  Methods Protocol: v6 (2017)

  Year          Age         mx       qx    ax      lx      dx      Lx       Tx     ex
1940-1944        0      0.14805  0.13426  0.31  100000   13426   90682  5057932  50.58
1940-1944      1-4      0.02478  0.09264  1.18   86574    8020  323666  4967250  57.38
1940-1944      5-9      0.00354  0.01751  2.15   78554    1376  388848  4643585  59.11
1940-1944     10-14     0.00231  0.01150  2.53   77178     888  383700  4254737  55.13
1940-1944     15-19     0.00360  0.01783  2.71   76291    1361  378339  3871036  50.74
1940-1944     20-24     0.00477  0.02357  2.52   74930    1766  370264  3492697  46.61
1940-1944     25-29     0.00489  0.02418  2.51   73164    1769  361413  3122433  42.68
1940-1944     30-34     0.00538  0.02655  2.55   71395    1895  352336  2761021  38.67
1940-1944     35-39     0.00620  0.03054  2.52   69500    2123  342229  2408685  34.66
1940-1944     40-44     0.00726  0.03568  2.57   67377    2404  331038  2066455  30.67
1940-1944     45-49     0.00892  0.04362  2.52   64973    2834  317834  1735418  26.71
1940-1944     50-54     0.01172  0.05698  2.58   62139    3540  302114  1417584  22.81
1940-1944     55-59     0.01615  0.07766  2.53   58598    4551  281738  1115470  19.04
1940-1944     60-64     0.02544  0.11981  2.57   54048    6475  254489   833732  15.43
1940-1944     65-69     0.03900  0.17749  2.47   47572    8444  216485   579242  12.18
1940-1944     70-74     0.06750  0.28856  2.49   39129   11291  167281   362757   9.27
1940-1944     75-79     0.10950  0.42416  2.34   27838   11808  107832   195476   7.02
1940-1944     80-84     0.15301  0.53687  2.22   16030    8606   56244    87644   5.47
1940-1944     85-89     0.21884  0.66475  2.05    7424    4935   22551    31400   4.23
1940-1944     90-94     0.26346  0.72195  1.87    2489    1797    6820     8849   3.56
1940-1944     95-99     0.32871  0.81855  1.93     692     566    1723     2029   2.93
1940-1944    100-104    0.40202  0.87775  1.79     126     110     274      306   2.44
1940-1944    105-109    0.48014  0.92011  1.65      15      14      29       32   2.06
1940-1944    110+       0.54385  1.00000  1.84       1       1       2        2   1.84
1945-1949        0      0.12041  0.11112  0.31  100000   11112   92287  5514399  55.14
1945-1949      1-4      0.01708  0.06518  1.17   88888    5794  339166  5422112  61.00
1945-1949      5-9      0.00249  0.01238  2.19   83094    1029  412577  5082946  61.17
1945-1949     10-14     0.00165  0.00821  2.60   82065     673  408707  4670369  56.91
1945-1949     15-19     0.00285  0.01416  2.78   81392    1153  404397  4261662  52.36
1945-1949     20-24     0.00429  0.02121  2.60   80239    1702  397105  3857265  48.07
1945-1949     25-29     0.00442  0.02183  2.47   78537    1715  388341  3460160  44.06
1945-1949     30-34     0.00454  0.02243  2.54   76823    1723  379873  3071819  39.99
1945-1949     35-39     0.00543  0.02681  2.55   75099    2013  370567  2691947  35.85
1945-1949     40-44     0.00640  0.03153  2.54   73086    2304  359760  2321379  31.76
1945-1949     45-49     0.00818  0.04009  2.59   70782    2838  347070  1961619  27.71
1945-1949     50-54     0.01087  0.05294  2.56   67945    3597  330962  1614549  23.76
1945-1949     55-59     0.01469  0.07092  2.57   64347    4564  310632  1283587  19.95
1945-1949     60-64     0.02240  0.10631  2.61   59784    6356  283705   972955  16.27
1945-1949     65-69     0.03599  0.16537  2.55   53428    8835  245469   689250  12.90
1945-1949     70-74     0.05821  0.25413  2.51   44593   11333  194694   443782   9.95
1945-1949     75-79     0.09812  0.39248  2.45   33260   13054  133044   249087   7.49
1945-1949     80-84     0.14203  0.51386  2.31   20206   10383   73104   116043   5.74
1945-1949     85-89     0.21006  0.65451  2.12    9823    6429   30608    42939   4.37
1945-1949     90-94     0.25207  0.70949  1.92    3394    2408    9552    12331   3.63
1945-1949     95-99     0.34197  0.83233  1.92     986     821    2400     2779   2.82
1945-1949    100-104    0.42735  0.89452  1.75     165     148     346      379   2.30
1945-1949    105-109    0.51723  0.93561  1.59      17      16      32       33   1.92
1945-1949    110+       0.59038  1.00000  1.69       1       1       2        2   1.69
1950-1954        0      0.09900  0.09263  0.31  100000    9263   93570  6005753  60.06
1950-1954      1-4      0.01247  0.04818  1.18   90737    4372  350601  5912184  65.16
1950-1954      5-9      0.00172  0.00858  2.16   86364     741  429716  5561583  64.40
1950-1954     10-14     0.00108  0.00538  2.52   85624     460  426976  5131866  59.94
1950-1954     15-19     0.00165  0.00821  2.73   85163     699  424229  4704891  55.25
1950-1954     20-24     0.00252  0.01250  2.59   84465    1056  419779  4280661  50.68
1950-1954     25-29     0.00278  0.01381  2.52   83408    1152  414188  3860882  46.29
1950-1954     30-34     0.00301  0.01494  2.54   82256    1229  408265  3446694  41.90
1950-1954     35-39     0.00374  0.01853  2.55   81028    1501  401461  3038429  37.50
1950-1954     40-44     0.00474  0.02345  2.60   79526    1865  393164  2636968  33.16
1950-1954     45-49     0.00633  0.03116  2.58   77661    2420  382450  2243804  28.89
1950-1954     50-54     0.00876  0.04292  2.64   75241    3229  368575  1861354  24.74
1950-1954     55-59     0.01284  0.06229  2.60   72012    4486  349275  1492779  20.73
1950-1954     60-64     0.02015  0.09620  2.64   67526    6496  322316  1143505  16.93
1950-1954     65-69     0.03101  0.14419  2.57   61030    8800  283801   821188  13.46
1950-1954     70-74     0.05528  0.24403  2.60   52230   12746  230579   537387  10.29
1950-1954     75-79     0.08989  0.36501  2.43   39484   14412  160325   306808   7.77
1950-1954     80-84     0.13586  0.50188  2.40   25072   12583   92616   146483   5.84
1950-1954     85-89     0.20995  0.66003  2.19   12489    8243   39262    53867   4.31
1950-1954     90-94     0.26686  0.73900  1.98    4246    3138   11758    14605   3.44
1950-1954     95-99     0.37680  0.86320  1.86    1108     957    2539     2848   2.57
1950-1954    100-104    0.48338  0.92395  1.66     152     140     290      309   2.04
1950-1954    105-109    0.59209  0.95843  1.47      12      11      19       19   1.68
1950-1954    110+       0.67827  1.00000  1.47       0       0       1        1   1.47
1955-1959        0      0.09444  0.08863  0.31  100000    8863   93848  6210749  62.11
1955-1959      1-4      0.00984  0.03828  1.17   91137    3489  354667  6116901  67.12
1955-1959      5-9      0.00133  0.00664  2.11   87648     582  436559  5762234  65.74
1955-1959     10-14     0.00079  0.00395  2.53   87066     344  434482  5325675  61.17
1955-1959     15-19     0.00108  0.00541  2.69   86722     469  432525  4891194  56.40
1955-1959     20-24     0.00152  0.00756  2.61   86253     652  429708  4458669  51.69
1955-1959     25-29     0.00191  0.00950  2.55   85601     813  426008  4028961  47.07
1955-1959     30-34     0.00229  0.01139  2.58   84787     966  421598  3602953  42.49
1955-1959     35-39     0.00299  0.01482  2.62   83821    1243  416149  3181355  37.95
1955-1959     40-44     0.00403  0.01998  2.60   82579    1650  408931  2765206  33.49
1955-1959     45-49     0.00564  0.02781  2.63   80929    2251  399321  2356275  29.12
1955-1959     50-54     0.00824  0.04040  2.63   78679    3178  385846  1956954  24.87
1955-1959     55-59     0.01237  0.06007  2.63   75500    4535  366747  1571108  20.81
1955-1959     60-64     0.01929  0.09224  2.63   70965    6546  339336  1204361  16.97
1955-1959     65-69     0.03129  0.14563  2.63   64419    9381  299817   865025  13.43
1955-1959     70-74     0.05251  0.23320  2.60   55038   12835  244423   565208  10.27
1955-1959     75-79     0.09289  0.37729  2.51   42203   15923  171424   320785   7.60
1955-1959     80-84     0.13839  0.50873  2.40   26280   13370   96608   149361   5.68
1955-1959     85-89     0.21799  0.67612  2.19   12911    8729   40044    52753   4.09
1955-1959     90-94     0.30890  0.79912  1.98    4182    3342   10818    12709   3.04
1955-1959     95-99     0.43377  0.90188  1.76     840     758    1746     1892   2.25
1955-1959    100-104    0.56233  0.95211  1.53      82      78     140      145   1.76
1955-1959    105-109    0.68457  0.97581  1.34       4       4       6        6   1.46
1955-1959    110+       0.77488  1.00000  1.29       0       0       0        0   1.29
1960-1964        0      0.08368  0.07909  0.31  100000    7909   94510  6427498  64.27
1960-1964      1-4      0.00723  0.02835  1.21   92091    2611  361072  6332988  68.77
1960-1964      5-9      0.00119  0.00593  2.15   89480     531  445886  5971916  66.74
1960-1964     10-14     0.00069  0.00343  2.48   88949     305  443979  5526030  62.13
1960-1964     15-19     0.00097  0.00482  2.60   88644     427  442194  5082051  57.33
1960-1964     20-24     0.00123  0.00613  2.61   88217     541  439789  4639857  52.60
1960-1964     25-29     0.00158  0.00787  2.63   87676     690  436741  4200068  47.90
1960-1964     30-34     0.00199  0.00990  2.61   86985     861  432866  3763327  43.26
1960-1964     35-39     0.00262  0.01303  2.60   86124    1122  427925  3330461  38.67
1960-1964     40-44     0.00353  0.01750  2.63   85002    1487  421482  2902536  34.15
1960-1964     45-49     0.00502  0.02480  2.65   83515    2071  412709  2481054  29.71
1960-1964     50-54     0.00759  0.03728  2.65   81444    3036  400093  2068345  25.40
1960-1964     55-59     0.01135  0.05526  2.65   78408    4333  381860  1668252  21.28
1960-1964     60-64     0.01820  0.08726  2.66   74075    6464  355239  1286392  17.37
1960-1964     65-69     0.02940  0.13741  2.63   67611    9291  316030   931153  13.77
1960-1964     70-74     0.05096  0.22721  2.62   58321   13251  260008   615123  10.55
1960-1964     75-79     0.08642  0.35599  2.53   45070   16044  185656   355115   7.88
1960-1964     80-84     0.13333  0.49572  2.41   29025   14389  107914   169459   5.84
1960-1964     85-89     0.21197  0.66773  2.23   14637    9773   46107    61545   4.20
1960-1964     90-94     0.29364  0.78538  2.04    4863    3820   13008    15438   3.17
1960-1964     95-99     0.41851  0.89307  1.79    1044     932    2227     2430   2.33
1960-1964    100-104    0.54579  0.94744  1.55     112     106     194      202   1.81
1960-1964    105-109    0.66934  0.97366  1.36       6       6       9        9   1.49
1960-1964    110+       0.76203  1.00000  1.31       0       0       0        0   1.31
1965-1969        0      0.06423  0.06133  0.26  100000    6133   95483  6626345  66.26
1965-1969      1-4      0.00412  0.01630  1.27   93867    1530  371285  6530862  69.58
1965-1969      5-9      0.00088  0.00440  2.19   92337     406  460542  6159577  66.71
1965-1969     10-14     0.00061  0.00307  2.58   91930     282  458967  5699035  61.99
1965-1969     15-19     0.00096  0.00480  2.63   91648     440  457196  5240068  57.18
1965-1969     20-24     0.00116  0.00578  2.52   91208     527  454730  4782872  52.44
1965-1969     25-29     0.00141  0.00704  2.62   90681     638  451883  4328143  47.73
1965-1969     30-34     0.00185  0.00919  2.61   90042     828  448231  3876260  43.05
1965-1969     35-39     0.00254  0.01261  2.64   89215    1125  443422  3428029  38.42
1965-1969     40-44     0.00359  0.01779  2.62   88090    1567  436716  2984606  33.88
1965-1969     45-49     0.00511  0.02525  2.66   86523    2185  427499  2547890  29.45
1965-1969     50-54     0.00780  0.03831  2.65   84338    3231  414114  2120391  25.14
1965-1969     55-59     0.01184  0.05761  2.66   81107    4672  394583  1706277  21.04
1965-1969     60-64     0.01847  0.08847  2.64   76435    6762  366217  1311693  17.16
1965-1969     65-69     0.03055  0.14255  2.66   69673    9932  325091   945477  13.57
1965-1969     70-74     0.05289  0.23480  2.61   59741   14027  265218   620386  10.38
1965-1969     75-79     0.08981  0.36739  2.53   45713   16795  187005   355167   7.77
1965-1969     80-84     0.13455  0.49964  2.42   28919   14449  107384   168162   5.81
1965-1969     85-89     0.21139  0.66822  2.25   14470    9669   45739    60778   4.20
1965-1969     90-94     0.29819  0.78869  2.01    4801    3786   12698    15039   3.13
1965-1969     95-99     0.42251  0.89551  1.78    1014     908    2150     2341   2.31
1965-1969    100-104    0.55079  0.94895  1.55     106     101     183      191   1.80
1965-1969    105-109    0.67480  0.97449  1.35       5       5       8        8   1.48
1965-1969    110+       0.76745  1.00000  1.30       0       0       0        0   1.30
1970-1974        0      0.04905  0.04722  0.21  100000    4722   96268  6818139  68.18
1970-1974      1-4      0.00282  0.01120  1.35   95278    1067  378287  6721870  70.55
1970-1974      5-9      0.00080  0.00401  2.27   94211     377  470024  6343584  67.33
1970-1974     10-14     0.00061  0.00302  2.58   93833     284  468479  5873559  62.60
1970-1974     15-19     0.00097  0.00482  2.74   93549     451  466726  5405081  57.78
1970-1974     20-24     0.00115  0.00575  2.52   93098     536  464162  4938354  53.04
1970-1974     25-29     0.00128  0.00640  2.51   92563     592  461343  4474192  48.34
1970-1974     30-34     0.00162  0.00808  2.61   91971     743  458079  4012849  43.63
1970-1974     35-39     0.00225  0.01119  2.67   91228    1021  453760  3554771  38.97
1970-1974     40-44     0.00328  0.01626  2.65   90207    1467  447589  3101011  34.38
1970-1974     45-49     0.00482  0.02385  2.65   88740    2116  438732  2653422  29.90
1970-1974     50-54     0.00713  0.03506  2.64   86624    3037  425948  2214690  25.57
1970-1974     55-59     0.01083  0.05284  2.67   83587    4416  407632  1788742  21.40
1970-1974     60-64     0.01763  0.08466  2.66   79171    6703  380199  1381110  17.44
1970-1974     65-69     0.02872  0.13460  2.67   72468    9754  339584  1000911  13.81
1970-1974     70-74     0.05064  0.22623  2.65   62714   14188  280173   661327  10.55
1970-1974     75-79     0.08958  0.36651  2.52   48526   17785  198548   381154   7.85
1970-1974     80-84     0.12976  0.48702  2.44   30741   14971  115377   182606   5.94
1970-1974     85-89     0.20708  0.66127  2.27   15769   10428   50357    67229   4.26
1970-1974     90-94     0.29440  0.78550  2.03    5342    4196   14252    16872   3.16
1970-1974     95-99     0.42631  0.89837  1.78    1146    1029    2414     2620   2.29
1970-1974    100-104    0.56139  0.95228  1.53     116     111     198      206   1.77
1970-1974    105-109    0.69019  0.97677  1.33       6       5       8        8   1.44
1970-1974    110+       0.78440  1.00000  1.27       0       0       0        0   1.27
1975-1979        0      0.03232  0.03145  0.15  100000    3145   97328  7013100  70.13
1975-1979      1-4      0.00160  0.00638  1.53   96855     618  385895  6915772  71.40
1975-1979      5-9      0.00065  0.00325  2.29   96237     312  480340  6529878  67.85
1975-1979     10-14     0.00056  0.00278  2.62   95925     267  478988  6049538  63.07
1975-1979     15-19     0.00110  0.00548  2.80   95658     525  477138  5570550  58.23
1975-1979     20-24     0.00140  0.00697  2.48   95133     663  473993  5093411  53.54
1975-1979     25-29     0.00129  0.00642  2.47   94470     606  470818  4619419  48.90
1975-1979     30-34     0.00153  0.00762  2.62   93864     716  467612  4148601  44.20
1975-1979     35-39     0.00216  0.01075  2.64   93148    1001  463381  3680990  39.52
1975-1979     40-44     0.00320  0.01589  2.65   92147    1465  457297  3217609  34.92
1975-1979     45-49     0.00483  0.02386  2.66   90682    2163  448338  2760312  30.44
1975-1979     50-54     0.00710  0.03493  2.65   88519    3092  435317  2311974  26.12
1975-1979     55-59     0.01040  0.05076  2.64   85427    4336  416898  1876657  21.97
1975-1979     60-64     0.01664  0.08009  2.65   81091    6494  390194  1459759  18.00
1975-1979     65-69     0.02697  0.12684  2.66   74596    9462  350805  1069565  14.34
1975-1979     70-74     0.04623  0.20828  2.63   65134   13566  293465   718760  11.04
1975-1979     75-79     0.08100  0.33864  2.58   51568   17463  215602   425294   8.25
1975-1979     80-84     0.12356  0.46979  2.45   34105   16022  129677   209692   6.15
1975-1979     85-89     0.19551  0.63923  2.29   18083   11559   59123    80015   4.42
1975-1979     90-94     0.29042  0.78306  2.06    6524    5108   17590    20892   3.20
1975-1979     95-99     0.41695  0.89314  1.80    1415    1264    3032     3302   2.33
1975-1979    100-104    0.55400  0.95040  1.54     151     144     259      270   1.79
1975-1979    105-109    0.68558  0.97623  1.34       8       7      11       11   1.45
1975-1979    110+       0.78197  1.00000  1.28       0       0       0        0   1.28
1980-1984        0      0.02074  0.02037  0.11  100000    2037   98187  7236003  72.36
1980-1984      1-4      0.00112  0.00447  1.59   97963     438  390796  7137816  72.86
1980-1984      5-9      0.00050  0.00249  2.37   97525     243  486989  6747020  69.18
1980-1984     10-14     0.00048  0.00237  2.65   97282     231  485869  6260031  64.35
1980-1984     15-19     0.00113  0.00564  2.78   97051     547  484043  5774163  59.50
1980-1984     20-24     0.00130  0.00647  2.43   96504     624  480919  5290119  54.82
1980-1984     25-29     0.00127  0.00631  2.53   95880     605  477904  4809201  50.16
1980-1984     30-34     0.00141  0.00703  2.56   95275     670  474744  4331297  45.46
1980-1984     35-39     0.00188  0.00935  2.63   94606     884  470934  3856553  40.76
1980-1984     40-44     0.00283  0.01407  2.65   93722    1318  465506  3385618  36.12
1980-1984     45-49     0.00427  0.02113  2.65   92404    1952  457436  2920112  31.60
1980-1984     50-54     0.00645  0.03178  2.63   90451    2874  445434  2462677  27.23
1980-1984     55-59     0.00954  0.04664  2.65   87577    4085  428291  2017243  23.03
1980-1984     60-64     0.01453  0.07023  2.64   83492    5863  403621  1588952  19.03
1980-1984     65-69     0.02341  0.11095  2.66   77629    8613  367996  1185331  15.27
1980-1984     70-74     0.03975  0.18170  2.64   69016   12540  315461   817335  11.84
1980-1984     75-79     0.06992  0.29906  2.58   56476   16890  241543   501874   8.89
1980-1984     80-84     0.11158  0.43536  2.48   39586   17234  154459   260330   6.58
1980-1984     85-89     0.17901  0.60450  2.31   22352   13511   75478   105871   4.74
1980-1984     90-94     0.26674  0.75335  2.11    8840    6660   24967    30393   3.44
1980-1984     95-99     0.38842  0.87456  1.86    2180    1907    4909     5426   2.49
1980-1984    100-104    0.52286  0.94086  1.60     274     257     492      517   1.89
1980-1984    105-109    0.65636  0.97198  1.38      16      16      24       25   1.52
1980-1984    110+       0.75693  1.00000  1.32       0       0       1        1   1.32
1985-1989        0      0.01467  0.01449  0.12  100000    1449   98724  7392521  73.93
1985-1989      1-4      0.00094  0.00377  1.58   98551     371  393305  7293797  74.01
1985-1989      5-9      0.00040  0.00202  2.34   98180     198  490373  6900492  70.28
1985-1989     10-14     0.00039  0.00195  2.65   97982     191  489460  6410119  65.42
1985-1989     15-19     0.00093  0.00466  2.82   97791     456  487961  5920659  60.54
1985-1989     20-24     0.00120  0.00599  2.48   97335     583  485205  5432697  55.81
1985-1989     25-29     0.00120  0.00600  2.55   96752     580  482340  4947493  51.14
1985-1989     30-34     0.00139  0.00691  2.54   96171     665  479221  4465153  46.43
1985-1989     35-39     0.00173  0.00863  2.62   95506     825  475572  3985932  41.73
1985-1989     40-44     0.00252  0.01251  2.65   94682    1184  470622  3510360  37.08
1985-1989     45-49     0.00387  0.01917  2.69   93498    1793  463347  3039737  32.51
1985-1989     50-54     0.00584  0.02882  2.64   91705    2643  452294  2576390  28.09
1985-1989     55-59     0.00872  0.04273  2.64   89062    3806  436321  2124096  23.85
1985-1989     60-64     0.01334  0.06467  2.65   85256    5513  413315  1687776  19.80
1985-1989     65-69     0.02094  0.09976  2.64   79743    7956  379962  1274461  15.98
1985-1989     70-74     0.03592  0.16553  2.64   71787   11883  330855   894499  12.46
1985-1989     75-79     0.06274  0.27276  2.61   59904   16340  260431   563644   9.41
1985-1989     80-84     0.10165  0.40510  2.49   43565   17648  173613   303214   6.96
1985-1989     85-89     0.16566  0.57550  2.35   25917   14915   90033   129600   5.00
1985-1989     90-94     0.25253  0.73219  2.13   11002    8055   31898    39567   3.60
1985-1989     95-99     0.36933  0.86073  1.90    2946    2536    6866     7668   2.60
1985-1989    100-104    0.50433  0.93455  1.63     410     383     760      802   1.95
1985-1989    105-109    0.64102  0.96955  1.40      27      26      41       42   1.55
1985-1989    110+       0.74519  1.00000  1.34       1       1       1        1   1.34
1990-1994        0      0.00958  0.00950  0.13  100000     950   99173  7477492  74.77
1990-1994      1-4      0.00070  0.00278  1.73   99050     275  395576  7378319  74.49
1990-1994      5-9      0.00037  0.00186  2.38   98775     184  493395  6982743  70.69
1990-1994     10-14     0.00036  0.00182  2.65   98592     179  492539  6489348  65.82
1990-1994     15-19     0.00091  0.00453  2.82   98413     446  491093  5996810  60.94
1990-1994     20-24     0.00121  0.00603  2.51   97967     590  488365  5505717  56.20
1990-1994     25-29     0.00133  0.00663  2.50   97376     646  485271  5017351  51.53
1990-1994     30-34     0.00155  0.00772  2.58   96731     746  481848  4532081  46.85
1990-1994     35-39     0.00190  0.00943  2.60   95984     906  477746  4050233  42.20
1990-1994     40-44     0.00248  0.01234  2.61   95079    1173  472591  3572487  37.57
1990-1994     45-49     0.00357  0.01772  2.63   93905    1664  465586  3099896  33.01
1990-1994     50-54     0.00543  0.02679  2.65   92241    2471  455397  2634310  28.56
1990-1994     55-59     0.00822  0.04034  2.65   89770    3621  440330  2178912  24.27
1990-1994     60-64     0.01261  0.06123  2.66   86149    5275  418409  1738583  20.18
1990-1994     65-69     0.02018  0.09635  2.65   80874    7793  386069  1320174  16.32
1990-1994     70-74     0.03342  0.15490  2.65   73082   11320  338751   934105  12.78
1990-1994     75-79     0.05940  0.25998  2.60   61761   16057  270304   595353   9.64
1990-1994     80-84     0.09732  0.39205  2.52   45704   17918  184119   325049   7.11
1990-1994     85-89     0.16163  0.56667  2.36   27786   15746   97416   140930   5.07
1990-1994     90-94     0.25019  0.72962  2.14   12040    8785   35113    43515   3.61
1990-1994     95-99     0.37248  0.86382  1.90    3255    2812    7550     8401   2.58
1990-1994    100-104    0.51372  0.93834  1.62     443     416     810      851   1.92
1990-1994    105-109    0.65547  0.97213  1.38      27      27      41       42   1.52
1990-1994    110+       0.76179  1.00000  1.31       1       1       1        1   1.31
1995-1999        0      0.00656  0.00653  0.14  100000     653   99436  7587628  75.88
1995-1999      1-4      0.00051  0.00203  1.62   99347     201  396911  7488192  75.37
1995-1999      5-9      0.00028  0.00142  2.32   99146     141  495354  7091281  71.52
1995-1999     10-14     0.00031  0.00154  2.53   99006     152  494652  6595926  66.62
1995-1999     15-19     0.00072  0.00361  2.87   98853     357  493507  6101274  61.72
1995-1999     20-24     0.00114  0.00567  2.58   98496     558  491129  5607766  56.93
1995-1999     25-29     0.00141  0.00701  2.58   97938     686  488025  5116637  52.24
1995-1999     30-34     0.00164  0.00819  2.56   97251     796  484312  4628612  47.59
1995-1999     35-39     0.00198  0.00984  2.55   96455     949  479952  4144300  42.97
1995-1999     40-44     0.00252  0.01252  2.57   95506    1196  474629  3664347  38.37
1995-1999     45-49     0.00340  0.01688  2.62   94310    1592  467762  3189718  33.82
1995-1999     50-54     0.00490  0.02423  2.62   92718    2246  458251  2721956  29.36
1995-1999     55-59     0.00729  0.03585  2.66   90472    3243  444767  2263705  25.02
1995-1999     60-64     0.01130  0.05504  2.65   87229    4801  424841  1818937  20.85
1995-1999     65-69     0.01829  0.08770  2.67   82428    7229  395265  1394097  16.91
1995-1999     70-74     0.03112  0.14504  2.66   75199   10907  350502   998832  13.28
1995-1999     75-79     0.05346  0.23716  2.62   64292   15248  285230   648330  10.08
1995-1999     80-84     0.09038  0.36963  2.54   49044   18128  200575   363100   7.40
1995-1999     85-89     0.15277  0.54641  2.39   30916   16893  110575   162525   5.26
1995-1999     90-94     0.24247  0.71947  2.17   14023   10090   41612    51950   3.70
1995-1999     95-99     0.36462  0.85822  1.92    3934    3376    9259    10338   2.63
1995-1999    100-104    0.50975  0.93732  1.63     558     523    1026     1079   1.93
1995-1999    105-109    0.65654  0.97248  1.38      35      34      52       53   1.52
1995-1999    110+       0.76642  1.00000  1.30       1       1       1        1   1.30
2000-2004        0      0.00475  0.00473  0.14  100000     473   99593  7747263  77.47
2000-2004      1-4      0.00035  0.00141  1.62   99527     140  397772  7647671  76.84
2000-2004      5-9      0.00020  0.00098  2.47   99386      97  496686  7249899  72.95
2000-2004     10-14     0.00022  0.00111  2.71   99289     110  496194  6753213  68.02
2000-2004     15-19     0.00053  0.00266  2.77   99179     264  495308  6257019  63.09
2000-2004     20-24     0.00080  0.00399  2.56   98916     395  493614  5761711  58.25
2000-2004     25-29     0.00100  0.00500  2.61   98521     492  491431  5268097  53.47
2000-2004     30-34     0.00131  0.00654  2.61   98029     641  488613  4776666  48.73
2000-2004     35-39     0.00171  0.00854  2.62   97388     831  484962  4288054  44.03
2000-2004     40-44     0.00241  0.01199  2.66   96557    1158  480075  3803092  39.39
2000-2004     45-49     0.00339  0.01683  2.61   95399    1606  473165  3323017  34.83
2000-2004     50-54     0.00453  0.02240  2.63   93794    2101  463995  2849852  30.38
2000-2004     55-59     0.00645  0.03176  2.65   91692    2912  451629  2385857  26.02
2000-2004     60-64     0.00983  0.04803  2.65   88780    4264  433869  1934228  21.79
2000-2004     65-69     0.01570  0.07570  2.66   84516    6398  407620  1500359  17.75
2000-2004     70-74     0.02706  0.12726  2.67   78118    9942  367449  1092739  13.99
2000-2004     75-79     0.04817  0.21628  2.64   68177   14745  306079   725290  10.64
2000-2004     80-84     0.08079  0.33757  2.57   53432   18037  223248   419211   7.85
2000-2004     85-89     0.14115  0.51739  2.42   35395   18313  129742   195963   5.54
2000-2004     90-94     0.22872  0.69935  2.22   17082   11946   52232    66221   3.88
2000-2004     95-99     0.34982  0.84638  1.95    5136    4347   12426    13989   2.72
2000-2004    100-104    0.49663  0.93276  1.65     789     736    1482     1563   1.98
2000-2004    105-109    0.64722  0.97113  1.40      53      52      80       82   1.54
2000-2004    110+       0.76076  1.00000  1.31       2       2       2        2   1.31
2005-2009        0      0.00341  0.00340  0.14  100000     340   99708  7923256  79.23
2005-2009      1-4      0.00022  0.00087  1.59   99660      86  398431  7823548  78.50
2005-2009      5-9      0.00013  0.00066  2.44   99573      65  497699  7425117  74.57
2005-2009     10-14     0.00015  0.00077  2.66   99508      76  497360  6927418  69.62
2005-2009     15-19     0.00039  0.00193  2.88   99431     192  496751  6430058  64.67
2005-2009     20-24     0.00058  0.00287  2.53   99240     285  495493  5933307  59.79
2005-2009     25-29     0.00064  0.00318  2.61   98955     315  494021  5437814  54.95
2005-2009     30-34     0.00092  0.00458  2.68   98640     452  492150  4943793  50.12
2005-2009     35-39     0.00138  0.00688  2.66   98188     676  489364  4451643  45.34
2005-2009     40-44     0.00206  0.01025  2.66   97513    1000  485221  3962278  40.63
2005-2009     45-49     0.00307  0.01522  2.68   96513    1469  479155  3477057  36.03
2005-2009     50-54     0.00436  0.02155  2.60   95044    2048  470309  2997902  31.54
2005-2009     55-59     0.00593  0.02922  2.62   92995    2717  458517  2527594  27.18
2005-2009     60-64     0.00860  0.04215  2.63   90279    3806  442368  2069077  22.92
2005-2009     65-69     0.01353  0.06555  2.65   86473    5669  419037  1626709  18.81
2005-2009     70-74     0.02251  0.10700  2.68   80804    8646  384003  1207672  14.95
2005-2009     75-79     0.04060  0.18548  2.67   72159   13384  329615   823670  11.41
2005-2009     80-84     0.07138  0.30456  2.59   58775   17901  250791   494054   8.41
2005-2009     85-89     0.12571  0.47704  2.47   40874   19499  155109   243263   5.95
2005-2009     90-94     0.21102  0.66926  2.27   21376   14306   67795    88154   4.12
2005-2009     95-99     0.32780  0.82667  2.00    7070    5844   17829    20359   2.88
2005-2009    100-104    0.47524  0.92447  1.70    1225    1133    2384     2530   2.06
2005-2009    105-109    0.63058  0.96847  1.42      93      90     142      146   1.58
2005-2009    110+       0.74953  1.00000  1.33       3       3       4        4   1.33
2010-2014        0      0.00292  0.00291  0.14  100000     291   99750  8069689  80.70
2010-2014      1-4      0.00017  0.00068  1.71   99709      68  398679  7969939  79.93
2010-2014      5-9      0.00011  0.00053  2.45   99641      53  498068  7571259  75.99
2010-2014     10-14     0.00011  0.00054  2.69   99588      54  497813  7073191  71.02
2010-2014     15-19     0.00025  0.00125  2.82   99534     125  497395  6575378  66.06
2010-2014     20-24     0.00041  0.00205  2.59   99409     204  496552  6077983  61.14
2010-2014     25-29     0.00047  0.00235  2.52   99205     234  495445  5581431  56.26
2010-2014     30-34     0.00064  0.00320  2.65   98971     317  494112  5085985  51.39
2010-2014     35-39     0.00100  0.00498  2.68   98654     491  492133  4591874  46.55
2010-2014     40-44     0.00167  0.00834  2.70   98163     819  488931  4099741  41.76
2010-2014     45-49     0.00265  0.01318  2.66   97345    1283  483718  3610811  37.09
2010-2014     50-54     0.00405  0.02005  2.65   96062    1926  475790  3127093  32.55
2010-2014     55-59     0.00567  0.02799  2.60   94136    2635  464360  2651303  28.16
2010-2014     60-64     0.00789  0.03871  2.64   91501    3542  449134  2186943  23.90
2010-2014     65-69     0.01187  0.05777  2.66   87959    5081  427890  1737809  19.76
2010-2014     70-74     0.01938  0.09269  2.67   82878    7682  396485  1309919  15.81
2010-2014     75-79     0.03415  0.15812  2.66   75196   11890  348195   913433  12.15
2010-2014     80-84     0.06326  0.27492  2.62   63307   17404  275100   565238   8.93
2010-2014     85-89     0.11448  0.44505  2.50   45902   20429  178446   290138   6.32
2010-2014     90-94     0.19364  0.63625  2.31   25474   16208   83702   111692   4.38
2010-2014     95-99     0.30968  0.80857  2.05    9266    7492   24194    27990   3.02
2010-2014    100-104    0.45701  0.91653  1.73    1774    1626    3557     3796   2.14
2010-2014    105-109    0.61547  0.96580  1.45     148     143     232      239   1.62
2010-2014    110+       0.73842  1.00000  1.35       5       5       7        7   1.35
2015-2019        0      0.00300  0.00300  0.14  100000     300   99743  8153304  81.53
2015-2019      1-4      0.00017  0.00066  1.66   99700      66  398647  8053561  80.78
2015-2019      5-9      0.00008  0.00040  2.40   99634      40  498067  7654914  76.83
2015-2019     10-14     0.00009  0.00046  2.55   99594      46  497857  7156847  71.86
2015-2019     15-19     0.00022  0.00108  2.86   99548     107  497510  6658989  66.89
2015-2019     20-24     0.00033  0.00167  2.53   99441     166  496794  6161479  61.96
2015-2019     25-29     0.00040  0.00201  2.64   99275     200  495902  5664685  57.06
2015-2019     30-34     0.00051  0.00257  2.64   99075     254  494773  5168783  52.17
2015-2019     35-39     0.00076  0.00379  2.69   98820     374  493238  4674010  47.30
2015-2019     40-44     0.00133  0.00661  2.70   98446     651  490732  4180772  42.47
2015-2019     45-49     0.00226  0.01126  2.71   97795    1101  486457  3690040  37.73
2015-2019     50-54     0.00364  0.01806  2.66   96694    1746  479378  3203584  33.13
2015-2019     55-59     0.00539  0.02659  2.64   94948    2525  468774  2724206  28.69
2015-2019     60-64     0.00788  0.03869  2.61   92423    3576  453568  2255432  24.40
2015-2019     65-69     0.01126  0.05485  2.65   88847    4873  432787  1801864  20.28
2015-2019     70-74     0.01786  0.08573  2.66   83974    7199  403057  1369077  16.30
2015-2019     75-79     0.03104  0.14482  2.69   76774   11118  358146   966020  12.58
2015-2019     80-84     0.05780  0.25438  2.64   65656   16702  288938   607874   9.26
2015-2019     85-89     0.10801  0.42568  2.51   48954   20839  192929   318936   6.51
2015-2019     90-94     0.18740  0.62365  2.32   28116   17534   93566   126007   4.48
2015-2019     95-99     0.30375  0.80285  2.06   10581    8495   27967    32441   3.07
2015-2019    100-104    0.45582  0.91653  1.74    2086    1912    4194     4474   2.14
2015-2019    105-109    0.62034  0.96699  1.44     174     168     271      279   1.60
2015-2019    110+       0.74730  1.00000  1.34       6       6       8        8   1.34
2020-2021        0      0.00237  0.00236  0.14  100000     236   99798  8122921  81.23
2020-2021      1-4      0.00015  0.00061  1.66   99764      61  398913  8023123  80.42
2020-2021      5-9      0.00009  0.00044  2.39   99703      43  498402  7624210  76.47
2020-2021     10-14     0.00009  0.00044  2.62   99660      44  498194  7125808  71.50
2020-2021     15-19     0.00022  0.00112  2.84   99616     112  497836  6627615  66.53
2020-2021     20-24     0.00034  0.00171  2.56   99504     170  497104  6129778  61.60
2020-2021     25-29     0.00042  0.00208  2.56   99334     207  496165  5632674  56.70
2020-2021     30-34     0.00058  0.00291  2.65   99127     289  494956  5136509  51.82
2020-2021     35-39     0.00079  0.00393  2.69   98838     389  493295  4641553  46.96
2020-2021     40-44     0.00126  0.00628  2.66   98450     618  490801  4148258  42.14
2020-2021     45-49     0.00219  0.01092  2.74   97831    1068  486746  3657457  37.39
2020-2021     50-54     0.00364  0.01807  2.69   96763    1748  479777  3170711  32.77
2020-2021     55-59     0.00549  0.02709  2.65   95015    2574  469023  2690934  28.32
2020-2021     60-64     0.00840  0.04120  2.64   92441    3808  453201  2221911  24.04
2020-2021     65-69     0.01207  0.05865  2.61   88633    5198  430731  1768710  19.96
2020-2021     70-74     0.01848  0.08858  2.66   83434    7390  399872  1337979  16.04
2020-2021     75-79     0.03211  0.14937  2.67   76044   11359  353741   938107  12.34
2020-2021     80-84     0.05985  0.26218  2.64   64685   16959  283347   584366   9.03
2020-2021     85-89     0.11275  0.44138  2.54   47726   21065  186826   301019   6.31
2020-2021     90-94     0.19917  0.64713  2.29   26661   17253   86624   114193   4.28
2020-2021     95-99     0.32033  0.82064  2.03    9408    7721   24102    27569   2.93
2020-2021    100-104    0.47728  0.92622  1.70    1687    1563    3275     3468   2.05
2020-2021    105-109    0.64251  0.97090  1.41     124     121     188      193   1.55
2020-2021    110+       0.76689  1.00000  1.30       4       4       5        5   1.30
